0 -0
0.01 -0.0099
0.02 -0.0196
0.03 -0.0291
0.04 -0.0384
0.05 -0.0475
0.06 -0.0564
0.07 -0.0651
0.08 -0.0736
0.09 -0.0819
0.1 -0.09
0.11 -0.0979
0.12 -0.1056
0.13 -0.1131
0.14 -0.1204
0.15 -0.1275
0.16 -0.1344
0.17 -0.1411
0.18 -0.1476
0.19 -0.1539
0.2 -0.16
0.21 -0.1659
0.22 -0.1716
0.23 -0.1771
0.24 -0.1824
0.25 -0.1875
0.26 -0.1924
0.27 -0.1971
0.28 -0.2016
0.29 -0.2059
0.3 -0.21
0.31 -0.2139
0.32 -0.2176
0.33 -0.2211
0.34 -0.2244
0.35 -0.2275
0.36 -0.2304
0.37 -0.2331
0.38 -0.2356
0.39 -0.2379
0.4 -0.24
0.41 -0.2419
0.42 -0.2436
0.43 -0.2451
0.44 -0.2464
0.45 -0.2475
0.46 -0.2484
0.47 -0.2491
0.48 -0.2496
0.49 -0.2499
0.5 -0.25
0.51 -0.2499
0.52 -0.2496
0.53 -0.2491
0.54 -0.2484
0.55 -0.2475
0.56 -0.2464
0.57 -0.2451
0.58 -0.2436
0.59 -0.2419
0.6 -0.24
0.61 -0.2379
0.62 -0.2356
0.63 -0.2331
0.64 -0.2304
0.65 -0.2275
0.66 -0.2244
0.67 -0.2211
0.68 -0.2176
0.69 -0.2139
0.7 -0.21
0.71 -0.2059
0.72 -0.2016
0.73 -0.1971
0.74 -0.1924
0.75 -0.1875
0.76 -0.1824
0.77 -0.1771
0.78 -0.1716
0.79 -0.1659
0.8 -0.16
0.81 -0.1539
0.82 -0.1476
0.83 -0.1411
0.84 -0.1344
0.85 -0.1275
0.86 -0.1204
0.87 -0.1131
0.88 -0.1056
0.89 -0.0979
0.9 -0.09
0.91 -0.0819
0.92 -0.0736
0.93 -0.0651
0.94 -0.0564
0.95 -0.0475
0.96 -0.0384
0.97 -0.0291
0.98 -0.0196
0.99 -0.0099
1 0


0 -0
0.01 -0.00886743
0.02 -0.0176236
0.03 -0.0262631
0.04 -0.0347805
0.05 -0.0431705
0.06 -0.0514281
0.07 -0.0595482
0.08 -0.0675262
0.09 -0.0753574
0.1 -0.0830376
0.11 -0.0905625
0.12 -0.0979283
0.13 -0.105131
0.14 -0.112168
0.15 -0.119035
0.16 -0.12573
0.17 -0.13225
0.18 -0.138591
0.19 -0.144753
0.2 -0.150732
0.21 -0.156527
0.22 -0.162135
0.23 -0.167556
0.24 -0.172788
0.25 -0.177829
0.26 -0.182679
0.27 -0.187335
0.28 -0.191798
0.29 -0.196067
0.3 -0.20014
0.31 -0.204017
0.32 -0.207698
0.33 -0.211181
0.34 -0.214468
0.35 -0.217556
0.36 -0.220446
0.37 -0.223138
0.38 -0.225632
0.39 -0.227926
0.4 -0.230021
0.41 -0.231917
0.42 -0.233614
0.43 -0.235112
0.44 -0.236409
0.45 -0.237508
0.46 -0.238406
0.47 -0.239105
0.48 -0.239604
0.49 -0.239903
0.5 -0.240003
0.51 -0.239902
0.52 -0.239602
0.53 -0.239101
0.54 -0.238401
0.55 -0.237501
0.56 -0.236401
0.57 -0.235101
0.58 -0.233601
0.59 -0.231901
0.6 -0.230002
0.61 -0.227903
0.62 -0.225603
0.63 -0.223105
0.64 -0.220406
0.65 -0.217509
0.66 -0.214412
0.67 -0.211116
0.68 -0.207622
0.69 -0.203929
0.7 -0.200038
0.71 -0.19595
0.72 -0.191665
0.73 -0.187184
0.74 -0.182508
0.75 -0.177637
0.76 -0.172573
0.77 -0.167318
0.78 -0.161873
0.79 -0.156239
0.8 -0.150418
0.81 -0.144413
0.82 -0.138226
0.83 -0.13186
0.84 -0.125318
0.85 -0.118602
0.86 -0.111717
0.87 -0.104666
0.88 -0.0974531
0.89 -0.0900822
0.9 -0.0825581
0.91 -0.0748854
0.92 -0.0670689
0.93 -0.0591138
0.94 -0.0510252
0.95 -0.0428087
0.96 -0.0344696
0.97 -0.0260135
0.98 -0.0174461
0.99 -0.00877306
1 0


0 -0
0.01 -0.00840128
0.02 -0.0166946
0.03 -0.024876
0.04 -0.0329417
0.05 -0.0408876
0.06 -0.0487102
0.07 -0.0564056
0.08 -0.0639701
0.09 -0.0714003
0.1 -0.0786925
0.11 -0.0858435
0.12 -0.0928498
0.13 -0.0997083
0.14 -0.106416
0.15 -0.11297
0.16 -0.119367
0.17 -0.125604
0.18 -0.131679
0.19 -0.13759
0.2 -0.143333
0.21 -0.148907
0.22 -0.154309
0.23 -0.159538
0.24 -0.164591
0.25 -0.169466
0.26 -0.174162
0.27 -0.178677
0.28 -0.18301
0.29 -0.187159
0.3 -0.191122
0.31 -0.194899
0.32 -0.198488
0.33 -0.201889
0.34 -0.2051
0.35 -0.20812
0.36 -0.210949
0.37 -0.213585
0.38 -0.216028
0.39 -0.218278
0.4 -0.220333
0.41 -0.222194
0.42 -0.223859
0.43 -0.225328
0.44 -0.226602
0.45 -0.227679
0.46 -0.228559
0.47 -0.229242
0.48 -0.229728
0.49 -0.230017
0.5 -0.230108
0.51 -0.230002
0.52 -0.229698
0.53 -0.229197
0.54 -0.228498
0.55 -0.227602
0.56 -0.226509
0.57 -0.225218
0.58 -0.223731
0.59 -0.222048
0.6 -0.220168
0.61 -0.218093
0.62 -0.215823
0.63 -0.213358
0.64 -0.2107
0.65 -0.207848
0.66 -0.204804
0.67 -0.201569
0.68 -0.198143
0.69 -0.194528
0.7 -0.190725
0.71 -0.186736
0.72 -0.182561
0.73 -0.178202
0.74 -0.173661
0.75 -0.16894
0.76 -0.16404
0.77 -0.158964
0.78 -0.153714
0.79 -0.148291
0.8 -0.142699
0.81 -0.13694
0.82 -0.131017
0.83 -0.124932
0.84 -0.118689
0.85 -0.11229
0.86 -0.105739
0.87 -0.0990381
0.88 -0.0921917
0.89 -0.085203
0.9 -0.0780755
0.91 -0.0708129
0.92 -0.0634189
0.93 -0.0558972
0.94 -0.0482517
0.95 -0.0404864
0.96 -0.0326051
0.97 -0.0246118
0.98 -0.0165105
0.99 -0.00830527
1 0


0 -0
0.01 -0.00804319
0.02 -0.0159799
0.03 -0.0238068
0.04 -0.0315209
0.05 -0.0391188
0.06 -0.0465974
0.07 -0.0539536
0.08 -0.0611844
0.09 -0.0682867
0.1 -0.0752576
0.11 -0.082094
0.12 -0.0887932
0.13 -0.0953524
0.14 -0.101769
0.15 -0.10804
0.16 -0.114162
0.17 -0.120134
0.18 -0.125953
0.19 -0.131617
0.2 -0.137123
0.21 -0.142468
0.22 -0.147652
0.23 -0.152671
0.24 -0.157524
0.25 -0.162209
0.26 -0.166723
0.27 -0.171066
0.28 -0.175235
0.29 -0.17923
0.3 -0.183047
0.31 -0.186687
0.32 -0.190147
0.33 -0.193427
0.34 -0.196524
0.35 -0.199439
0.36 -0.202169
0.37 -0.204714
0.38 -0.207073
0.39 -0.209246
0.4 -0.21123
0.41 -0.213026
0.42 -0.214634
0.43 -0.216051
0.44 -0.217279
0.45 -0.218315
0.46 -0.219161
0.47 -0.219816
0.48 -0.220279
0.49 -0.220551
0.5 -0.220631
0.51 -0.220519
0.52 -0.220215
0.53 -0.219719
0.54 -0.219032
0.55 -0.218154
0.56 -0.217085
0.57 -0.215825
0.58 -0.214375
0.59 -0.212735
0.6 -0.210907
0.61 -0.20889
0.62 -0.206686
0.63 -0.204294
0.64 -0.201717
0.65 -0.198956
0.66 -0.19601
0.67 -0.192882
0.68 -0.189573
0.69 -0.186084
0.7 -0.182416
0.71 -0.178571
0.72 -0.174551
0.73 -0.170358
0.74 -0.165993
0.75 -0.161457
0.76 -0.156754
0.77 -0.151885
0.78 -0.146852
0.79 -0.141657
0.8 -0.136303
0.81 -0.130793
0.82 -0.125128
0.83 -0.119312
0.84 -0.113346
0.85 -0.107234
0.86 -0.100978
0.87 -0.0945817
0.88 -0.0880473
0.89 -0.081378
0.9 -0.0745768
0.91 -0.0676467
0.92 -0.0605909
0.93 -0.0534125
0.94 -0.0461147
0.95 -0.0387006
0.96 -0.0311735
0.97 -0.0235366
0.98 -0.0157933
0.99 -0.00794663
1 0


0 -0
0.01 -0.00774136
0.02 -0.0153771
0.03 -0.0229044
0.04 -0.0303205
0.05 -0.0376226
0.06 -0.0448081
0.07 -0.051874
0.08 -0.0588179
0.09 -0.0656369
0.1 -0.0723286
0.11 -0.0788902
0.12 -0.0853193
0.13 -0.0916133
0.14 -0.0977698
0.15 -0.103786
0.16 -0.109661
0.17 -0.11539
0.18 -0.120973
0.19 -0.126406
0.2 -0.131689
0.21 -0.136818
0.22 -0.141791
0.23 -0.146608
0.24 -0.151265
0.25 -0.155761
0.26 -0.160094
0.27 -0.164262
0.28 -0.168264
0.29 -0.172099
0.3 -0.175764
0.31 -0.179258
0.32 -0.182581
0.33 -0.185729
0.34 -0.188704
0.35 -0.191502
0.36 -0.194123
0.37 -0.196567
0.38 -0.198832
0.39 -0.200917
0.4 -0.202821
0.41 -0.204544
0.42 -0.206085
0.43 -0.207444
0.44 -0.20862
0.45 -0.209612
0.46 -0.21042
0.47 -0.211044
0.48 -0.211484
0.49 -0.211739
0.5 -0.211809
0.51 -0.211695
0.52 -0.211396
0.53 -0.210913
0.54 -0.210246
0.55 -0.209395
0.56 -0.20836
0.57 -0.207142
0.58 -0.205742
0.59 -0.204159
0.6 -0.202396
0.61 -0.200451
0.62 -0.198327
0.63 -0.196025
0.64 -0.193544
0.65 -0.190887
0.66 -0.188054
0.67 -0.185046
0.68 -0.181866
0.69 -0.178514
0.7 -0.174991
0.71 -0.1713
0.72 -0.167441
0.73 -0.163417
0.74 -0.159229
0.75 -0.154879
0.76 -0.150369
0.77 -0.145701
0.78 -0.140876
0.79 -0.135898
0.8 -0.130767
0.81 -0.125487
0.82 -0.12006
0.83 -0.114487
0.84 -0.108771
0.85 -0.102915
0.86 -0.0969212
0.87 -0.0907919
0.88 -0.0845298
0.89 -0.0781374
0.9 -0.0716175
0.91 -0.0649727
0.92 -0.0582056
0.93 -0.0513191
0.94 -0.0443158
0.95 -0.0371985
0.96 -0.02997
0.97 -0.0226331
0.98 -0.0151906
0.99 -0.00764531
1 0


0 -0
0.01 -0.00747636
0.02 -0.0148477
0.03 -0.0221116
0.04 -0.0292655
0.05 -0.0363069
0.06 -0.0432335
0.07 -0.0500428
0.08 -0.0567324
0.09 -0.0632999
0.1 -0.0697429
0.11 -0.0760591
0.12 -0.0822463
0.13 -0.0883021
0.14 -0.0942243
0.15 -0.100011
0.16 -0.105659
0.17 -0.111168
0.18 -0.116534
0.19 -0.121757
0.2 -0.126833
0.21 -0.131761
0.22 -0.13654
0.23 -0.141166
0.24 -0.145639
0.25 -0.149957
0.26 -0.154119
0.27 -0.158121
0.28 -0.161964
0.29 -0.165645
0.3 -0.169164
0.31 -0.172518
0.32 -0.175707
0.33 -0.178729
0.34 -0.181583
0.35 -0.184268
0.36 -0.186783
0.37 -0.189127
0.38 -0.191299
0.39 -0.193298
0.4 -0.195123
0.41 -0.196775
0.42 -0.198252
0.43 -0.199553
0.44 -0.200678
0.45 -0.201627
0.46 -0.2024
0.47 -0.202995
0.48 -0.203413
0.49 -0.203655
0.5 -0.203719
0.51 -0.203605
0.52 -0.203315
0.53 -0.202847
0.54 -0.202203
0.55 -0.201382
0.56 -0.200385
0.57 -0.199212
0.58 -0.197865
0.59 -0.196343
0.6 -0.194647
0.61 -0.192777
0.62 -0.190736
0.63 -0.188523
0.64 -0.18614
0.65 -0.183587
0.66 -0.180866
0.67 -0.177978
0.68 -0.174924
0.69 -0.171705
0.7 -0.168323
0.71 -0.16478
0.72 -0.161076
0.73 -0.157213
0.74 -0.153193
0.75 -0.149017
0.76 -0.144688
0.77 -0.140206
0.78 -0.135575
0.79 -0.130795
0.8 -0.125869
0.81 -0.120799
0.82 -0.115586
0.83 -0.110234
0.84 -0.104743
0.85 -0.099117
0.86 -0.093357
0.87 -0.0874657
0.88 -0.0814453
0.89 -0.0752981
0.9 -0.0690266
0.91 -0.0626331
0.92 -0.0561199
0.93 -0.0494895
0.94 -0.0427442
0.95 -0.0358867
0.96 -0.0289193
0.97 -0.0218444
0.98 -0.0146646
0.99 -0.00738229
1 0


0 -0
0.01 -0.00723916
0.02 -0.0143738
0.03 -0.0214017
0.04 -0.0283207
0.05 -0.0351284
0.06 -0.0418228
0.07 -0.0484016
0.08 -0.0548626
0.09 -0.0612037
0.1 -0.0674227
0.11 -0.0735176
0.12 -0.0794863
0.13 -0.0853266
0.14 -0.0910367
0.15 -0.0966145
0.16 -0.102058
0.17 -0.107365
0.18 -0.112535
0.19 -0.117564
0.2 -0.122452
0.21 -0.127196
0.22 -0.131796
0.23 -0.136248
0.24 -0.140552
0.25 -0.144706
0.26 -0.148708
0.27 -0.152558
0.28 -0.156253
0.29 -0.159792
0.3 -0.163174
0.31 -0.166398
0.32 -0.169462
0.33 -0.172366
0.34 -0.175108
0.35 -0.177687
0.36 -0.180102
0.37 -0.182353
0.38 -0.184439
0.39 -0.186358
0.4 -0.18811
0.41 -0.189695
0.42 -0.191112
0.43 -0.19236
0.44 -0.193439
0.45 -0.194349
0.46 -0.195089
0.47 -0.195659
0.48 -0.196059
0.49 -0.196288
0.5 -0.196348
0.51 -0.196237
0.52 -0.195956
0.53 -0.195505
0.54 -0.194884
0.55 -0.194094
0.56 -0.193135
0.57 -0.192007
0.58 -0.190711
0.59 -0.189247
0.6 -0.187617
0.61 -0.18582
0.62 -0.183858
0.63 -0.181731
0.64 -0.17944
0.65 -0.176987
0.66 -0.174372
0.67 -0.171596
0.68 -0.168661
0.69 -0.165567
0.7 -0.162316
0.71 -0.15891
0.72 -0.155349
0.73 -0.151635
0.74 -0.14777
0.75 -0.143755
0.76 -0.139592
0.77 -0.135282
0.78 -0.130826
0.79 -0.126228
0.8 -0.121488
0.81 -0.116608
0.82 -0.111591
0.83 -0.106437
0.84 -0.101149
0.85 -0.0957297
0.86 -0.0901799
0.87 -0.0845021
0.88 -0.0786983
0.89 -0.0727705
0.9 -0.0667209
0.91 -0.0605517
0.92 -0.0542648
0.93 -0.0478626
0.94 -0.0413472
0.95 -0.0347207
0.96 -0.0279854
0.97 -0.0211435
0.98 -0.0141971
0.99 -0.00714857
1 0


0 -0
0.01 -0.00702503
0.02 -0.013946
0.03 -0.0207608
0.04 -0.0274676
0.05 -0.0340642
0.06 -0.0405487
0.07 -0.046919
0.08 -0.0531733
0.09 -0.0593096
0.1 -0.0653259
0.11 -0.0712203
0.12 -0.076991
0.13 -0.0826361
0.14 -0.0881537
0.15 -0.093542
0.16 -0.0987993
0.17 -0.103924
0.18 -0.108914
0.19 -0.113768
0.2 -0.118484
0.21 -0.123061
0.22 -0.127497
0.23 -0.13179
0.24 -0.135939
0.25 -0.139943
0.26 -0.143801
0.27 -0.14751
0.28 -0.15107
0.29 -0.154479
0.3 -0.157736
0.31 -0.160841
0.32 -0.163791
0.33 -0.166586
0.34 -0.169225
0.35 -0.171708
0.36 -0.174032
0.37 -0.176198
0.38 -0.178204
0.39 -0.180051
0.4 -0.181736
0.41 -0.18326
0.42 -0.184623
0.43 -0.185823
0.44 -0.18686
0.45 -0.187734
0.46 -0.188445
0.47 -0.188993
0.48 -0.189377
0.49 -0.189597
0.5 -0.189653
0.51 -0.189546
0.52 -0.189275
0.53 -0.18884
0.54 -0.188242
0.55 -0.187481
0.56 -0.186558
0.57 -0.185472
0.58 -0.184225
0.59 -0.182817
0.6 -0.181248
0.61 -0.179518
0.62 -0.17763
0.63 -0.175583
0.64 -0.173379
0.65 -0.171017
0.66 -0.1685
0.67 -0.165828
0.68 -0.163003
0.69 -0.160024
0.7 -0.156894
0.71 -0.153614
0.72 -0.150184
0.73 -0.146607
0.74 -0.142883
0.75 -0.139015
0.76 -0.135002
0.77 -0.130848
0.78 -0.126553
0.79 -0.122119
0.8 -0.117547
0.81 -0.11284
0.82 -0.107999
0.83 -0.103025
0.84 -0.0979209
0.85 -0.0926877
0.86 -0.0873274
0.87 -0.0818419
0.88 -0.076233
0.89 -0.0705026
0.9 -0.0646525
0.91 -0.0586848
0.92 -0.0526012
0.93 -0.0464038
0.94 -0.0400946
0.95 -0.0336754
0.96 -0.0271483
0.97 -0.0205152
0.98 -0.0137781
0.99 -0.00693906
1 0


0 -0
0.01 -0.00683104
0.02 -0.0135584
0.03 -0.0201802
0.04 -0.0266947
0.05 -0.0330999
0.06 -0.0393942
0.07 -0.0455757
0.08 -0.0516426
0.09 -0.0575931
0.1 -0.0634256
0.11 -0.0691382
0.12 -0.0747292
0.13 -0.0801971
0.14 -0.08554
0.15 -0.0907564
0.16 -0.0958447
0.17 -0.100803
0.18 -0.10563
0.19 -0.110325
0.2 -0.114885
0.21 -0.119309
0.22 -0.123597
0.23 -0.127746
0.24 -0.131754
0.25 -0.135622
0.26 -0.139347
0.27 -0.142929
0.28 -0.146366
0.29 -0.149657
0.3 -0.152801
0.31 -0.155796
0.32 -0.158643
0.33 -0.16134
0.34 -0.163886
0.35 -0.16628
0.36 -0.168522
0.37 -0.17061
0.38 -0.172545
0.39 -0.174325
0.4 -0.17595
0.41 -0.177419
0.42 -0.178732
0.43 -0.179889
0.44 -0.180889
0.45 -0.181732
0.46 -0.182417
0.47 -0.182944
0.48 -0.183314
0.49 -0.183526
0.5 -0.183581
0.51 -0.183477
0.52 -0.183216
0.53 -0.182797
0.54 -0.182221
0.55 -0.181488
0.56 -0.180598
0.57 -0.179552
0.58 -0.17835
0.59 -0.176992
0.6 -0.17548
0.61 -0.173813
0.62 -0.171993
0.63 -0.170019
0.64 -0.167894
0.65 -0.165617
0.66 -0.163189
0.67 -0.160612
0.68 -0.157887
0.69 -0.155013
0.7 -0.151994
0.71 -0.148828
0.72 -0.145518
0.73 -0.142065
0.74 -0.13847
0.75 -0.134735
0.76 -0.13086
0.77 -0.126847
0.78 -0.122697
0.79 -0.118412
0.8 -0.113993
0.81 -0.109442
0.82 -0.10476
0.83 -0.0999494
0.84 -0.0950107
0.85 -0.089946
0.86 -0.0847569
0.87 -0.0794449
0.88 -0.0740119
0.89 -0.0684595
0.9 -0.0627894
0.91 -0.0570032
0.92 -0.0511029
0.93 -0.0450901
0.94 -0.0389665
0.95 -0.0327341
0.96 -0.0263944
0.97 -0.0199494
0.98 -0.0134008
0.99 -0.0067504
1 0


0 -0
0.01 -0.00665509
0.02 -0.0132068
0.03 -0.0196536
0.04 -0.0259936
0.05 -0.0322253
0.06 -0.038347
0.07 -0.0443572
0.08 -0.0502541
0.09 -0.0560361
0.1 -0.0617018
0.11 -0.0672494
0.12 -0.0726775
0.13 -0.0779845
0.14 -0.0831689
0.15 -0.0882293
0.16 -0.0931641
0.17 -0.097972
0.18 -0.102651
0.19 -0.107201
0.2 -0.11162
0.21 -0.115906
0.22 -0.120058
0.23 -0.124076
0.24 -0.127957
0.25 -0.131701
0.26 -0.135307
0.27 -0.138773
0.28 -0.142098
0.29 -0.145282
0.3 -0.148322
0.31 -0.15122
0.32 -0.153973
0.33 -0.15658
0.34 -0.159042
0.35 -0.161356
0.36 -0.163523
0.37 -0.165541
0.38 -0.167411
0.39 -0.169131
0.4 -0.170702
0.41 -0.172121
0.42 -0.17339
0.43 -0.174508
0.44 -0.175474
0.45 -0.176288
0.46 -0.176951
0.47 -0.177461
0.48 -0.177818
0.49 -0.178023
0.5 -0.178076
0.51 -0.177977
0.52 -0.177725
0.53 -0.177321
0.54 -0.176765
0.55 -0.176058
0.56 -0.175199
0.57 -0.174189
0.58 -0.173028
0.59 -0.171717
0.6 -0.170257
0.61 -0.168647
0.62 -0.166889
0.63 -0.164983
0.64 -0.162929
0.65 -0.16073
0.66 -0.158384
0.67 -0.155893
0.68 -0.153259
0.69 -0.150481
0.7 -0.147561
0.71 -0.1445
0.72 -0.141299
0.73 -0.137959
0.74 -0.134481
0.75 -0.130866
0.76 -0.127116
0.77 -0.123231
0.78 -0.119213
0.79 -0.115063
0.8 -0.110782
0.81 -0.106373
0.82 -0.101835
0.83 -0.0971714
0.84 -0.0923825
0.85 -0.0874702
0.86 -0.0824357
0.87 -0.0772807
0.88 -0.0720066
0.89 -0.066615
0.9 -0.0611074
0.91 -0.0554853
0.92 -0.0497504
0.93 -0.0439042
0.94 -0.0379484
0.95 -0.0318844
0.96 -0.025714
0.97 -0.0194388
0.98 -0.0130603
0.99 -0.00658013
1 0


0 -0
0.01 -0.00649546
0.02 -0.0128879
0.03 -0.0191757
0.04 -0.0253576
0.05 -0.0314318
0.06 -0.037397
0.07 -0.0432517
0.08 -0.0489943
0.09 -0.0546235
0.1 -0.0601378
0.11 -0.0655358
0.12 -0.070816
0.13 -0.0759772
0.14 -0.0810178
0.15 -0.0859366
0.16 -0.0907322
0.17 -0.0954034
0.18 -0.0999488
0.19 -0.104367
0.2 -0.108657
0.21 -0.112818
0.22 -0.116848
0.23 -0.120747
0.24 -0.124513
0.25 -0.128145
0.26 -0.131641
0.27 -0.135002
0.28 -0.138227
0.29 -0.141313
0.3 -0.144261
0.31 -0.147069
0.32 -0.149736
0.33 -0.152263
0.34 -0.154648
0.35 -0.15689
0.36 -0.158989
0.37 -0.160945
0.38 -0.162756
0.39 -0.164422
0.4 -0.165943
0.41 -0.167318
0.42 -0.168547
0.43 -0.169629
0.44 -0.170565
0.45 -0.171354
0.46 -0.171996
0.47 -0.17249
0.48 -0.172837
0.49 -0.173036
0.5 -0.173088
0.51 -0.172993
0.52 -0.17275
0.53 -0.17236
0.54 -0.171823
0.55 -0.171139
0.56 -0.170308
0.57 -0.169331
0.58 -0.168209
0.59 -0.166941
0.6 -0.165527
0.61 -0.16397
0.62 -0.162268
0.63 -0.160423
0.64 -0.158435
0.65 -0.156306
0.66 -0.154034
0.67 -0.151622
0.68 -0.149071
0.69 -0.14638
0.7 -0.143551
0.71 -0.140585
0.72 -0.137482
0.73 -0.134244
0.74 -0.130872
0.75 -0.127367
0.76 -0.123729
0.77 -0.11996
0.78 -0.116061
0.79 -0.112034
0.8 -0.107879
0.81 -0.103597
0.82 -0.0991903
0.83 -0.0946597
0.84 -0.0900064
0.85 -0.0852319
0.86 -0.0803374
0.87 -0.0753243
0.88 -0.0701939
0.89 -0.0649477
0.9 -0.0595871
0.91 -0.0541133
0.92 -0.048528
0.93 -0.0428324
0.94 -0.0370281
0.95 -0.0311165
0.96 -0.0250991
0.97 -0.0189772
0.98 -0.0127525
0.99 -0.00642624
1 0


0 -0
0.01 -0.00635065
0.02 -0.0125985
0.03 -0.0187423
0.04 -0.0247806
0.05 -0.030712
0.06 -0.0365352
0.07 -0.0422488
0.08 -0.0478516
0.09 -0.0533421
0.1 -0.0587192
0.11 -0.0639814
0.12 -0.0691275
0.13 -0.0741563
0.14 -0.0790666
0.15 -0.083857
0.16 -0.0885264
0.17 -0.0930736
0.18 -0.0974974
0.19 -0.101797
0.2 -0.105971
0.21 -0.110018
0.22 -0.113937
0.23 -0.117728
0.24 -0.121389
0.25 -0.124919
0.26 -0.128317
0.27 -0.131583
0.28 -0.134716
0.29 -0.137714
0.3 -0.140577
0.31 -0.143305
0.32 -0.145895
0.33 -0.148349
0.34 -0.150664
0.35 -0.152841
0.36 -0.154879
0.37 -0.156777
0.38 -0.158535
0.39 -0.160153
0.4 -0.161629
0.41 -0.162964
0.42 -0.164157
0.43 -0.165207
0.44 -0.166116
0.45 -0.166882
0.46 -0.167505
0.47 -0.167985
0.48 -0.168323
0.49 -0.168517
0.5 -0.168568
0.51 -0.168477
0.52 -0.168242
0.53 -0.167865
0.54 -0.167345
0.55 -0.166682
0.56 -0.165878
0.57 -0.164931
0.58 -0.163843
0.59 -0.162614
0.6 -0.161244
0.61 -0.159734
0.62 -0.158084
0.63 -0.156294
0.64 -0.154366
0.65 -0.1523
0.66 -0.150096
0.67 -0.147756
0.68 -0.145279
0.69 -0.142667
0.7 -0.139921
0.71 -0.13704
0.72 -0.134027
0.73 -0.130882
0.74 -0.127606
0.75 -0.1242
0.76 -0.120664
0.77 -0.117001
0.78 -0.11321
0.79 -0.109293
0.8 -0.105252
0.81 -0.101086
0.82 -0.0967974
0.83 -0.0923874
0.84 -0.0878568
0.85 -0.083207
0.86 -0.0784392
0.87 -0.0735545
0.88 -0.0685542
0.89 -0.0634396
0.9 -0.0582118
0.91 -0.0528723
0.92 -0.0474223
0.93 -0.041863
0.94 -0.0361958
0.95 -0.030422
0.96 -0.0245429
0.97 -0.0185598
0.98 -0.0124741
0.99 -0.00628705
1 0


0 -0
0.01 -0.00621931
0.02 -0.0123361
0.03 -0.0183492
0.04 -0.0242573
0.05 -0.0300591
0.06 -0.0357535
0.07 -0.0413393
0.08 -0.0468152
0.09 -0.05218
0.1 -0.0574325
0.11 -0.0625717
0.12 -0.0675962
0.13 -0.072505
0.14 -0.077297
0.15 -0.081971
0.16 -0.086526
0.17 -0.0909608
0.18 -0.0952745
0.19 -0.0994659
0.2 -0.103534
0.21 -0.107478
0.22 -0.111297
0.23 -0.11499
0.24 -0.118556
0.25 -0.121994
0.26 -0.125303
0.27 -0.128483
0.28 -0.131533
0.29 -0.134451
0.3 -0.137238
0.31 -0.139892
0.32 -0.142413
0.33 -0.1448
0.34 -0.147053
0.35 -0.149171
0.36 -0.151153
0.37 -0.153
0.38 -0.15471
0.39 -0.156283
0.4 -0.157719
0.41 -0.159017
0.42 -0.160178
0.43 -0.1612
0.44 -0.162084
0.45 -0.162829
0.46 -0.163436
0.47 -0.163904
0.48 -0.164233
0.49 -0.164422
0.5 -0.164473
0.51 -0.164385
0.52 -0.164158
0.53 -0.163793
0.54 -0.163288
0.55 -0.162646
0.56 -0.161865
0.57 -0.160946
0.58 -0.159889
0.59 -0.158695
0.6 -0.157365
0.61 -0.155897
0.62 -0.154294
0.63 -0.152555
0.64 -0.150681
0.65 -0.148673
0.66 -0.14653
0.67 -0.144254
0.68 -0.141846
0.69 -0.139306
0.7 -0.136634
0.71 -0.133832
0.72 -0.1309
0.73 -0.127839
0.74 -0.12465
0.75 -0.121333
0.76 -0.11789
0.77 -0.114322
0.78 -0.110629
0.79 -0.106813
0.8 -0.102874
0.81 -0.0988129
0.82 -0.0946316
0.83 -0.0903307
0.84 -0.0859113
0.85 -0.0813744
0.86 -0.0767212
0.87 -0.0719528
0.88 -0.0670702
0.89 -0.0620747
0.9 -0.0569673
0.91 -0.0517492
0.92 -0.0464216
0.93 -0.0409857
0.94 -0.0354425
0.95 -0.0297934
0.96 -0.0240395
0.97 -0.0181821
0.98 -0.0122222
0.99 -0.00616109
1 0


0 -0
0.01 -0.00610022
0.02 -0.0120982
0.03 -0.0179927
0.04 -0.0237828
0.05 -0.0294672
0.06 -0.0350448
0.07 -0.0405146
0.08 -0.0458754
0.09 -0.0511263
0.1 -0.056266
0.11 -0.0612935
0.12 -0.0662078
0.13 -0.0710078
0.14 -0.0756926
0.15 -0.0802611
0.16 -0.0847123
0.17 -0.0890452
0.18 -0.093259
0.19 -0.0973527
0.2 -0.101325
0.21 -0.105176
0.22 -0.108904
0.23 -0.112508
0.24 -0.115988
0.25 -0.119343
0.26 -0.122571
0.27 -0.125673
0.28 -0.128647
0.29 -0.131493
0.3 -0.134211
0.31 -0.136799
0.32 -0.139257
0.33 -0.141584
0.34 -0.14378
0.35 -0.145844
0.36 -0.147776
0.37 -0.149576
0.38 -0.151243
0.39 -0.152776
0.4 -0.154175
0.41 -0.155441
0.42 -0.156572
0.43 -0.157569
0.44 -0.15843
0.45 -0.159157
0.46 -0.159749
0.47 -0.160205
0.48 -0.160527
0.49 -0.160712
0.5 -0.160763
0.51 -0.160678
0.52 -0.160458
0.53 -0.160103
0.54 -0.159613
0.55 -0.158989
0.56 -0.158229
0.57 -0.157335
0.58 -0.156307
0.59 -0.155146
0.6 -0.153851
0.61 -0.152423
0.62 -0.150862
0.63 -0.149169
0.64 -0.147344
0.65 -0.145388
0.66 -0.143301
0.67 -0.141084
0.68 -0.138737
0.69 -0.136261
0.7 -0.133657
0.71 -0.130926
0.72 -0.128067
0.73 -0.125083
0.74 -0.121972
0.75 -0.118737
0.76 -0.115378
0.77 -0.111896
0.78 -0.108292
0.79 -0.104567
0.8 -0.100721
0.81 -0.096755
0.82 -0.0926707
0.83 -0.0884687
0.84 -0.0841499
0.85 -0.0797153
0.86 -0.0751659
0.87 -0.0705028
0.88 -0.0657268
0.89 -0.0608391
0.9 -0.0558406
0.91 -0.0507325
0.92 -0.0455158
0.93 -0.0401915
0.94 -0.0347607
0.95 -0.0292245
0.96 -0.0235839
0.97 -0.0178401
0.98 -0.0119941
0.99 -0.00604706
1 0


0 -0
0.01 -0.00599225
0.02 -0.0118825
0.03 -0.0176696
0.04 -0.0233526
0.05 -0.0289305
0.06 -0.0344023
0.07 -0.039767
0.08 -0.0450235
0.09 -0.050171
0.1 -0.0552084
0.11 -0.0601347
0.12 -0.0649491
0.13 -0.0696505
0.14 -0.0742381
0.15 -0.078711
0.16 -0.0830682
0.17 -0.0873088
0.18 -0.091432
0.19 -0.0954371
0.2 -0.099323
0.21 -0.103089
0.22 -0.106734
0.23 -0.110258
0.24 -0.11366
0.25 -0.116939
0.26 -0.120095
0.27 -0.123126
0.28 -0.126032
0.29 -0.128813
0.3 -0.131467
0.31 -0.133995
0.32 -0.136396
0.33 -0.138669
0.34 -0.140813
0.35 -0.142829
0.36 -0.144716
0.37 -0.146473
0.38 -0.148101
0.39 -0.149598
0.4 -0.150964
0.41 -0.1522
0.42 -0.153305
0.43 -0.154278
0.44 -0.15512
0.45 -0.15583
0.46 -0.156408
0.47 -0.156854
0.48 -0.157169
0.49 -0.157351
0.5 -0.157402
0.51 -0.15732
0.52 -0.157106
0.53 -0.156761
0.54 -0.156284
0.55 -0.155676
0.56 -0.154936
0.57 -0.154065
0.58 -0.153063
0.59 -0.15193
0.6 -0.150668
0.61 -0.149275
0.62 -0.147753
0.63 -0.146101
0.64 -0.144321
0.65 -0.142412
0.66 -0.140376
0.67 -0.138212
0.68 -0.135921
0.69 -0.133504
0.7 -0.130962
0.71 -0.128294
0.72 -0.125502
0.73 -0.122587
0.74 -0.119548
0.75 -0.116387
0.76 -0.113104
0.77 -0.1097
0.78 -0.106176
0.79 -0.102533
0.8 -0.098771
0.81 -0.0948915
0.82 -0.0908951
0.83 -0.0867826
0.84 -0.082555
0.85 -0.078213
0.86 -0.0737576
0.87 -0.0691898
0.88 -0.0645103
0.89 -0.0597203
0.9 -0.0548205
0.91 -0.0498119
0.92 -0.0446955
0.93 -0.0394723
0.94 -0.0341432
0.95 -0.0287093
0.96 -0.0231713
0.97 -0.0175305
0.98 -0.0117876
0.99 -0.00594382
1 0


0 -0
0.01 -0.00589439
0.02 -0.0116869
0.03 -0.0173766
0.04 -0.0229627
0.05 -0.0284441
0.06 -0.0338199
0.07 -0.0390893
0.08 -0.0442513
0.09 -0.0493051
0.1 -0.0542498
0.11 -0.0590844
0.12 -0.0638082
0.13 -0.0684203
0.14 -0.0729198
0.15 -0.077306
0.16 -0.0815779
0.17 -0.0857349
0.18 -0.0897761
0.19 -0.0937008
0.2 -0.0975082
0.21 -0.101198
0.22 -0.104768
0.23 -0.10822
0.24 -0.111551
0.25 -0.114761
0.26 -0.11785
0.27 -0.120817
0.28 -0.123662
0.29 -0.126383
0.3 -0.128981
0.31 -0.131454
0.32 -0.133803
0.33 -0.136027
0.34 -0.138125
0.35 -0.140097
0.36 -0.141943
0.37 -0.143662
0.38 -0.145254
0.39 -0.146718
0.4 -0.148055
0.41 -0.149264
0.42 -0.150344
0.43 -0.151296
0.44 -0.15212
0.45 -0.152815
0.46 -0.153381
0.47 -0.153818
0.48 -0.154126
0.49 -0.154306
0.5 -0.154356
0.51 -0.154277
0.52 -0.15407
0.53 -0.153733
0.54 -0.153268
0.55 -0.152674
0.56 -0.151952
0.57 -0.151102
0.58 -0.150124
0.59 -0.149018
0.6 -0.147784
0.61 -0.146424
0.62 -0.144936
0.63 -0.143322
0.64 -0.141582
0.65 -0.139717
0.66 -0.137726
0.67 -0.13561
0.68 -0.133371
0.69 -0.131007
0.7 -0.12852
0.71 -0.125911
0.72 -0.123179
0.73 -0.120326
0.74 -0.117352
0.75 -0.114257
0.76 -0.111043
0.77 -0.107711
0.78 -0.104259
0.79 -0.100691
0.8 -0.0970053
0.81 -0.0932038
0.82 -0.089287
0.83 -0.0852556
0.84 -0.0811105
0.85 -0.0768524
0.86 -0.0724822
0.87 -0.0680007
0.88 -0.0634087
0.89 -0.058707
0.9 -0.0538966
0.91 -0.0489782
0.92 -0.0439527
0.93 -0.0388211
0.94 -0.0335841
0.95 -0.0282427
0.96 -0.0227977
0.97 -0.0172501
0.98 -0.0116006
0.99 -0.00585032
1 0


0 -0
0.01 -0.00580569
0.02 -0.0115097
0.03 -0.0171112
0.04 -0.0226093
0.05 -0.0280032
0.06 -0.0332921
0.07 -0.0384751
0.08 -0.0435514
0.09 -0.0485203
0.1 -0.053381
0.11 -0.0581325
0.12 -0.0627742
0.13 -0.0673053
0.14 -0.071725
0.15 -0.0760326
0.16 -0.0802274
0.17 -0.0843085
0.18 -0.0882754
0.19 -0.0921273
0.2 -0.0958635
0.21 -0.0994834
0.22 -0.102986
0.23 -0.106372
0.24 -0.109639
0.25 -0.112787
0.26 -0.115816
0.27 -0.118725
0.28 -0.121514
0.29 -0.124182
0.3 -0.126728
0.31 -0.129152
0.32 -0.131454
0.33 -0.133633
0.34 -0.135689
0.35 -0.137622
0.36 -0.13943
0.37 -0.141114
0.38 -0.142674
0.39 -0.144109
0.4 -0.145418
0.41 -0.146603
0.42 -0.147662
0.43 -0.148595
0.44 -0.149402
0.45 -0.150083
0.46 -0.150638
0.47 -0.151067
0.48 -0.15137
0.49 -0.151546
0.5 -0.151597
0.51 -0.151521
0.52 -0.151318
0.53 -0.15099
0.54 -0.150536
0.55 -0.149955
0.56 -0.149249
0.57 -0.148418
0.58 -0.147461
0.59 -0.146379
0.6 -0.145172
0.61 -0.143841
0.62 -0.142385
0.63 -0.140805
0.64 -0.139102
0.65 -0.137275
0.66 -0.135326
0.67 -0.133254
0.68 -0.13106
0.69 -0.128745
0.7 -0.126308
0.71 -0.123752
0.72 -0.121075
0.73 -0.118278
0.74 -0.115363
0.75 -0.112329
0.76 -0.109177
0.77 -0.105909
0.78 -0.102523
0.79 -0.0990223
0.8 -0.095406
0.81 -0.0916752
0.82 -0.0878304
0.83 -0.0838725
0.84 -0.0798022
0.85 -0.0756201
0.86 -0.071327
0.87 -0.0669237
0.88 -0.0624109
0.89 -0.0577893
0.9 -0.0530598
0.91 -0.0482231
0.92 -0.04328
0.93 -0.0382313
0.94 -0.0330777
0.95 -0.0278201
0.96 -0.0224593
0.97 -0.0169961
0.98 -0.0114313
0.99 -0.00576564
1 0


0 -0
0.01 -0.00572531
0.02 -0.0113491
0.03 -0.0168706
0.04 -0.022289
0.05 -0.0276036
0.06 -0.0328137
0.07 -0.0379185
0.08 -0.0429172
0.09 -0.0478092
0.1 -0.0525936
0.11 -0.0572699
0.12 -0.0618372
0.13 -0.0662949
0.14 -0.0706423
0.15 -0.0748787
0.16 -0.0790035
0.17 -0.0830159
0.18 -0.0869154
0.19 -0.0907014
0.2 -0.0943731
0.21 -0.09793
0.22 -0.101372
0.23 -0.104697
0.24 -0.107906
0.25 -0.110999
0.26 -0.113973
0.27 -0.11683
0.28 -0.119568
0.29 -0.122187
0.3 -0.124686
0.31 -0.127066
0.32 -0.129325
0.33 -0.131464
0.34 -0.133482
0.35 -0.135378
0.36 -0.137153
0.37 -0.138806
0.38 -0.140336
0.39 -0.141744
0.4 -0.14303
0.41 -0.144192
0.42 -0.145231
0.43 -0.146147
0.44 -0.146939
0.45 -0.147608
0.46 -0.148153
0.47 -0.148575
0.48 -0.148873
0.49 -0.149047
0.5 -0.149097
0.51 -0.149023
0.52 -0.148826
0.53 -0.148505
0.54 -0.14806
0.55 -0.147492
0.56 -0.146801
0.57 -0.145986
0.58 -0.145049
0.59 -0.143988
0.6 -0.142806
0.61 -0.141501
0.62 -0.140074
0.63 -0.138525
0.64 -0.136855
0.65 -0.135063
0.66 -0.133152
0.67 -0.131119
0.68 -0.128967
0.69 -0.126696
0.7 -0.124305
0.71 -0.121796
0.72 -0.119168
0.73 -0.116423
0.74 -0.113561
0.75 -0.110582
0.76 -0.107487
0.77 -0.104276
0.78 -0.100951
0.79 -0.097511
0.8 -0.0939573
0.81 -0.0902905
0.82 -0.0865111
0.83 -0.0826197
0.84 -0.0786171
0.85 -0.0745039
0.86 -0.0702807
0.87 -0.0659482
0.88 -0.0615071
0.89 -0.0569581
0.9 -0.0523019
0.91 -0.0475391
0.92 -0.0426706
0.93 -0.037697
0.94 -0.032619
0.95 -0.0274374
0.96 -0.0221528
0.97 -0.0167661
0.98 -0.0112779
0.99 -0.00568894
1 0


0 -0
0.01 -0.00565246
0.02 -0.0112035
0.03 -0.0166525
0.04 -0.0219988
0.05 -0.0272416
0.06 -0.0323802
0.07 -0.0374141
0.08 -0.0423425
0.09 -0.0471647
0.1 -0.0518801
0.11 -0.0564882
0.12 -0.0609881
0.13 -0.0653793
0.14 -0.0696612
0.15 -0.0738331
0.16 -0.0778944
0.17 -0.0818446
0.18 -0.0856831
0.19 -0.0894092
0.2 -0.0930226
0.21 -0.0965225
0.22 -0.0999084
0.23 -0.10318
0.24 -0.106337
0.25 -0.109378
0.26 -0.112303
0.27 -0.115112
0.28 -0.117804
0.29 -0.120379
0.3 -0.122836
0.31 -0.125175
0.32 -0.127396
0.33 -0.129499
0.34 -0.131482
0.35 -0.133346
0.36 -0.13509
0.37 -0.136714
0.38 -0.138218
0.39 -0.139602
0.4 -0.140865
0.41 -0.142007
0.42 -0.143029
0.43 -0.143929
0.44 -0.144708
0.45 -0.145366
0.46 -0.145902
0.47 -0.146317
0.48 -0.14661
0.49 -0.146782
0.5 -0.146832
0.51 -0.14676
0.52 -0.146567
0.53 -0.146253
0.54 -0.145817
0.55 -0.14526
0.56 -0.144582
0.57 -0.143783
0.58 -0.142863
0.59 -0.141823
0.6 -0.140662
0.61 -0.139381
0.62 -0.13798
0.63 -0.136459
0.64 -0.134819
0.65 -0.13306
0.66 -0.131182
0.67 -0.129186
0.68 -0.127071
0.69 -0.124839
0.7 -0.12249
0.71 -0.120024
0.72 -0.117441
0.73 -0.114743
0.74 -0.111929
0.75 -0.108999
0.76 -0.105956
0.77 -0.102798
0.78 -0.0995264
0.79 -0.0961419
0.8 -0.092645
0.81 -0.0890362
0.82 -0.0853159
0.83 -0.0814849
0.84 -0.0775436
0.85 -0.0734927
0.86 -0.0693328
0.87 -0.0650645
0.88 -0.0606884
0.89 -0.0562051
0.9 -0.0516153
0.91 -0.0469196
0.92 -0.0421186
0.93 -0.037213
0.94 -0.0322035
0.95 -0.0270907
0.96 -0.0218752
0.97 -0.0165577
0.98 -0.0111389
0.99 -0.00561946
1 0


0 -0
0.01 -0.00558646
0.02 -0.0110717
0.03 -0.016455
0.04 -0.0217358
0.05 -0.0269135
0.06 -0.0319874
0.07 -0.036957
0.08 -0.0418217
0.09 -0.0465807
0.1 -0.0512336
0.11 -0.0557798
0.12 -0.0602187
0.13 -0.0645496
0.14 -0.0687721
0.15 -0.0728856
0.16 -0.0768895
0.17 -0.0807833
0.18 -0.0845664
0.19 -0.0882384
0.2 -0.0917988
0.21 -0.095247
0.22 -0.0985826
0.23 -0.101805
0.24 -0.104914
0.25 -0.107909
0.26 -0.11079
0.27 -0.113555
0.28 -0.116206
0.29 -0.118741
0.3 -0.12116
0.31 -0.123463
0.32 -0.125649
0.33 -0.127718
0.34 -0.12967
0.35 -0.131504
0.36 -0.133221
0.37 -0.134819
0.38 -0.136299
0.39 -0.137661
0.4 -0.138904
0.41 -0.140028
0.42 -0.141034
0.43 -0.14192
0.44 -0.142687
0.45 -0.143334
0.46 -0.143862
0.47 -0.144271
0.48 -0.14456
0.49 -0.14473
0.5 -0.14478
0.51 -0.14471
0.52 -0.144521
0.53 -0.144213
0.54 -0.143785
0.55 -0.143238
0.56 -0.142572
0.57 -0.141787
0.58 -0.140883
0.59 -0.139861
0.6 -0.138719
0.61 -0.13746
0.62 -0.136083
0.63 -0.134587
0.64 -0.132975
0.65 -0.131245
0.66 -0.129397
0.67 -0.127434
0.68 -0.125354
0.69 -0.123158
0.7 -0.120846
0.71 -0.118419
0.72 -0.115877
0.73 -0.11322
0.74 -0.11045
0.75 -0.107566
0.76 -0.104568
0.77 -0.101458
0.78 -0.0982359
0.79 -0.0949017
0.8 -0.0914562
0.81 -0.0878999
0.82 -0.0842332
0.83 -0.0804568
0.84 -0.0765711
0.85 -0.0725768
0.86 -0.0684742
0.87 -0.064264
0.88 -0.0599467
0.89 -0.055523
0.9 -0.0509933
0.91 -0.0463583
0.92 -0.0416186
0.93 -0.0367746
0.94 -0.0318271
0.95 -0.0267766
0.96 -0.0216237
0.97 -0.0163689
0.98 -0.011013
0.99 -0.00555651
1 0


0 -0
0.01 -0.00552665
0.02 -0.0109522
0.03 -0.016276
0.04 -0.0214975
0.05 -0.0266162
0.06 -0.0316315
0.07 -0.0365429
0.08 -0.0413498
0.09 -0.0460516
0.1 -0.0506479
0.11 -0.055138
0.12 -0.0595215
0.13 -0.0637979
0.14 -0.0679666
0.15 -0.0720271
0.16 -0.0759789
0.17 -0.0798216
0.18 -0.0835546
0.19 -0.0871776
0.2 -0.09069
0.21 -0.0940914
0.22 -0.0973814
0.23 -0.100559
0.24 -0.103625
0.25 -0.106578
0.26 -0.109419
0.27 -0.112145
0.28 -0.114758
0.29 -0.117257
0.3 -0.119641
0.31 -0.121911
0.32 -0.124065
0.33 -0.126104
0.34 -0.128028
0.35 -0.129835
0.36 -0.131527
0.37 -0.133102
0.38 -0.134561
0.39 -0.135902
0.4 -0.137127
0.41 -0.138235
0.42 -0.139226
0.43 -0.140099
0.44 -0.140855
0.45 -0.141493
0.46 -0.142014
0.47 -0.142417
0.48 -0.142703
0.49 -0.14287
0.5 -0.14292
0.51 -0.142853
0.52 -0.142668
0.53 -0.142365
0.54 -0.141944
0.55 -0.141406
0.56 -0.140751
0.57 -0.139979
0.58 -0.139089
0.59 -0.138083
0.6 -0.13696
0.61 -0.13572
0.62 -0.134364
0.63 -0.132892
0.64 -0.131304
0.65 -0.1296
0.66 -0.127781
0.67 -0.125847
0.68 -0.123797
0.69 -0.121634
0.7 -0.119356
0.71 -0.116965
0.72 -0.114459
0.73 -0.111841
0.74 -0.10911
0.75 -0.106267
0.76 -0.103312
0.77 -0.100245
0.78 -0.0970668
0.79 -0.0937781
0.8 -0.0903792
0.81 -0.0868705
0.82 -0.0832524
0.83 -0.0795255
0.84 -0.0756902
0.85 -0.0717469
0.86 -0.0676963
0.87 -0.0635388
0.88 -0.0592749
0.89 -0.0549051
0.9 -0.0504299
0.91 -0.0458499
0.92 -0.0411656
0.93 -0.0363774
0.94 -0.0314861
0.95 -0.026492
0.96 -0.0213958
0.97 -0.0161979
0.98 -0.010899
0.99 -0.00549949
1 0


0 -0
0.01 -0.00547246
0.02 -0.0108439
0.03 -0.0161138
0.04 -0.0212816
0.05 -0.0263468
0.06 -0.031309
0.07 -0.0361676
0.08 -0.0409222
0.09 -0.0455722
0.1 -0.0501171
0.11 -0.0545565
0.12 -0.0588898
0.13 -0.0631167
0.14 -0.0672367
0.15 -0.0712492
0.16 -0.0751539
0.17 -0.0789502
0.18 -0.0826379
0.19 -0.0862164
0.2 -0.0896853
0.21 -0.0930443
0.22 -0.0962929
0.23 -0.0994308
0.24 -0.102458
0.25 -0.105373
0.26 -0.108176
0.27 -0.110868
0.28 -0.113446
0.29 -0.115912
0.3 -0.118265
0.31 -0.120505
0.32 -0.122631
0.33 -0.124642
0.34 -0.12654
0.35 -0.128324
0.36 -0.129992
0.37 -0.131546
0.38 -0.132985
0.39 -0.134309
0.4 -0.135518
0.41 -0.136611
0.42 -0.137588
0.43 -0.13845
0.44 -0.139196
0.45 -0.139826
0.46 -0.14034
0.47 -0.140738
0.48 -0.14102
0.49 -0.141186
0.5 -0.141236
0.51 -0.14117
0.52 -0.140988
0.53 -0.14069
0.54 -0.140276
0.55 -0.139747
0.56 -0.139101
0.57 -0.138341
0.58 -0.137464
0.59 -0.136472
0.6 -0.135366
0.61 -0.134144
0.62 -0.132807
0.63 -0.131356
0.64 -0.12979
0.65 -0.12811
0.66 -0.126316
0.67 -0.124409
0.68 -0.122388
0.69 -0.120254
0.7 -0.118007
0.71 -0.115647
0.72 -0.113175
0.73 -0.110592
0.74 -0.107897
0.75 -0.10509
0.76 -0.102173
0.77 -0.0991454
0.78 -0.0960077
0.79 -0.0927602
0.8 -0.0894035
0.81 -0.0859379
0.82 -0.0823638
0.83 -0.0786817
0.84 -0.074892
0.85 -0.0709952
0.86 -0.0669916
0.87 -0.0628818
0.88 -0.0586662
0.89 -0.0543452
0.9 -0.0499194
0.91 -0.0453893
0.92 -0.0407552
0.93 -0.0360176
0.94 -0.0311772
0.95 -0.0262343
0.96 -0.0211894
0.97 -0.016043
0.98 -0.0107957
0.99 -0.00544784
1 0


0 -0
0.01 -0.00542336
0.02 -0.0107458
0.03 -0.0159668
0.04 -0.021086
0.05 -0.0261028
0.06 -0.0310168
0.07 -0.0358276
0.08 -0.0405348
0.09 -0.0451378
0.1 -0.0496362
0.11 -0.0540296
0.12 -0.0583175
0.13 -0.0624996
0.14 -0.0665753
0.15 -0.0705444
0.16 -0.0744063
0.17 -0.0781608
0.18 -0.0818073
0.19 -0.0853455
0.2 -0.0887751
0.21 -0.0920956
0.22 -0.0953067
0.23 -0.0984081
0.24 -0.101399
0.25 -0.10428
0.26 -0.107051
0.27 -0.10971
0.28 -0.112258
0.29 -0.114694
0.3 -0.117018
0.31 -0.119231
0.32 -0.121331
0.33 -0.123318
0.34 -0.125192
0.35 -0.126954
0.36 -0.128602
0.37 -0.130137
0.38 -0.131558
0.39 -0.132865
0.4 -0.134059
0.41 -0.135139
0.42 -0.136104
0.43 -0.136955
0.44 -0.137692
0.45 -0.138315
0.46 -0.138823
0.47 -0.139216
0.48 -0.139495
0.49 -0.13966
0.5 -0.13971
0.51 -0.139645
0.52 -0.139466
0.53 -0.139173
0.54 -0.138765
0.55 -0.138243
0.56 -0.137607
0.57 -0.136856
0.58 -0.135992
0.59 -0.135013
0.6 -0.133921
0.61 -0.132716
0.62 -0.131396
0.63 -0.129964
0.64 -0.128419
0.65 -0.12676
0.66 -0.124989
0.67 -0.123106
0.68 -0.12111
0.69 -0.119003
0.7 -0.116784
0.71 -0.114454
0.72 -0.112012
0.73 -0.10946
0.74 -0.106797
0.75 -0.104024
0.76 -0.101142
0.77 -0.0981494
0.78 -0.0950481
0.79 -0.091838
0.8 -0.0885195
0.81 -0.085093
0.82 -0.0815588
0.83 -0.0779173
0.84 -0.0741689
0.85 -0.0703141
0.86 -0.0663532
0.87 -0.0622866
0.88 -0.0581147
0.89 -0.0538381
0.9 -0.049457
0.91 -0.0449719
0.92 -0.0403834
0.93 -0.0356917
0.94 -0.0308973
0.95 -0.0260007
0.96 -0.0210024
0.97 -0.0159027
0.98 -0.0107021
0.99 -0.00540104
1 0


0 -0
0.01 -0.00537887
0.02 -0.0106569
0.03 -0.0158336
0.04 -0.0209087
0.05 -0.0258817
0.06 -0.0307521
0.07 -0.0355196
0.08 -0.0401838
0.09 -0.0447442
0.1 -0.0492004
0.11 -0.0535522
0.12 -0.0577989
0.13 -0.0619404
0.14 -0.0659761
0.15 -0.0699058
0.16 -0.073729
0.17 -0.0774455
0.18 -0.0810547
0.19 -0.0845564
0.2 -0.0879503
0.21 -0.091236
0.22 -0.0944132
0.23 -0.0974816
0.24 -0.100441
0.25 -0.103291
0.26 -0.106031
0.27 -0.108661
0.28 -0.111181
0.29 -0.11359
0.3 -0.115889
0.31 -0.118076
0.32 -0.120153
0.33 -0.122118
0.34 -0.123971
0.35 -0.125713
0.36 -0.127342
0.37 -0.12886
0.38 -0.130265
0.39 -0.131558
0.4 -0.132738
0.41 -0.133805
0.42 -0.13476
0.43 -0.135601
0.44 -0.13633
0.45 -0.136946
0.46 -0.137448
0.47 -0.137838
0.48 -0.138114
0.49 -0.138277
0.5 -0.138327
0.51 -0.138264
0.52 -0.138088
0.53 -0.137799
0.54 -0.137396
0.55 -0.136881
0.56 -0.136253
0.57 -0.135512
0.58 -0.134658
0.59 -0.133691
0.6 -0.132613
0.61 -0.131422
0.62 -0.130118
0.63 -0.128703
0.64 -0.127176
0.65 -0.125537
0.66 -0.123787
0.67 -0.121926
0.68 -0.119953
0.69 -0.11787
0.7 -0.115676
0.71 -0.113372
0.72 -0.110958
0.73 -0.108434
0.74 -0.105801
0.75 -0.103058
0.76 -0.100207
0.77 -0.0972471
0.78 -0.0941788
0.79 -0.0910026
0.8 -0.0877187
0.81 -0.0843276
0.82 -0.0808295
0.83 -0.0772248
0.84 -0.0735139
0.85 -0.0696971
0.86 -0.0657748
0.87 -0.0617473
0.88 -0.0576152
0.89 -0.0533786
0.9 -0.049038
0.91 -0.0445939
0.92 -0.0400465
0.93 -0.0353964
0.94 -0.0306438
0.95 -0.0257892
0.96 -0.0208329
0.97 -0.0157755
0.98 -0.0106173
0.99 -0.00535864
1 0


0 -0
0.01 -0.00533856
0.02 -0.0105764
0.03 -0.015713
0.04 -0.0207481
0.05 -0.0256813
0.06 -0.0305122
0.07 -0.0352405
0.08 -0.0398657
0.09 -0.0443876
0.1 -0.0488057
0.11 -0.0531196
0.12 -0.0573291
0.13 -0.0614338
0.14 -0.0654333
0.15 -0.0693272
0.16 -0.0731154
0.17 -0.0767974
0.18 -0.0803728
0.19 -0.0838415
0.2 -0.0872031
0.21 -0.0904572
0.22 -0.0936037
0.23 -0.0966421
0.24 -0.0995723
0.25 -0.102394
0.26 -0.105107
0.27 -0.107711
0.28 -0.110205
0.29 -0.11259
0.3 -0.114865
0.31 -0.117031
0.32 -0.119086
0.33 -0.121031
0.34 -0.122865
0.35 -0.124588
0.36 -0.126201
0.37 -0.127703
0.38 -0.129093
0.39 -0.130373
0.4 -0.13154
0.41 -0.132597
0.42 -0.133541
0.43 -0.134375
0.44 -0.135096
0.45 -0.135705
0.46 -0.136203
0.47 -0.136589
0.48 -0.136863
0.49 -0.137025
0.5 -0.137075
0.51 -0.137013
0.52 -0.136839
0.53 -0.136553
0.54 -0.136156
0.55 -0.135647
0.56 -0.135026
0.57 -0.134293
0.58 -0.133449
0.59 -0.132494
0.6 -0.131427
0.61 -0.130249
0.62 -0.12896
0.63 -0.127561
0.64 -0.12605
0.65 -0.124429
0.66 -0.122698
0.67 -0.120856
0.68 -0.118905
0.69 -0.116844
0.7 -0.114673
0.71 -0.112393
0.72 -0.110003
0.73 -0.107505
0.74 -0.104899
0.75 -0.102184
0.76 -0.0993604
0.77 -0.0964296
0.78 -0.0933912
0.79 -0.0902456
0.8 -0.0869932
0.81 -0.0836341
0.82 -0.0801687
0.83 -0.0765974
0.84 -0.0729204
0.85 -0.0691381
0.86 -0.0652508
0.87 -0.0612588
0.88 -0.0571625
0.89 -0.0529623
0.9 -0.0486585
0.91 -0.0442514
0.92 -0.0397414
0.93 -0.0351288
0.94 -0.0304141
0.95 -0.0255975
0.96 -0.0206795
0.97 -0.0156603
0.98 -0.0105405
0.99 -0.00532023
1 0


0 -0
0.01 -0.00530204
0.02 -0.0105034
0.03 -0.0156037
0.04 -0.0206026
0.05 -0.0254998
0.06 -0.0302949
0.07 -0.0349876
0.08 -0.0395776
0.09 -0.0440645
0.1 -0.048448
0.11 -0.0527277
0.12 -0.0569034
0.13 -0.0609747
0.14 -0.0649414
0.15 -0.068803
0.16 -0.0725594
0.17 -0.0762102
0.18 -0.0797551
0.19 -0.0831938
0.2 -0.0865261
0.21 -0.0897516
0.22 -0.0928702
0.23 -0.0958816
0.24 -0.0987854
0.25 -0.101582
0.26 -0.10427
0.27 -0.10685
0.28 -0.109321
0.29 -0.111684
0.3 -0.113938
0.31 -0.116083
0.32 -0.118119
0.33 -0.120046
0.34 -0.121862
0.35 -0.12357
0.36 -0.125167
0.37 -0.126654
0.38 -0.128032
0.39 -0.129299
0.4 -0.130456
0.41 -0.131502
0.42 -0.132438
0.43 -0.133263
0.44 -0.133978
0.45 -0.134582
0.46 -0.135075
0.47 -0.135457
0.48 -0.135729
0.49 -0.13589
0.5 -0.13594
0.51 -0.135879
0.52 -0.135707
0.53 -0.135425
0.54 -0.135032
0.55 -0.134528
0.56 -0.133914
0.57 -0.133189
0.58 -0.132354
0.59 -0.131409
0.6 -0.130353
0.61 -0.129187
0.62 -0.127911
0.63 -0.126526
0.64 -0.12503
0.65 -0.123425
0.66 -0.121711
0.67 -0.119888
0.68 -0.117955
0.69 -0.115914
0.7 -0.113764
0.71 -0.111505
0.72 -0.109138
0.73 -0.106663
0.74 -0.104081
0.75 -0.101391
0.76 -0.0985934
0.77 -0.0956889
0.78 -0.0926777
0.79 -0.0895599
0.8 -0.0863358
0.81 -0.0830058
0.82 -0.0795701
0.83 -0.0760289
0.84 -0.0723827
0.85 -0.0686316
0.86 -0.064776
0.87 -0.0608162
0.88 -0.0567525
0.89 -0.0525852
0.9 -0.0483146
0.91 -0.0439411
0.92 -0.0394649
0.93 -0.0348864
0.94 -0.0302059
0.95 -0.0254238
0.96 -0.0205404
0.97 -0.015556
0.98 -0.0104709
0.99 -0.00528543
1 0


0 -0
0.01 -0.00526895
0.02 -0.0104373
0.03 -0.0155047
0.04 -0.0204708
0.05 -0.0253353
0.06 -0.030098
0.07 -0.0347585
0.08 -0.0393165
0.09 -0.0437718
0.1 -0.0481239
0.11 -0.0523727
0.12 -0.0565177
0.13 -0.0605589
0.14 -0.0644958
0.15 -0.0683281
0.16 -0.0720557
0.17 -0.0756782
0.18 -0.0791954
0.19 -0.0826069
0.2 -0.0859127
0.21 -0.0891123
0.22 -0.0922057
0.23 -0.0951925
0.24 -0.0980724
0.25 -0.100845
0.26 -0.103511
0.27 -0.10607
0.28 -0.10852
0.29 -0.110863
0.3 -0.113098
0.31 -0.115225
0.32 -0.117243
0.33 -0.119153
0.34 -0.120954
0.35 -0.122647
0.36 -0.12423
0.37 -0.125705
0.38 -0.12707
0.39 -0.128326
0.4 -0.129473
0.41 -0.13051
0.42 -0.131438
0.43 -0.132256
0.44 -0.132965
0.45 -0.133564
0.46 -0.134053
0.47 -0.134432
0.48 -0.134702
0.49 -0.134861
0.5 -0.134911
0.51 -0.134852
0.52 -0.134682
0.53 -0.134403
0.54 -0.134014
0.55 -0.133515
0.56 -0.132907
0.57 -0.132189
0.58 -0.131362
0.59 -0.130426
0.6 -0.12938
0.61 -0.128225
0.62 -0.126961
0.63 -0.125588
0.64 -0.124106
0.65 -0.122516
0.66 -0.120817
0.67 -0.11901
0.68 -0.117095
0.69 -0.115071
0.7 -0.11294
0.71 -0.110701
0.72 -0.108354
0.73 -0.105901
0.74 -0.10334
0.75 -0.100673
0.76 -0.0978984
0.77 -0.0950179
0.78 -0.0920312
0.79 -0.0889386
0.8 -0.0857403
0.81 -0.0824366
0.82 -0.0790277
0.83 -0.0755139
0.84 -0.0718955
0.85 -0.0681728
0.86 -0.0643459
0.87 -0.0604152
0.88 -0.056381
0.89 -0.0522435
0.9 -0.048003
0.91 -0.0436599
0.92 -0.0392144
0.93 -0.0346668
0.94 -0.0300174
0.95 -0.0252665
0.96 -0.0204144
0.97 -0.0154614
0.98 -0.0104078
0.99 -0.0052539
1 0


0 -0
0.01 -0.00523898
0.02 -0.0103774
0.03 -0.0154149
0.04 -0.0203513
0.05 -0.0251863
0.06 -0.0299196
0.07 -0.0345509
0.08 -0.03908
0.09 -0.0435065
0.1 -0.0478303
0.11 -0.052051
0.12 -0.0561683
0.13 -0.0601821
0.14 -0.064092
0.15 -0.0678978
0.16 -0.0715993
0.17 -0.0751962
0.18 -0.0786882
0.19 -0.0820752
0.2 -0.085357
0.21 -0.0885331
0.22 -0.0916036
0.23 -0.0945681
0.24 -0.0974265
0.25 -0.100179
0.26 -0.102824
0.27 -0.105363
0.28 -0.107795
0.29 -0.110119
0.3 -0.112337
0.31 -0.114447
0.32 -0.11645
0.33 -0.118344
0.34 -0.120131
0.35 -0.12181
0.36 -0.123381
0.37 -0.124844
0.38 -0.126199
0.39 -0.127445
0.4 -0.128583
0.41 -0.129612
0.42 -0.130532
0.43 -0.131344
0.44 -0.132047
0.45 -0.132641
0.46 -0.133127
0.47 -0.133503
0.48 -0.133771
0.49 -0.13393
0.5 -0.13398
0.51 -0.133921
0.52 -0.133753
0.53 -0.133477
0.54 -0.133091
0.55 -0.132597
0.56 -0.131995
0.57 -0.131283
0.58 -0.130463
0.59 -0.129535
0.6 -0.128498
0.61 -0.127353
0.62 -0.1261
0.63 -0.124739
0.64 -0.123269
0.65 -0.121692
0.66 -0.120007
0.67 -0.118215
0.68 -0.116315
0.69 -0.114308
0.7 -0.112194
0.71 -0.109972
0.72 -0.107644
0.73 -0.10521
0.74 -0.102669
0.75 -0.100022
0.76 -0.0972688
0.77 -0.0944099
0.78 -0.0914455
0.79 -0.0883757
0.8 -0.0852007
0.81 -0.0819209
0.82 -0.0785363
0.83 -0.0750474
0.84 -0.0714542
0.85 -0.067757
0.86 -0.0639562
0.87 -0.0600519
0.88 -0.0560444
0.89 -0.0519339
0.9 -0.0477208
0.91 -0.0434052
0.92 -0.0389875
0.93 -0.0344678
0.94 -0.0298466
0.95 -0.025124
0.96 -0.0203003
0.97 -0.0153757
0.98 -0.0103507
0.99 -0.00522534
1 0


0 -0
0.01 -0.00521182
0.02 -0.0103231
0.03 -0.0153336
0.04 -0.0202431
0.05 -0.0250513
0.06 -0.029758
0.07 -0.0343629
0.08 -0.0388657
0.09 -0.0432663
0.1 -0.0475643
0.11 -0.0517595
0.12 -0.0558517
0.13 -0.0598407
0.14 -0.0637262
0.15 -0.067508
0.16 -0.0711858
0.17 -0.0747595
0.18 -0.0782288
0.19 -0.0815935
0.2 -0.0848534
0.21 -0.0880084
0.22 -0.0910581
0.23 -0.0940025
0.24 -0.0968413
0.25 -0.0995743
0.26 -0.102201
0.27 -0.104722
0.28 -0.107137
0.29 -0.109445
0.3 -0.111647
0.31 -0.113742
0.32 -0.115731
0.33 -0.117612
0.34 -0.119386
0.35 -0.121053
0.36 -0.122612
0.37 -0.124065
0.38 -0.125409
0.39 -0.126646
0.4 -0.127776
0.41 -0.128797
0.42 -0.129711
0.43 -0.130517
0.44 -0.131215
0.45 -0.131805
0.46 -0.132288
0.47 -0.132662
0.48 -0.132928
0.49 -0.133086
0.5 -0.133136
0.51 -0.133078
0.52 -0.132912
0.53 -0.132638
0.54 -0.132256
0.55 -0.131766
0.56 -0.131168
0.57 -0.130462
0.58 -0.129649
0.59 -0.128728
0.6 -0.127699
0.61 -0.126563
0.62 -0.12532
0.63 -0.123969
0.64 -0.122511
0.65 -0.120946
0.66 -0.119273
0.67 -0.117494
0.68 -0.115609
0.69 -0.113616
0.7 -0.111517
0.71 -0.109312
0.72 -0.107001
0.73 -0.104584
0.74 -0.102061
0.75 -0.0994324
0.76 -0.0966984
0.77 -0.0938591
0.78 -0.0909148
0.79 -0.0878657
0.8 -0.0847119
0.81 -0.0814536
0.82 -0.0780912
0.83 -0.0746246
0.84 -0.0710543
0.85 -0.0673804
0.86 -0.0636031
0.87 -0.0597227
0.88 -0.0557394
0.89 -0.0516534
0.9 -0.047465
0.91 -0.0431744
0.92 -0.0387819
0.93 -0.0342876
0.94 -0.0296918
0.95 -0.0249948
0.96 -0.0201968
0.97 -0.0152981
0.98 -0.0102989
0.99 -0.00519946
1 0


0 -0
0.01 -0.00518721
0.02 -0.0102739
0.03 -0.01526
0.04 -0.0201451
0.05 -0.024929
0.06 -0.0296116
0.07 -0.0341925
0.08 -0.0386716
0.09 -0.0430486
0.1 -0.0473233
0.11 -0.0514954
0.12 -0.0555649
0.13 -0.0595314
0.14 -0.0633948
0.15 -0.0671548
0.16 -0.0708112
0.17 -0.0743638
0.18 -0.0778125
0.19 -0.0811571
0.2 -0.0843973
0.21 -0.0875329
0.22 -0.0905639
0.23 -0.09349
0.24 -0.096311
0.25 -0.0990269
0.26 -0.101637
0.27 -0.104142
0.28 -0.106542
0.29 -0.108835
0.3 -0.111022
0.31 -0.113104
0.32 -0.115079
0.33 -0.116948
0.34 -0.118711
0.35 -0.120366
0.36 -0.121916
0.37 -0.123358
0.38 -0.124694
0.39 -0.125923
0.4 -0.127045
0.41 -0.12806
0.42 -0.128968
0.43 -0.129768
0.44 -0.130462
0.45 -0.131048
0.46 -0.131527
0.47 -0.131899
0.48 -0.132164
0.49 -0.132321
0.5 -0.132371
0.51 -0.132314
0.52 -0.132149
0.53 -0.131877
0.54 -0.131498
0.55 -0.131012
0.56 -0.130419
0.57 -0.129719
0.58 -0.128911
0.59 -0.127997
0.6 -0.126976
0.61 -0.125848
0.62 -0.124613
0.63 -0.123272
0.64 -0.121824
0.65 -0.120269
0.66 -0.118609
0.67 -0.116842
0.68 -0.114969
0.69 -0.11299
0.7 -0.110905
0.71 -0.108714
0.72 -0.106418
0.73 -0.104017
0.74 -0.10151
0.75 -0.0988983
0.76 -0.0961816
0.77 -0.0933601
0.78 -0.0904341
0.79 -0.0874037
0.8 -0.084269
0.81 -0.0810303
0.82 -0.0776878
0.83 -0.0742417
0.84 -0.070692
0.85 -0.0670392
0.86 -0.0632833
0.87 -0.0594245
0.88 -0.0554631
0.89 -0.0513993
0.9 -0.0472333
0.91 -0.0429653
0.92 -0.0385956
0.93 -0.0341243
0.94 -0.0295516
0.95 -0.0248778
0.96 -0.0201031
0.97 -0.0152278
0.98 -0.010252
0.99 -0.00517601
1 0


0 -0
0.01 -0.00516491
0.02 -0.0102294
0.03 -0.0151933
0.04 -0.0200563
0.05 -0.0248182
0.06 -0.0294789
0.07 -0.0340381
0.08 -0.0384957
0.09 -0.0428513
0.1 -0.0471049
0.11 -0.0512562
0.12 -0.055305
0.13 -0.0592512
0.14 -0.0630945
0.15 -0.0668347
0.16 -0.0704718
0.17 -0.0740054
0.18 -0.0774354
0.19 -0.0807616
0.2 -0.083984
0.21 -0.0871022
0.22 -0.0901161
0.23 -0.0930257
0.24 -0.0958306
0.25 -0.0985309
0.26 -0.101126
0.27 -0.103617
0.28 -0.106002
0.29 -0.108282
0.3 -0.110456
0.31 -0.112525
0.32 -0.114489
0.33 -0.116347
0.34 -0.118099
0.35 -0.119745
0.36 -0.121285
0.37 -0.122718
0.38 -0.124046
0.39 -0.125268
0.4 -0.126383
0.41 -0.127392
0.42 -0.128294
0.43 -0.12909
0.44 -0.129779
0.45 -0.130362
0.46 -0.130839
0.47 -0.131208
0.48 -0.131472
0.49 -0.131628
0.5 -0.131678
0.51 -0.131622
0.52 -0.131458
0.53 -0.131189
0.54 -0.130812
0.55 -0.13033
0.56 -0.129741
0.57 -0.129045
0.58 -0.128243
0.59 -0.127335
0.6 -0.12632
0.61 -0.125199
0.62 -0.123973
0.63 -0.12264
0.64 -0.121201
0.65 -0.119656
0.66 -0.118006
0.67 -0.11625
0.68 -0.114389
0.69 -0.112422
0.7 -0.11035
0.71 -0.108172
0.72 -0.10589
0.73 -0.103503
0.74 -0.101011
0.75 -0.0984144
0.76 -0.0957133
0.77 -0.092908
0.78 -0.0899985
0.79 -0.086985
0.8 -0.0838678
0.81 -0.0806468
0.82 -0.0773224
0.83 -0.0738947
0.84 -0.0703638
0.85 -0.06673
0.86 -0.0629935
0.87 -0.0591543
0.88 -0.0552128
0.89 -0.0511691
0.9 -0.0470234
0.91 -0.0427759
0.92 -0.0384268
0.93 -0.0339763
0.94 -0.0294246
0.95 -0.0247718
0.96 -0.0200183
0.97 -0.0151641
0.98 -0.0102095
0.99 -0.00515477
1 0


0 -0
0.01 -0.00514472
0.02 -0.010189
0.03 -0.0151328
0.04 -0.0199758
0.05 -0.0247178
0.06 -0.0293587
0.07 -0.0338982
0.08 -0.0383363
0.09 -0.0426726
0.1 -0.0469071
0.11 -0.0510394
0.12 -0.0550696
0.13 -0.0589973
0.14 -0.0628224
0.15 -0.0665448
0.16 -0.0701643
0.17 -0.0736806
0.18 -0.0770937
0.19 -0.0804034
0.2 -0.0836095
0.21 -0.0867119
0.22 -0.0897105
0.23 -0.092605
0.24 -0.0953954
0.25 -0.0980815
0.26 -0.100663
0.27 -0.10314
0.28 -0.105513
0.29 -0.107781
0.3 -0.109944
0.31 -0.112001
0.32 -0.113954
0.33 -0.115802
0.34 -0.117544
0.35 -0.119181
0.36 -0.120713
0.37 -0.122139
0.38 -0.123459
0.39 -0.124674
0.4 -0.125783
0.41 -0.126786
0.42 -0.127684
0.43 -0.128475
0.44 -0.129161
0.45 -0.129741
0.46 -0.130215
0.47 -0.130583
0.48 -0.130845
0.49 -0.131001
0.5 -0.131051
0.51 -0.130995
0.52 -0.130833
0.53 -0.130565
0.54 -0.130191
0.55 -0.129711
0.56 -0.129126
0.57 -0.128434
0.58 -0.127637
0.59 -0.126735
0.6 -0.125726
0.61 -0.124612
0.62 -0.123392
0.63 -0.122067
0.64 -0.120637
0.65 -0.119101
0.66 -0.11746
0.67 -0.115714
0.68 -0.113863
0.69 -0.111908
0.7 -0.109847
0.71 -0.107682
0.72 -0.105412
0.73 -0.103037
0.74 -0.100559
0.75 -0.097976
0.76 -0.0952891
0.77 -0.0924984
0.78 -0.0896039
0.79 -0.0866058
0.8 -0.0835042
0.81 -0.0802993
0.82 -0.0769913
0.83 -0.0735803
0.84 -0.0700664
0.85 -0.0664499
0.86 -0.0627309
0.87 -0.0589096
0.88 -0.0549861
0.89 -0.0509606
0.9 -0.0468332
0.91 -0.0426043
0.92 -0.0382739
0.93 -0.0338422
0.94 -0.0293095
0.95 -0.0246758
0.96 -0.0199414
0.97 -0.0151064
0.98 -0.010171
0.99 -0.00513552
1 0


0 -0
0.01 -0.00512641
0.02 -0.0101525
0.03 -0.015078
0.04 -0.0199029
0.05 -0.0246269
0.06 -0.0292498
0.07 -0.0337715
0.08 -0.0381919
0.09 -0.0425107
0.1 -0.0467278
0.11 -0.0508431
0.12 -0.0548563
0.13 -0.0587673
0.14 -0.062576
0.15 -0.0662821
0.16 -0.0698856
0.17 -0.0733864
0.18 -0.0767841
0.19 -0.0800788
0.2 -0.0832703
0.21 -0.0863583
0.22 -0.0893429
0.23 -0.0922239
0.24 -0.0950011
0.25 -0.0976744
0.26 -0.100244
0.27 -0.102709
0.28 -0.10507
0.29 -0.107327
0.3 -0.109479
0.31 -0.111527
0.32 -0.11347
0.33 -0.115308
0.34 -0.117042
0.35 -0.118671
0.36 -0.120194
0.37 -0.121613
0.38 -0.122927
0.39 -0.124136
0.4 -0.125239
0.41 -0.126238
0.42 -0.127131
0.43 -0.127918
0.44 -0.128601
0.45 -0.129178
0.46 -0.129649
0.47 -0.130016
0.48 -0.130276
0.49 -0.130432
0.5 -0.130482
0.51 -0.130426
0.52 -0.130266
0.53 -0.129999
0.54 -0.129628
0.55 -0.129151
0.56 -0.128569
0.57 -0.127881
0.58 -0.127089
0.59 -0.126191
0.6 -0.125188
0.61 -0.12408
0.62 -0.122867
0.63 -0.121549
0.64 -0.120126
0.65 -0.118598
0.66 -0.116966
0.67 -0.115229
0.68 -0.113388
0.69 -0.111442
0.7 -0.109391
0.71 -0.107237
0.72 -0.104978
0.73 -0.102616
0.74 -0.100149
0.75 -0.0975788
0.76 -0.0949048
0.77 -0.0921273
0.78 -0.0892464
0.79 -0.0862622
0.8 -0.0831749
0.81 -0.0799845
0.82 -0.0766914
0.83 -0.0732955
0.84 -0.069797
0.85 -0.0661962
0.86 -0.062493
0.87 -0.0586878
0.88 -0.0547806
0.89 -0.0507716
0.9 -0.0466609
0.91 -0.0424488
0.92 -0.0381354
0.93 -0.0337208
0.94 -0.0292052
0.95 -0.0245888
0.96 -0.0198717
0.97 -0.0150541
0.98 -0.0101362
0.99 -0.00511809
1 0


0 -0
0.01 -0.00510983
0.02 -0.0101194
0.03 -0.0150284
0.04 -0.0198368
0.05 -0.0245444
0.06 -0.0291511
0.07 -0.0336567
0.08 -0.0380611
0.09 -0.042364
0.1 -0.0465654
0.11 -0.0506651
0.12 -0.054663
0.13 -0.0585589
0.14 -0.0623526
0.15 -0.0660441
0.16 -0.0696332
0.17 -0.0731198
0.18 -0.0765037
0.19 -0.0797847
0.2 -0.0829629
0.21 -0.086038
0.22 -0.0890099
0.23 -0.0918786
0.24 -0.0946438
0.25 -0.0973055
0.26 -0.0998637
0.27 -0.102318
0.28 -0.104669
0.29 -0.106915
0.3 -0.109058
0.31 -0.111096
0.32 -0.113031
0.33 -0.114861
0.34 -0.116587
0.35 -0.118208
0.36 -0.119725
0.37 -0.121137
0.38 -0.122445
0.39 -0.123648
0.4 -0.124747
0.41 -0.125741
0.42 -0.12663
0.43 -0.127414
0.44 -0.128093
0.45 -0.128668
0.46 -0.129137
0.47 -0.129502
0.48 -0.129762
0.49 -0.129917
0.5 -0.129967
0.51 -0.129912
0.52 -0.129752
0.53 -0.129487
0.54 -0.129118
0.55 -0.128643
0.56 -0.128064
0.57 -0.12738
0.58 -0.126592
0.59 -0.125698
0.6 -0.1247
0.61 -0.123598
0.62 -0.122391
0.63 -0.121079
0.64 -0.119663
0.65 -0.118143
0.66 -0.116518
0.67 -0.114789
0.68 -0.112956
0.69 -0.111019
0.7 -0.108979
0.71 -0.106834
0.72 -0.104586
0.73 -0.102233
0.74 -0.0997779
0.75 -0.0972189
0.76 -0.0945566
0.77 -0.091791
0.78 -0.0889224
0.79 -0.0859509
0.8 -0.0828765
0.81 -0.0796993
0.82 -0.0764196
0.83 -0.0730374
0.84 -0.0695529
0.85 -0.0659663
0.86 -0.0622775
0.87 -0.0584869
0.88 -0.0545944
0.89 -0.0506004
0.9 -0.0465048
0.91 -0.042308
0.92 -0.0380099
0.93 -0.0336107
0.94 -0.0291107
0.95 -0.0245099
0.96 -0.0198085
0.97 -0.0150067
0.98 -0.0101046
0.99 -0.00510229
1 0


0 -0
0.01 -0.00509481
0.02 -0.0100893
0.03 -0.0149834
0.04 -0.019777
0.05 -0.0244698
0.06 -0.0290617
0.07 -0.0335527
0.08 -0.0379425
0.09 -0.0422311
0.1 -0.0464183
0.11 -0.0505039
0.12 -0.0544879
0.13 -0.0583701
0.14 -0.0621503
0.15 -0.0658285
0.16 -0.0694045
0.17 -0.0728782
0.18 -0.0762495
0.19 -0.0795183
0.2 -0.0826844
0.21 -0.0857478
0.22 -0.0887082
0.23 -0.0915657
0.24 -0.0943201
0.25 -0.0969714
0.26 -0.0995193
0.27 -0.101964
0.28 -0.104305
0.29 -0.106543
0.3 -0.108677
0.31 -0.110707
0.32 -0.112633
0.33 -0.114456
0.34 -0.116174
0.35 -0.117789
0.36 -0.1193
0.37 -0.120706
0.38 -0.122009
0.39 -0.123207
0.4 -0.124301
0.41 -0.12529
0.42 -0.126176
0.43 -0.126957
0.44 -0.127633
0.45 -0.128205
0.46 -0.128673
0.47 -0.129036
0.48 -0.129295
0.49 -0.12945
0.5 -0.1295
0.51 -0.129445
0.52 -0.129286
0.53 -0.129023
0.54 -0.128655
0.55 -0.128183
0.56 -0.127607
0.57 -0.126926
0.58 -0.126141
0.59 -0.125252
0.6 -0.124258
0.61 -0.123161
0.62 -0.121959
0.63 -0.120653
0.64 -0.119243
0.65 -0.11773
0.66 -0.116112
0.67 -0.114391
0.68 -0.112566
0.69 -0.110637
0.7 -0.108605
0.71 -0.106469
0.72 -0.10423
0.73 -0.101887
0.74 -0.0994416
0.75 -0.0968929
0.76 -0.0942411
0.77 -0.0914864
0.78 -0.088629
0.79 -0.0856688
0.8 -0.0826061
0.81 -0.0794409
0.82 -0.0761734
0.83 -0.0728036
0.84 -0.0693318
0.85 -0.0657579
0.86 -0.0620823
0.87 -0.0583048
0.88 -0.0544258
0.89 -0.0504453
0.9 -0.0463634
0.91 -0.0421803
0.92 -0.0378962
0.93 -0.033511
0.94 -0.0290251
0.95 -0.0244385
0.96 -0.0197514
0.97 -0.0149638
0.98 -0.010076
0.99 -0.00508798
1 0


0 -0
0.01 -0.0050812
0.02 -0.0100621
0.03 -0.0149427
0.04 -0.0197227
0.05 -0.0244021
0.06 -0.0289807
0.07 -0.0334585
0.08 -0.0378352
0.09 -0.0421107
0.1 -0.046285
0.11 -0.0503579
0.12 -0.0543293
0.13 -0.058199
0.14 -0.061967
0.15 -0.0656332
0.16 -0.0691973
0.17 -0.0726594
0.18 -0.0760193
0.19 -0.0792769
0.2 -0.0824321
0.21 -0.0854848
0.22 -0.0884349
0.23 -0.0912823
0.24 -0.0940269
0.25 -0.0966686
0.26 -0.0992073
0.27 -0.101643
0.28 -0.103976
0.29 -0.106205
0.3 -0.108331
0.31 -0.110354
0.32 -0.112273
0.33 -0.114089
0.34 -0.115801
0.35 -0.117409
0.36 -0.118914
0.37 -0.120316
0.38 -0.121613
0.39 -0.122807
0.4 -0.123896
0.41 -0.124882
0.42 -0.125764
0.43 -0.126542
0.44 -0.127216
0.45 -0.127787
0.46 -0.128253
0.47 -0.128615
0.48 -0.128873
0.49 -0.129027
0.5 -0.129077
0.51 -0.129023
0.52 -0.128865
0.53 -0.128603
0.54 -0.128237
0.55 -0.127767
0.56 -0.127193
0.57 -0.126515
0.58 -0.125733
0.59 -0.124848
0.6 -0.123858
0.61 -0.122765
0.62 -0.121568
0.63 -0.120268
0.64 -0.118863
0.65 -0.117356
0.66 -0.115744
0.67 -0.11403
0.68 -0.112212
0.69 -0.11029
0.7 -0.108266
0.71 -0.106138
0.72 -0.103907
0.73 -0.101574
0.74 -0.0991369
0.75 -0.0965975
0.76 -0.0939553
0.77 -0.0912104
0.78 -0.0883631
0.79 -0.0854133
0.8 -0.0823612
0.81 -0.0792068
0.82 -0.0759503
0.83 -0.0725918
0.84 -0.0691314
0.85 -0.0655692
0.86 -0.0619053
0.87 -0.0581399
0.88 -0.054273
0.89 -0.0503047
0.9 -0.0462353
0.91 -0.0420647
0.92 -0.0377931
0.93 -0.0334207
0.94 -0.0289476
0.95 -0.0243738
0.96 -0.0196995
0.97 -0.0149249
0.98 -0.01005
0.99 -0.00507501
1 0


0 -0
0.01 -0.00506887
0.02 -0.0100375
0.03 -0.0149058
0.04 -0.0196736
0.05 -0.0243408
0.06 -0.0289074
0.07 -0.0333731
0.08 -0.0377379
0.09 -0.0420016
0.1 -0.0461642
0.11 -0.0502256
0.12 -0.0541855
0.13 -0.058044
0.14 -0.0618009
0.15 -0.0654562
0.16 -0.0690096
0.17 -0.0724612
0.18 -0.0758107
0.19 -0.0790582
0.2 -0.0822035
0.21 -0.0852466
0.22 -0.0881872
0.23 -0.0910255
0.24 -0.0937612
0.25 -0.0963943
0.26 -0.0989247
0.27 -0.101352
0.28 -0.103677
0.29 -0.105899
0.3 -0.108018
0.31 -0.110034
0.32 -0.111946
0.33 -0.113756
0.34 -0.115462
0.35 -0.117066
0.36 -0.118565
0.37 -0.119962
0.38 -0.121255
0.39 -0.122444
0.4 -0.12353
0.41 -0.124513
0.42 -0.125392
0.43 -0.126167
0.44 -0.126839
0.45 -0.127407
0.46 -0.127872
0.47 -0.128233
0.48 -0.12849
0.49 -0.128644
0.5 -0.128694
0.51 -0.12864
0.52 -0.128483
0.53 -0.128222
0.54 -0.127857
0.55 -0.127389
0.56 -0.126817
0.57 -0.126142
0.58 -0.125364
0.59 -0.124481
0.6 -0.123496
0.61 -0.122406
0.62 -0.121214
0.63 -0.119918
0.64 -0.118519
0.65 -0.117017
0.66 -0.115411
0.67 -0.113703
0.68 -0.111891
0.69 -0.109976
0.7 -0.107959
0.71 -0.105839
0.72 -0.103615
0.73 -0.101289
0.74 -0.0988609
0.75 -0.0963298
0.76 -0.0936963
0.77 -0.0909604
0.78 -0.0881222
0.79 -0.0851818
0.8 -0.0821392
0.81 -0.0789947
0.82 -0.0757482
0.83 -0.0723999
0.84 -0.0689499
0.85 -0.0653982
0.86 -0.0617451
0.87 -0.0579905
0.88 -0.0541345
0.89 -0.0501774
0.9 -0.0461192
0.91 -0.0419599
0.92 -0.0376998
0.93 -0.0333389
0.94 -0.0288773
0.95 -0.0243152
0.96 -0.0196526
0.97 -0.0148897
0.98 -0.0100265
0.99 -0.00506326
1 0


0 -0
0.01 -0.0050577
0.02 -0.0100152
0.03 -0.0148724
0.04 -0.0196291
0.05 -0.0242853
0.06 -0.0288409
0.07 -0.0332957
0.08 -0.0376497
0.09 -0.0419028
0.1 -0.0460548
0.11 -0.0501057
0.12 -0.0540553
0.13 -0.0579036
0.14 -0.0616505
0.15 -0.0652958
0.16 -0.0688395
0.17 -0.0722815
0.18 -0.0756217
0.19 -0.0788601
0.2 -0.0819964
0.21 -0.0850307
0.22 -0.0879629
0.23 -0.0907928
0.24 -0.0935205
0.25 -0.0961457
0.26 -0.0986686
0.27 -0.101089
0.28 -0.103407
0.29 -0.105622
0.3 -0.107734
0.31 -0.109744
0.32 -0.111651
0.33 -0.113455
0.34 -0.115156
0.35 -0.116754
0.36 -0.118249
0.37 -0.119641
0.38 -0.12093
0.39 -0.122116
0.4 -0.123198
0.41 -0.124178
0.42 -0.125054
0.43 -0.125827
0.44 -0.126497
0.45 -0.127063
0.46 -0.127527
0.47 -0.127887
0.48 -0.128143
0.49 -0.128296
0.5 -0.128346
0.51 -0.128293
0.52 -0.128137
0.53 -0.127877
0.54 -0.127514
0.55 -0.127047
0.56 -0.126477
0.57 -0.125805
0.58 -0.125029
0.59 -0.124149
0.6 -0.123167
0.61 -0.122082
0.62 -0.120893
0.63 -0.119602
0.64 -0.118207
0.65 -0.11671
0.66 -0.11511
0.67 -0.113406
0.68 -0.111601
0.69 -0.109692
0.7 -0.107681
0.71 -0.105567
0.72 -0.103351
0.73 -0.101032
0.74 -0.0986108
0.75 -0.0960874
0.76 -0.0934617
0.77 -0.0907338
0.78 -0.0879039
0.79 -0.084972
0.8 -0.0819382
0.81 -0.0788025
0.82 -0.0755651
0.83 -0.0722261
0.84 -0.0687854
0.85 -0.0652433
0.86 -0.0615999
0.87 -0.0578551
0.88 -0.0540091
0.89 -0.0500621
0.9 -0.046014
0.91 -0.041865
0.92 -0.0376152
0.93 -0.0332647
0.94 -0.0288137
0.95 -0.0242621
0.96 -0.0196101
0.97 -0.0148577
0.98 -0.0100052
0.99 -0.00505262
1 0


0 -0
0.01 -0.00504758
0.02 -0.00999496
0.03 -0.0148421
0.04 -0.0195888
0.05 -0.024235
0.06 -0.0287807
0.07 -0.0332256
0.08 -0.0375699
0.09 -0.0418132
0.1 -0.0459557
0.11 -0.0499971
0.12 -0.0539373
0.13 -0.0577764
0.14 -0.0615142
0.15 -0.0651505
0.16 -0.0686854
0.17 -0.0721188
0.18 -0.0754505
0.19 -0.0786805
0.2 -0.0818088
0.21 -0.0848352
0.22 -0.0877596
0.23 -0.090582
0.24 -0.0933024
0.25 -0.0959206
0.26 -0.0984366
0.27 -0.10085
0.28 -0.103162
0.29 -0.105371
0.3 -0.107477
0.31 -0.109481
0.32 -0.111383
0.33 -0.113182
0.34 -0.114878
0.35 -0.116472
0.36 -0.117962
0.37 -0.119351
0.38 -0.120636
0.39 -0.121818
0.4 -0.122898
0.41 -0.123875
0.42 -0.124748
0.43 -0.125519
0.44 -0.126187
0.45 -0.126752
0.46 -0.127214
0.47 -0.127573
0.48 -0.127829
0.49 -0.127982
0.5 -0.128032
0.51 -0.127979
0.52 -0.127823
0.53 -0.127564
0.54 -0.127202
0.55 -0.126737
0.56 -0.126169
0.57 -0.125499
0.58 -0.124725
0.59 -0.123849
0.6 -0.122869
0.61 -0.121787
0.62 -0.120602
0.63 -0.119315
0.64 -0.117925
0.65 -0.116432
0.66 -0.114836
0.67 -0.113138
0.68 -0.111337
0.69 -0.109434
0.7 -0.107429
0.71 -0.105321
0.72 -0.103111
0.73 -0.100799
0.74 -0.0983842
0.75 -0.0958677
0.76 -0.0932491
0.77 -0.0905286
0.78 -0.0877062
0.79 -0.084782
0.8 -0.081756
0.81 -0.0786284
0.82 -0.0753992
0.83 -0.0720685
0.84 -0.0686364
0.85 -0.065103
0.86 -0.0614683
0.87 -0.0577324
0.88 -0.0538955
0.89 -0.0499575
0.9 -0.0459187
0.91 -0.041779
0.92 -0.0375386
0.93 -0.0331976
0.94 -0.028756
0.95 -0.0242139
0.96 -0.0195715
0.97 -0.0148288
0.98 -0.00998595
0.99 -0.00504297
1 0


0 -0
0.01 -0.00503841
0.02 -0.00997664
0.03 -0.0148146
0.04 -0.0195522
0.05 -0.0241894
0.06 -0.0287261
0.07 -0.0331621
0.08 -0.0374975
0.09 -0.0417321
0.1 -0.0458659
0.11 -0.0498987
0.12 -0.0538304
0.13 -0.0576611
0.14 -0.0613906
0.15 -0.0650189
0.16 -0.0685458
0.17 -0.0719714
0.18 -0.0752954
0.19 -0.0785179
0.2 -0.0816388
0.21 -0.084658
0.22 -0.0875754
0.23 -0.090391
0.24 -0.0931048
0.25 -0.0957166
0.26 -0.0982264
0.27 -0.100634
0.28 -0.10294
0.29 -0.105143
0.3 -0.107244
0.31 -0.109243
0.32 -0.11114
0.33 -0.112934
0.34 -0.114626
0.35 -0.116216
0.36 -0.117703
0.37 -0.119087
0.38 -0.120369
0.39 -0.121549
0.4 -0.122625
0.41 -0.1236
0.42 -0.124471
0.43 -0.12524
0.44 -0.125906
0.45 -0.12647
0.46 -0.126931
0.47 -0.127289
0.48 -0.127544
0.49 -0.127697
0.5 -0.127747
0.51 -0.127694
0.52 -0.127539
0.53 -0.127281
0.54 -0.12692
0.55 -0.126456
0.56 -0.12589
0.57 -0.125222
0.58 -0.12445
0.59 -0.123576
0.6 -0.1226
0.61 -0.121521
0.62 -0.120339
0.63 -0.119055
0.64 -0.117668
0.65 -0.11618
0.66 -0.114588
0.67 -0.112895
0.68 -0.111099
0.69 -0.109201
0.7 -0.107201
0.71 -0.105098
0.72 -0.102894
0.73 -0.100587
0.74 -0.0981789
0.75 -0.0956687
0.76 -0.0930565
0.77 -0.0903426
0.78 -0.087527
0.79 -0.0846098
0.8 -0.081591
0.81 -0.0784707
0.82 -0.0752489
0.83 -0.0719258
0.84 -0.0685014
0.85 -0.0649758
0.86 -0.0613491
0.87 -0.0576213
0.88 -0.0537925
0.89 -0.0498628
0.9 -0.0458323
0.91 -0.0417011
0.92 -0.0374692
0.93 -0.0331367
0.94 -0.0287037
0.95 -0.0241703
0.96 -0.0195366
0.97 -0.0148026
0.98 -0.00996847
0.99 -0.00503424
1 0


0 -0
0.01 -0.0050301
0.02 -0.00996004
0.03 -0.0147897
0.04 -0.0195191
0.05 -0.0241481
0.06 -0.0286766
0.07 -0.0331046
0.08 -0.037432
0.09 -0.0416586
0.1 -0.0457845
0.11 -0.0498095
0.12 -0.0537336
0.13 -0.0575567
0.14 -0.0612787
0.15 -0.0648997
0.16 -0.0684194
0.17 -0.0718378
0.18 -0.0751549
0.19 -0.0783705
0.2 -0.0814848
0.21 -0.0844975
0.22 -0.0874086
0.23 -0.090218
0.24 -0.0929258
0.25 -0.0955317
0.26 -0.0980359
0.27 -0.100438
0.28 -0.102739
0.29 -0.104937
0.3 -0.107033
0.31 -0.109028
0.32 -0.11092
0.33 -0.11271
0.34 -0.114398
0.35 -0.115984
0.36 -0.117468
0.37 -0.118849
0.38 -0.120128
0.39 -0.121304
0.4 -0.122379
0.41 -0.123351
0.42 -0.12422
0.43 -0.124987
0.44 -0.125652
0.45 -0.126214
0.46 -0.126674
0.47 -0.127031
0.48 -0.127286
0.49 -0.127439
0.5 -0.127489
0.51 -0.127436
0.52 -0.127281
0.53 -0.127024
0.54 -0.126664
0.55 -0.126202
0.56 -0.125637
0.57 -0.12497
0.58 -0.124201
0.59 -0.123329
0.6 -0.122355
0.61 -0.121279
0.62 -0.1201
0.63 -0.11882
0.64 -0.117436
0.65 -0.115951
0.66 -0.114364
0.67 -0.112674
0.68 -0.110883
0.69 -0.108989
0.7 -0.106994
0.71 -0.104896
0.72 -0.102697
0.73 -0.100396
0.74 -0.097993
0.75 -0.0954883
0.76 -0.092882
0.77 -0.0901742
0.78 -0.0873647
0.79 -0.0844538
0.8 -0.0814415
0.81 -0.0783278
0.82 -0.0751128
0.83 -0.0717965
0.84 -0.0683791
0.85 -0.0648606
0.86 -0.0612411
0.87 -0.0575206
0.88 -0.0536992
0.89 -0.0497771
0.9 -0.0457541
0.91 -0.0416305
0.92 -0.0374063
0.93 -0.0330816
0.94 -0.0286564
0.95 -0.0241308
0.96 -0.019505
0.97 -0.0147789
0.98 -0.00995264
0.99 -0.00502632
1 0


0 -0
0.01 -0.00502257
0.02 -0.009945
0.03 -0.0147672
0.04 -0.0194891
0.05 -0.0241107
0.06 -0.0286319
0.07 -0.0330525
0.08 -0.0373726
0.09 -0.041592
0.1 -0.0457108
0.11 -0.0497287
0.12 -0.0536459
0.13 -0.0574621
0.14 -0.0611774
0.15 -0.0647916
0.16 -0.0683048
0.17 -0.0717168
0.18 -0.0750275
0.19 -0.078237
0.2 -0.0813452
0.21 -0.084352
0.22 -0.0872574
0.23 -0.0900612
0.24 -0.0927636
0.25 -0.0953643
0.26 -0.0978634
0.27 -0.100261
0.28 -0.102556
0.29 -0.10475
0.3 -0.106842
0.31 -0.108833
0.32 -0.110721
0.33 -0.112507
0.34 -0.114192
0.35 -0.115774
0.36 -0.117254
0.37 -0.118633
0.38 -0.119909
0.39 -0.121083
0.4 -0.122155
0.41 -0.123125
0.42 -0.123993
0.43 -0.124758
0.44 -0.125422
0.45 -0.125983
0.46 -0.126442
0.47 -0.126798
0.48 -0.127053
0.49 -0.127205
0.5 -0.127255
0.51 -0.127203
0.52 -0.127048
0.53 -0.126792
0.54 -0.126433
0.55 -0.125972
0.56 -0.125408
0.57 -0.124743
0.58 -0.123975
0.59 -0.123106
0.6 -0.122134
0.61 -0.12106
0.62 -0.119884
0.63 -0.118606
0.64 -0.117226
0.65 -0.115744
0.66 -0.11416
0.67 -0.112475
0.68 -0.110687
0.69 -0.108798
0.7 -0.106806
0.71 -0.104713
0.72 -0.102519
0.73 -0.100222
0.74 -0.0978244
0.75 -0.095325
0.76 -0.092724
0.77 -0.0900215
0.78 -0.0872177
0.79 -0.0843125
0.8 -0.081306
0.81 -0.0781983
0.82 -0.0749894
0.83 -0.0716794
0.84 -0.0682683
0.85 -0.0647563
0.86 -0.0611433
0.87 -0.0574294
0.88 -0.0536147
0.89 -0.0496993
0.9 -0.0456833
0.91 -0.0415666
0.92 -0.0373493
0.93 -0.0330316
0.94 -0.0286135
0.95 -0.024095
0.96 -0.0194763
0.97 -0.0147574
0.98 -0.0099383
0.99 -0.00501915
1 0


0 -0
0.01 -0.00501575
0.02 -0.00993138
0.03 -0.0147468
0.04 -0.019462
0.05 -0.0240768
0.06 -0.0285913
0.07 -0.0330053
0.08 -0.0373188
0.09 -0.0415317
0.1 -0.045644
0.11 -0.0496555
0.12 -0.0535664
0.13 -0.0573764
0.14 -0.0610855
0.15 -0.0646937
0.16 -0.0682009
0.17 -0.0716071
0.18 -0.0749122
0.19 -0.0781161
0.2 -0.0812188
0.21 -0.0842203
0.22 -0.0871204
0.23 -0.0899192
0.24 -0.0926166
0.25 -0.0952126
0.26 -0.097707
0.27 -0.1001
0.28 -0.102391
0.29 -0.104581
0.3 -0.106669
0.31 -0.108656
0.32 -0.11054
0.33 -0.112323
0.34 -0.114004
0.35 -0.115584
0.36 -0.117061
0.37 -0.118437
0.38 -0.119711
0.39 -0.120883
0.4 -0.121953
0.41 -0.122921
0.42 -0.123787
0.43 -0.124551
0.44 -0.125213
0.45 -0.125773
0.46 -0.126231
0.47 -0.126587
0.48 -0.126841
0.49 -0.126993
0.5 -0.127043
0.51 -0.126991
0.52 -0.126837
0.53 -0.126581
0.54 -0.126223
0.55 -0.125763
0.56 -0.125201
0.57 -0.124537
0.58 -0.123771
0.59 -0.122903
0.6 -0.121933
0.61 -0.120862
0.62 -0.119688
0.63 -0.118413
0.64 -0.117036
0.65 -0.115557
0.66 -0.113976
0.67 -0.112294
0.68 -0.11051
0.69 -0.108624
0.7 -0.106637
0.71 -0.104548
0.72 -0.102357
0.73 -0.100065
0.74 -0.0976718
0.75 -0.0951769
0.76 -0.0925807
0.77 -0.0898832
0.78 -0.0870844
0.79 -0.0841844
0.8 -0.0811833
0.81 -0.078081
0.82 -0.0748776
0.83 -0.0715732
0.84 -0.0681679
0.85 -0.0646617
0.86 -0.0610546
0.87 -0.0573468
0.88 -0.0535382
0.89 -0.0496289
0.9 -0.045619
0.91 -0.0415086
0.92 -0.0372977
0.93 -0.0329864
0.94 -0.0285746
0.95 -0.0240626
0.96 -0.0194503
0.97 -0.0147379
0.98 -0.0099253
0.99 -0.00501265
1 0


0 -0
0.01 -0.00500957
0.02 -0.00991903
0.03 -0.0147283
0.04 -0.0194374
0.05 -0.0240461
0.06 -0.0285545
0.07 -0.0329625
0.08 -0.03727
0.09 -0.041477
0.1 -0.0455834
0.11 -0.0495892
0.12 -0.0534944
0.13 -0.0572987
0.14 -0.0610023
0.15 -0.064605
0.16 -0.0681069
0.17 -0.0715078
0.18 -0.0748076
0.19 -0.0780065
0.2 -0.0811043
0.21 -0.0841009
0.22 -0.0869963
0.23 -0.0897905
0.24 -0.0924835
0.25 -0.0950751
0.26 -0.0975654
0.27 -0.0999543
0.28 -0.102242
0.29 -0.104428
0.3 -0.106512
0.31 -0.108495
0.32 -0.110377
0.33 -0.112157
0.34 -0.113835
0.35 -0.115411
0.36 -0.116886
0.37 -0.11826
0.38 -0.119531
0.39 -0.120701
0.4 -0.121769
0.41 -0.122735
0.42 -0.1236
0.43 -0.124363
0.44 -0.125024
0.45 -0.125583
0.46 -0.12604
0.47 -0.126395
0.48 -0.126649
0.49 -0.126801
0.5 -0.126851
0.51 -0.126799
0.52 -0.126645
0.53 -0.12639
0.54 -0.126033
0.55 -0.125574
0.56 -0.125013
0.57 -0.12435
0.58 -0.123586
0.59 -0.12272
0.6 -0.121752
0.61 -0.120682
0.62 -0.119511
0.63 -0.118238
0.64 -0.116863
0.65 -0.115387
0.66 -0.113809
0.67 -0.11213
0.68 -0.110349
0.69 -0.108467
0.7 -0.106483
0.71 -0.104398
0.72 -0.102211
0.73 -0.0999228
0.74 -0.0975335
0.75 -0.0950428
0.76 -0.092451
0.77 -0.0897579
0.78 -0.0869637
0.79 -0.0840684
0.8 -0.0810721
0.81 -0.0779747
0.82 -0.0747763
0.83 -0.0714771
0.84 -0.068077
0.85 -0.064576
0.86 -0.0609743
0.87 -0.0572719
0.88 -0.0534688
0.89 -0.0495651
0.9 -0.0455609
0.91 -0.0414561
0.92 -0.0372509
0.93 -0.0329454
0.94 -0.0285394
0.95 -0.0240332
0.96 -0.0194268
0.97 -0.0147202
0.98 -0.00991353
0.99 -0.00500676
1 0


0 -0
0.01 -0.00500398
0.02 -0.00990785
0.03 -0.0147116
0.04 -0.019415
0.05 -0.0240183
0.06 -0.0285212
0.07 -0.0329237
0.08 -0.0372258
0.09 -0.0414275
0.1 -0.0455286
0.11 -0.0495292
0.12 -0.0534291
0.13 -0.0572284
0.14 -0.0609269
0.15 -0.0645247
0.16 -0.0680216
0.17 -0.0714177
0.18 -0.074713
0.19 -0.0779072
0.2 -0.0810005
0.21 -0.0839927
0.22 -0.0868839
0.23 -0.089674
0.24 -0.0923629
0.25 -0.0949506
0.26 -0.0974371
0.27 -0.0998223
0.28 -0.102106
0.29 -0.104289
0.3 -0.10637
0.31 -0.10835
0.32 -0.110229
0.33 -0.112006
0.34 -0.113681
0.35 -0.115255
0.36 -0.116728
0.37 -0.118099
0.38 -0.119369
0.39 -0.120536
0.4 -0.121603
0.41 -0.122568
0.42 -0.123431
0.43 -0.124192
0.44 -0.124852
0.45 -0.12541
0.46 -0.125867
0.47 -0.126222
0.48 -0.126475
0.49 -0.126627
0.5 -0.126677
0.51 -0.126625
0.52 -0.126472
0.53 -0.126217
0.54 -0.12586
0.55 -0.125402
0.56 -0.124842
0.57 -0.124181
0.58 -0.123418
0.59 -0.122553
0.6 -0.121587
0.61 -0.120519
0.62 -0.11935
0.63 -0.118079
0.64 -0.116707
0.65 -0.115233
0.66 -0.113658
0.67 -0.111981
0.68 -0.110203
0.69 -0.108324
0.7 -0.106343
0.71 -0.104261
0.72 -0.102078
0.73 -0.0997938
0.74 -0.0974081
0.75 -0.0949213
0.76 -0.0923334
0.77 -0.0896444
0.78 -0.0868544
0.79 -0.0839633
0.8 -0.0809713
0.81 -0.0778784
0.82 -0.0746846
0.83 -0.07139
0.84 -0.0679945
0.85 -0.0644984
0.86 -0.0609015
0.87 -0.057204
0.88 -0.053406
0.89 -0.0495073
0.9 -0.0455082
0.91 -0.0414086
0.92 -0.0372086
0.93 -0.0329082
0.94 -0.0285075
0.95 -0.0240066
0.96 -0.0194055
0.97 -0.0147042
0.98 -0.00990286
0.99 -0.00500143
1 0


0 -0
0.01 -0.0049989
0.02 -0.00989771
0.03 -0.0146964
0.04 -0.0193948
0.05 -0.0239931
0.06 -0.028491
0.07 -0.0328886
0.08 -0.0371858
0.09 -0.0413826
0.1 -0.0454789
0.11 -0.0494747
0.12 -0.05337
0.13 -0.0571646
0.14 -0.0608586
0.15 -0.0644519
0.16 -0.0679444
0.17 -0.0713362
0.18 -0.0746272
0.19 -0.0778173
0.2 -0.0809065
0.21 -0.0838947
0.22 -0.086782
0.23 -0.0895683
0.24 -0.0922536
0.25 -0.0948378
0.26 -0.0973208
0.27 -0.0997028
0.28 -0.101984
0.29 -0.104163
0.3 -0.106241
0.31 -0.108219
0.32 -0.110094
0.33 -0.111869
0.34 -0.113542
0.35 -0.115114
0.36 -0.116584
0.37 -0.117953
0.38 -0.119221
0.39 -0.120387
0.4 -0.121452
0.41 -0.122416
0.42 -0.123277
0.43 -0.124038
0.44 -0.124697
0.45 -0.125254
0.46 -0.12571
0.47 -0.126065
0.48 -0.126318
0.49 -0.126469
0.5 -0.126519
0.51 -0.126468
0.52 -0.126315
0.53 -0.12606
0.54 -0.125704
0.55 -0.125247
0.56 -0.124688
0.57 -0.124028
0.58 -0.123266
0.59 -0.122403
0.6 -0.121438
0.61 -0.120372
0.62 -0.119204
0.63 -0.117936
0.64 -0.116565
0.65 -0.115094
0.66 -0.113521
0.67 -0.111847
0.68 -0.110072
0.69 -0.108195
0.7 -0.106217
0.71 -0.104138
0.72 -0.101958
0.73 -0.0996769
0.74 -0.0972946
0.75 -0.0948113
0.76 -0.0922269
0.77 -0.0895416
0.78 -0.0867553
0.79 -0.0838681
0.8 -0.08088
0.81 -0.0777911
0.82 -0.0746015
0.83 -0.071311
0.84 -0.0679199
0.85 -0.0644281
0.86 -0.0608356
0.87 -0.0571426
0.88 -0.053349
0.89 -0.0494549
0.9 -0.0454604
0.91 -0.0413655
0.92 -0.0371702
0.93 -0.0328745
0.94 -0.0284786
0.95 -0.0239825
0.96 -0.0193862
0.97 -0.0146897
0.98 -0.00989319
0.99 -0.0049966
1 0


0 -0
0.01 -0.00499609
0.02 -0.0098921
0.03 -0.014688
0.04 -0.0193836
0.05 -0.0239791
0.06 -0.0284743
0.07 -0.0328691
0.08 -0.0371637
0.09 -0.0413578
0.1 -0.0454514
0.11 -0.0494446
0.12 -0.0533372
0.13 -0.0571293
0.14 -0.0608207
0.15 -0.0644115
0.16 -0.0679016
0.17 -0.071291
0.18 -0.0745796
0.19 -0.0777674
0.2 -0.0808543
0.21 -0.0838404
0.22 -0.0867256
0.23 -0.0895098
0.24 -0.092193
0.25 -0.0947752
0.26 -0.0972564
0.27 -0.0996365
0.28 -0.101915
0.29 -0.104093
0.3 -0.10617
0.31 -0.108146
0.32 -0.11002
0.33 -0.111793
0.34 -0.113465
0.35 -0.115035
0.36 -0.116505
0.37 -0.117873
0.38 -0.119139
0.39 -0.120305
0.4 -0.121369
0.41 -0.122331
0.42 -0.123193
0.43 -0.123952
0.44 -0.124611
0.45 -0.125168
0.46 -0.125624
0.47 -0.125978
0.48 -0.126231
0.49 -0.126382
0.5 -0.126432
0.51 -0.126381
0.52 -0.126228
0.53 -0.125974
0.54 -0.125618
0.55 -0.125161
0.56 -0.124603
0.57 -0.123943
0.58 -0.123182
0.59 -0.122319
0.6 -0.121355
0.61 -0.12029
0.62 -0.119124
0.63 -0.117856
0.64 -0.116487
0.65 -0.115017
0.66 -0.113445
0.67 -0.111772
0.68 -0.109998
0.69 -0.108123
0.7 -0.106147
0.71 -0.10407
0.72 -0.101892
0.73 -0.0996121
0.74 -0.0972317
0.75 -0.0947502
0.76 -0.0921679
0.77 -0.0894846
0.78 -0.0867004
0.79 -0.0838153
0.8 -0.0808294
0.81 -0.0777428
0.82 -0.0745554
0.83 -0.0712673
0.84 -0.0678785
0.85 -0.0643891
0.86 -0.0607991
0.87 -0.0571085
0.88 -0.0533175
0.89 -0.0494259
0.9 -0.0454339
0.91 -0.0413416
0.92 -0.0371489
0.93 -0.0328559
0.94 -0.0284626
0.95 -0.0239691
0.96 -0.0193755
0.97 -0.0146817
0.98 -0.00988784
0.99 -0.00499392
1 0
