1.91516 0 1.88749 0 1.25361 0 1.36503 0 1.88749 0 1.91516 0 
5.47563 0 5.52256 0 5.02439 0 4.97133 0 4.47744 0 4.52437 0 
7.48369 0 7.5371 0 8.14906 0 8.12681 0 7.5371 0 7.48369 0 
11.5163 0 10.5371 0 10.8732 0 11.1491 0 11.4629 0 10.4837 0 
13.5244 0 14.5226 0 13.9713 0 13.9756 0 14.5226 0 13.5244 0 
17.0848 0 16.8875 0 17.635 0 16.2536 0 17.1125 0 16.9152 0 


1.92003 0 1.89342 0 1.27603 0 1.38387 0 1.88825 0 1.91532 0 
5.4483 0 5.49499 0 5.02365 0 4.97218 0 4.48098 0 4.52531 0 
7.51336 0 7.56152 0 8.14458 0 8.12304 0 7.54024 0 7.48471 0 
11.4866 0 10.5615 0 10.877 0 11.1446 0 11.4598 0 10.4847 0 
13.5517 0 14.495 0 13.9722 0 13.9763 0 14.519 0 13.5253 0 
17.08 0 16.8934 0 17.6159 0 16.2757 0 17.1118 0 16.9153 0 


1.9341 0 1.9106 0 1.34194 0 1.43926 0 1.89052 0 1.91583 0 
5.36943 0 5.4152 0 5.0215 0 4.97468 0 4.49154 0 4.52811 0 
7.59897 0 7.6322 0 8.13142 0 8.11198 0 7.5496 0 7.48775 0 
11.401 0 10.6322 0 10.8882 0 11.1316 0 11.4504 0 10.4878 0 
13.6306 0 14.4152 0 13.9747 0 13.9785 0 14.5085 0 13.5281 0 
17.0659 0 16.9106 0 17.5598 0 16.3409 0 17.1095 0 16.9158 0 


1.95574 0 1.93721 0 1.44739 0 1.52791 0 1.89428 0 1.91666 0 
5.24811 0 5.29161 0 5.01806 0 4.97869 0 4.50899 0 4.53278 0 
7.73067 0 7.74169 0 8.11036 0 8.09428 0 7.56505 0 7.49281 0 
11.2693 0 10.7417 0 10.9061 0 11.1108 0 11.4349 0 10.4928 0 
13.7519 0 14.2916 0 13.9788 0 13.9819 0 14.491 0 13.5328 0 
17.0443 0 16.9372 0 17.4701 0 16.4451 0 17.1057 0 16.9167 0 


1.98247 0 1.97045 0 1.58603 0 1.64457 0 1.89947 0 1.91782 0 
5.09826 0 5.13725 0 5.01353 0 4.98395 0 4.53309 0 4.53928 0 
7.89333 0 7.87842 0 8.08267 0 8.07098 0 7.5864 0 7.49988 0 
11.1067 0 10.8784 0 10.9297 0 11.0834 0 11.4136 0 10.4999 0 
13.9017 0 14.1372 0 13.9841 0 13.9863 0 14.4669 0 13.5393 0 
17.0175 0 16.9704 0 17.3522 0 16.5822 0 17.1005 0 16.9178 0 


2.01122 0 2.0068 0 1.74955 0 1.78232 0 1.90602 0 1.9193 0 
4.93712 0 4.96841 0 5.00818 0 4.99017 0 4.56351 0 4.5476 0 
8.06826 0 8.02799 0 8.05002 0 8.04347 0 7.61335 0 7.50891 0 
10.9317 0 11.028 0 10.9575 0 11.0511 0 11.3867 0 10.5089 0 
14.0629 0 13.9684 0 13.9904 0 13.9916 0 14.4365 0 13.5476 0 
16.9888 0 17.0068 0 17.2131 0 16.7441 0 17.094 0 16.9193 0 


2.03867 0 2.04244 0 1.92811 0 1.93298 0 1.91384 0 1.9211 0 
4.78321 0 4.8029 0 5.00235 0 4.99697 0 4.59984 0 4.5577 0 
8.23533 0 8.1746 0 8.01436 0 8.01339 0 7.64553 0 7.51987 0 
10.7647 0 11.1746 0 10.9878 0 11.0157 0 11.3545 0 10.5199 0 
14.2168 0 13.8029 0 13.9972 0 13.9974 0 14.4002 0 13.5577 0 
16.9613 0 17.0424 0 17.0612 0 16.9212 0 17.0862 0 16.9211 0 


2.06168 0 2.0736 0 2.11099 0 2.08761 0 1.92283 0 1.92322 0 
4.65422 0 4.65819 0 4.99637 0 5.00396 0 4.64159 0 4.56954 0 
8.37536 0 8.30279 0 7.97783 0 7.9825 0 7.68251 0 7.53273 0 
10.6246 0 11.3028 0 11.0189 0 10.9794 0 11.3175 0 10.5327 0 
14.3458 0 13.6582 0 14.0043 0 14.0034 0 14.3584 0 13.5695 0 
16.9383 0 17.0736 0 16.9056 0 17.103 0 17.0772 0 16.9232 0 


2.0776 0 2.09699 0 2.2872 0 2.23705 0 1.93286 0 1.92563 0 
4.56497 0 4.54954 0 4.99062 0 5.0107 0 4.68819 0 4.58308 0 
8.47224 0 8.39903 0 7.94264 0 7.95266 0 7.72379 0 7.54742 0 
10.5278 0 11.399 0 11.0488 0 10.9444 0 11.2762 0 10.5474 0 
14.435 0 13.5495 0 14.011 0 14.0091 0 14.3118 0 13.5831 0 
16.9224 0 17.097 0 16.7557 0 17.2787 0 17.0671 0 16.9256 0 


2.0846 0 2.11015 0 2.44616 0 2.37243 0 1.94381 0 1.92834 0 
4.52572 0 4.48841 0 4.98542 0 5.01681 0 4.73902 0 4.59826 0 
8.51484 0 8.45318 0 7.9109 0 7.92562 0 7.76882 0 7.5639 0 
10.4852 0 11.4532 0 11.0758 0 10.9126 0 11.2312 0 10.5639 0 
14.4743 0 13.4884 0 14.0171 0 14.0143 0 14.261 0 13.5983 0 
16.9154 0 17.1102 0 16.6204 0 17.4378 0 17.0562 0 16.9283 0 


2.08188 0 2.11169 0 2.57832 0 2.48571 0 1.95551 0 1.93133 0 
4.54099 0 4.48126 0 4.9811 0 5.02193 0 4.79338 0 4.61502 0 
8.49827 0 8.45951 0 7.88451 0 7.903 0 7.81697 0 7.5821 0 
10.5017 0 11.4595 0 11.0983 0 10.886 0 11.183 0 10.5821 0 
14.459 0 13.4813 0 14.0222 0 14.0187 0 14.2066 0 13.615 0 
16.9181 0 17.1117 0 16.508 0 17.5709 0 17.0445 0 16.9313 0 


2.06974 0 2.10145 0 2.67573 0 2.57018 0 1.96782 0 1.93459 0 
4.60902 0 4.52884 0 4.97792 0 5.02574 0 4.85053 0 4.6333 0 
8.42442 0 8.41737 0 7.86505 0 7.88613 0 7.8676 0 7.60194 0 
10.5756 0 11.4174 0 11.1148 0 10.8662 0 11.1324 0 10.6019 0 
14.391 0 13.5288 0 14.026 0 14.0219 0 14.1495 0 13.6333 0 
16.9303 0 17.1014 0 16.4251 0 17.6702 0 17.0322 0 16.9346 0 


2.04959 0 2.0805 0 2.73254 0 2.62082 0 1.98056 0 1.93811 0 
4.72199 0 4.62613 0 4.97607 0 5.02803 0 4.90971 0 4.65302 0 
8.30179 0 8.33119 0 7.85371 0 7.87602 0 7.92002 0 7.62335 0 
10.6982 0 11.3312 0 11.1245 0 10.8543 0 11.08 0 10.6233 0 
14.278 0 13.6261 0 14.0281 0 14.0238 0 14.0903 0 13.653 0 
16.9504 0 17.0805 0 16.3768 0 17.7298 0 17.0194 0 16.9381 0 


2.02374 0 2.05106 0 2.74535 0 2.63463 0 1.99356 0 1.94187 0 
4.86691 0 4.76286 0 4.97565 0 5.02865 0 4.97011 0 4.67411 0 
8.14447 0 8.21007 0 7.85115 0 7.87326 0 7.97352 0 7.64624 0 
10.8555 0 11.2101 0 11.1266 0 10.851 0 11.0265 0 10.6462 0 
14.1331 0 13.7629 0 14.0286 0 14.0244 0 14.0299 0 13.6741 0 
16.9763 0 17.0511 0 16.3659 0 17.746 0 17.0064 0 16.9419 0 


1.99516 0 2.01623 0 2.71338 0 2.61079 0 2.00666 0 1.94586 0 
5.02713 0 4.92461 0 4.97669 0 5.02758 0 5.03092 0 4.69649 0 
7.97054 0 8.06678 0 7.85753 0 7.87802 0 8.02739 0 7.67053 0 
11.0295 0 11.0668 0 11.1212 0 10.8566 0 10.9726 0 10.6705 0 
13.9729 0 13.9246 0 14.0274 0 14.0235 0 13.9691 0 13.6965 0 
17.0048 0 17.0162 0 16.3931 0 17.718 0 16.9933 0 16.9459 0 


1.96714 0 1.97969 0 2.63856 0 2.55072 0 2.01966 0 1.95006 0 
5.18424 0 5.09432 0 4.97914 0 5.02486 0 5.09131 0 4.72005 0 
7.80001 0 7.91645 0 7.87248 0 7.89002 0 8.08088 0 7.69611 0 
11.2 0 10.9165 0 11.1085 0 10.8707 0 10.9191 0 10.6961 0 
13.8158 0 14.0943 0 14.0245 0 14.0212 0 13.9087 0 13.7201 0 
17.0329 0 16.9797 0 16.4568 0 17.6474 0 16.9803 0 16.9501 0 


1.94289 0 1.9453 0 2.52537 0 2.45797 0 2.03239 0 1.95446 0 
5.32016 0 5.25407 0 4.98283 0 5.02068 0 5.15046 0 4.74472 0 
7.65246 0 7.77494 0 7.89508 0 7.90854 0 8.13328 0 7.72289 0 
11.3475 0 10.7749 0 11.0893 0 10.8925 0 10.8667 0 10.7229 0 
13.6798 0 14.2541 0 14.0202 0 14.0176 0 13.8495 0 13.7447 0 
17.0571 0 16.9453 0 16.5531 0 17.5383 0 16.9676 0 16.9545 0 


1.92521 0 1.91667 0 2.38062 0 2.33806 0 2.04469 0 1.95904 0 
5.41929 0 5.38702 0 4.98756 0 5.01526 0 5.20757 0 4.7704 0 
7.54485 0 7.65717 0 7.92399 0 7.93249 0 8.18387 0 7.75076 0 
11.4551 0 10.6572 0 11.0647 0 10.9206 0 10.8161 0 10.7508 0 
13.5807 0 14.387 0 14.0146 0 14.013 0 13.7924 0 13.7704 0 
17.0748 0 16.9167 0 16.6762 0 17.3974 0 16.9553 0 16.959 0 


1.91612 0 1.89684 0 2.213 0 2.19809 0 2.05638 0 1.96379 0 
5.47022 0 5.47914 0 4.99304 0 5.00894 0 5.26187 0 4.79698 0 
7.48956 0 7.57557 0 7.95746 0 7.96044 0 8.23198 0 7.77962 0 
11.5104 0 10.5756 0 11.0362 0 10.9535 0 10.768 0 10.7796 0 
13.5298 0 14.4791 0 14.0082 0 14.0076 0 13.7381 0 13.797 0 
17.0839 0 16.8968 0 16.8188 0 17.2328 0 16.9436 0 16.9638 0 


1.91668 0 1.88789 0 2.03259 0 2.04637 0 2.06731 0 1.96867 0 
5.4671 0 5.5207 0 4.99894 0 5.00209 0 5.31263 0 4.82436 0 
7.49295 0 7.53875 0 7.99349 0 7.99074 0 8.27694 0 7.80934 0 
11.5071 0 10.5387 0 11.0055 0 10.9891 0 10.7231 0 10.8093 0 
13.5329 0 14.5207 0 14.0013 0 14.0018 0 13.6874 0 13.8244 0 
17.0833 0 16.8879 0 16.9723 0 17.0545 0 16.9327 0 16.9687 0 


1.92681 0 1.89077 0 1.85022 0 1.89189 0 2.07733 0 1.97368 0 
5.41029 0 5.50733 0 5.00489 0 4.99512 0 5.35916 0 4.85243 0 
7.55461 0 7.55059 0 8.02991 0 8.02159 0 8.31815 0 7.83981 0 
11.4454 0 10.5506 0 10.9746 0 11.0254 0 10.6818 0 10.8398 0 
13.5897 0 14.5073 0 13.9942 0 13.9958 0 13.6408 0 13.8524 0 
17.0732 0 16.8908 0 17.1274 0 16.8729 0 16.9227 0 16.9737 0 


1.94536 0 1.90517 0 1.67685 0 1.74384 0 2.0863 0 1.97879 0 
5.30633 0 5.44044 0 5.01056 0 4.98843 0 5.40082 0 4.88108 0 
7.66747 0 7.60985 0 8.06454 0 8.05116 0 8.35506 0 7.87091 0 
11.3325 0 10.6098 0 10.9451 0 11.0601 0 10.6449 0 10.8709 0 
13.6937 0 14.4404 0 13.9876 0 13.9902 0 13.5992 0 13.8811 0 
17.0546 0 16.9052 0 17.2749 0 16.6989 0 16.9137 0 16.9788 0 


1.97018 0 1.92958 0 1.52289 0 1.61097 0 2.0941 0 1.98398 0 
5.16715 0 5.32708 0 5.01559 0 4.98244 0 5.43705 0 4.9102 0 
7.81855 0 7.71027 0 8.09528 0 8.07769 0 8.38715 0 7.90252 0 
11.1814 0 10.7103 0 10.9189 0 11.0913 0 10.6128 0 10.9025 0 
13.8328 0 14.3271 0 13.9817 0 13.9851 0 13.5629 0 13.9102 0 
17.0298 0 16.9296 0 17.4059 0 16.5427 0 16.9059 0 16.984 0 


1.99844 0 1.96142 0 1.39759 0 1.50119 0 2.10063 0 1.98924 0 
5.00876 0 5.1792 0 5.01968 0 4.97748 0 5.46737 0 4.93968 0 
7.99049 0 7.84126 0 8.1203 0 8.09961 0 8.41401 0 7.93452 0 
11.0095 0 10.8413 0 10.8977 0 11.1171 0 10.586 0 10.9345 0 
13.9912 0 14.1792 0 13.9769 0 13.9808 0 13.5326 0 13.9397 0 
17.0016 0 16.9614 0 17.5125 0 16.4137 0 16.8994 0 16.9892 0 


2.02687 0 1.99732 0 1.30849 0 1.421 0 2.10579 0 1.99454 0 
4.84937 0 5.01243 0 5.02259 0 4.97386 0 5.49136 0 4.96939 0 
8.16352 0 7.98899 0 8.1381 0 8.11563 0 8.43526 0 7.96677 0 
10.8365 0 10.989 0 10.8825 0 11.1359 0 10.5647 0 10.9668 0 
14.1506 0 14.0124 0 13.9734 0 13.9778 0 13.5086 0 13.9694 0 
16.9731 0 16.9973 0 17.5883 0 16.3194 0 16.8942 0 16.9945 0 


2.05221 0 2.03352 0 1.26092 0 1.37516 0 2.10953 0 1.99986 0 
4.70728 0 4.84434 0 5.02415 0 4.97179 0 5.50869 0 4.99922 0 
8.31775 0 8.13789 0 8.1476 0 8.12478 0 8.45061 0 7.99916 0 
10.6822 0 11.1379 0 10.8744 0 11.1467 0 10.5494 0 10.9992 0 
14.2927 0 13.8443 0 13.9716 0 13.976 0 13.4913 0 13.9992 0 
16.9478 0 17.0335 0 17.6287 0 16.2655 0 16.8905 0 16.9999 0 


2.07156 0 2.06617 0 1.25776 0 1.36639 0 2.11178 0 2.00518 0 
4.59885 0 4.69267 0 5.02425 0 4.97139 0 5.51914 0 5.02906 0 
8.43546 0 8.27224 0 8.14823 0 8.12654 0 8.45987 0 8.03154 0 
10.5645 0 11.2722 0 10.8739 0 11.1487 0 10.5401 0 11.0315 0 
14.4012 0 13.6927 0 13.9715 0 13.9757 0 13.4809 0 14.0291 0 
16.9284 0 17.0662 0 17.6314 0 16.2552 0 16.8882 0 17.0052 0 


2.08268 0 2.09185 0 1.29919 0 1.39521 0 2.11251 0 2.01048 0 
4.53652 0 4.57343 0 5.0229 0 4.9727 0 5.52256 0 5.05878 0 
8.50312 0 8.37787 0 8.13995 0 8.12078 0 8.4629 0 8.06381 0 
10.4969 0 11.3779 0 10.8809 0 11.142 0 10.5371 0 11.0638 0 
14.4635 0 13.5734 0 13.9731 0 13.9768 0 13.4774 0 14.0588 0 
16.9173 0 17.0918 0 17.5962 0 16.2891 0 16.8875 0 17.0105 0 


2.08429 0 2.10783 0 1.38272 0 1.4599 0 2.11172 0 2.01575 0 
4.52747 0 4.49919 0 5.02017 0 4.97562 0 5.5189 0 5.08827 0 
8.51295 0 8.44363 0 8.12327 0 8.10786 0 8.45966 0 8.09582 0 
10.487 0 11.4436 0 10.8951 0 11.1268 0 10.5403 0 11.0958 0 
14.4725 0 13.4992 0 13.9763 0 13.9793 0 13.4811 0 14.0883 0 
16.9157 0 17.1078 0 17.5251 0 16.3651 0 16.8883 0 17.0157 0 


2.07622 0 2.11244 0 1.50334 0 1.55664 0 2.10942 0 2.02094 0 
4.57273 0 4.47779 0 5.01623 0 4.97998 0 5.50822 0 5.11741 0 
8.46382 0 8.46258 0 8.09919 0 8.08854 0 8.45019 0 8.12745 0 
10.5362 0 11.4626 0 10.9156 0 11.1041 0 10.5498 0 11.1275 0 
14.4273 0 13.4778 0 13.9809 0 13.983 0 13.4918 0 14.1174 0 
16.9238 0 17.1124 0 17.4225 0 16.4788 0 16.8906 0 17.0209 0 


2.05938 0 2.10518 0 1.65379 0 1.67968 0 2.10564 0 2.02606 0 
4.6671 0 4.51149 0 5.01131 0 4.98554 0 5.49065 0 5.14609 0 
8.36138 0 8.43274 0 8.06914 0 8.06397 0 8.43463 0 8.15858 0 
10.6386 0 11.4327 0 10.9412 0 11.0752 0 10.5654 0 11.1586 0 
14.3329 0 13.5115 0 13.9867 0 13.9877 0 13.5093 0 14.1461 0 
16.9406 0 17.1052 0 17.2945 0 16.6235 0 16.8944 0 17.0261 0 


2.03572 0 2.08683 0 1.82504 0 1.82172 0 2.10043 0 2.03107 0 
4.79973 0 4.59672 0 5.00572 0 4.99195 0 5.46644 0 5.17419 0 
8.2174 0 8.35723 0 8.03494 0 8.0356 0 8.41319 0 8.18909 0 
10.7826 0 11.3572 0 10.9703 0 11.0419 0 10.5868 0 11.1891 0 
14.2003 0 13.5967 0 13.9933 0 13.9932 0 13.5336 0 14.1742 0 
16.9643 0 17.0868 0 17.1488 0 16.7904 0 16.8996 0 17.0311 0 


2.00796 0 2.05932 0 2.0068 0 1.97434 0 2.09386 0 2.03596 0 
4.95539 0 4.7245 0 4.99978 0 4.99884 0 5.43592 0 5.20161 0 
8.04843 0 8.24404 0 7.99864 0 8.00512 0 8.38615 0 8.21886 0 
10.9516 0 11.244 0 11.0012 0 11.006 0 10.6139 0 11.2189 0 
14.0446 0 13.7245 0 14.0003 0 13.999 0 13.5641 0 14.2016 0 
16.992 0 17.0593 0 16.9942 0 16.9698 0 16.9061 0 17.036 0 


1.97928 0 2.02555 0 2.18815 0 2.12849 0 2.08602 0 2.04071 0 
5.11617 0 4.88135 0 4.99385 0 5.0058 0 5.39949 0 5.22824 0 
7.87389 0 8.1051 0 7.96243 0 7.97434 0 8.35388 0 8.24776 0 
11.1261 0 11.1051 0 11.032 0 10.9698 0 10.6461 0 11.2478 0 
13.8838 0 13.8814 0 14.0072 0 14.0049 0 13.6005 0 14.2282 0 
17.0207 0 17.0255 0 16.8399 0 17.151 0 16.914 0 17.0407 0 


1.95298 0 1.98908 0 2.3582 0 2.27501 0 2.07701 0 2.0453 0 
5.2636 0 5.05072 0 4.9883 0 5.01242 0 5.35766 0 5.25396 0 
7.71385 0 7.95507 0 7.92847 0 7.94508 0 8.31682 0 8.27568 0 
11.2861 0 10.9551 0 11.0609 0 10.9354 0 10.6832 0 11.2757 0 
13.7364 0 14.0507 0 14.0138 0 14.0106 0 13.6423 0 14.254 0 
17.047 0 16.9891 0 16.6953 0 17.3233 0 16.923 0 17.0453 0 


1.93209 0 1.95377 0 2.50673 0 2.40521 0 2.06696 0 2.04971 0 
5.38073 0 5.21473 0 4.98344 0 5.01829 0 5.31098 0 5.27869 0 
7.5867 0 7.80979 0 7.8988 0 7.91908 0 8.27547 0 8.30252 0 
11.4133 0 10.8098 0 11.0861 0 10.9049 0 10.7245 0 11.3025 0 
13.6193 0 14.2147 0 14.0195 0 14.0156 0 13.689 0 14.2787 0 
17.0679 0 16.9538 0 16.5689 0 17.4763 0 16.933 0 17.0497 0 


1.919 0 1.92333 0 2.62482 0 2.51138 0 2.056 0 2.05393 0 
5.4541 0 5.35609 0 4.97959 0 5.02309 0 5.26009 0 5.30231 0 
7.50706 0 7.68457 0 7.87522 0 7.89788 0 8.23039 0 8.32817 0 
11.4929 0 10.6846 0 11.1062 0 10.88 0 10.7696 0 11.3282 0 
13.5459 0 14.3561 0 14.024 0 14.0196 0 13.7399 0 14.3023 0 
17.081 0 16.9233 0 16.4685 0 17.6011 0 16.944 0 17.0539 0 


1.91522 0 1.90098 0 2.70537 0 2.5872 0 2.04428 0 2.05793 0 
5.47527 0 5.45988 0 4.97695 0 5.02651 0 5.20568 0 5.32475 0 
7.48407 0 7.59262 0 7.85913 0 7.88273 0 8.18219 0 8.35253 0 
11.5159 0 10.5926 0 11.1198 0 10.8622 0 10.8178 0 11.3525 0 
13.5247 0 14.4599 0 14.0271 0 14.0226 0 13.7943 0 14.3248 0 
17.0848 0 16.901 0 16.3999 0 17.6902 0 16.9557 0 17.0579 0 


1.92119 0 1.88908 0 2.74355 0 2.6282 0 2.03197 0 2.0617 0 
5.44182 0 5.51515 0 4.97571 0 5.02836 0 5.14848 0 5.34591 0 
7.52039 0 7.54366 0 7.85151 0 7.87455 0 8.13153 0 8.37549 0 
11.4796 0 10.5437 0 11.1263 0 10.8525 0 10.8685 0 11.3755 0 
13.5582 0 14.5152 0 14.0286 0 14.0241 0 13.8515 0 14.3459 0 
17.0788 0 16.8891 0 16.3675 0 17.7384 0 16.968 0 17.0617 0 


1.93622 0 1.88888 0 2.73705 0 2.63192 0 2.01922 0 2.06523 0 
5.35758 0 5.51607 0 4.97592 0 5.02853 0 5.08928 0 5.3657 0 
7.61184 0 7.54285 0 7.85281 0 7.8738 0 8.07908 0 8.39698 0 
11.3882 0 10.5428 0 11.1252 0 10.8517 0 10.9209 0 11.397 0 
13.6424 0 14.5161 0 14.0283 0 14.0243 0 13.9107 0 14.3657 0 
17.0638 0 16.8889 0 16.373 0 17.7428 0 16.9808 0 17.0652 0 


1.95857 0 1.90041 0 2.68628 0 2.59815 0 2.00621 0 2.06851 0 
5.23224 0 5.46255 0 4.97758 0 5.027 0 5.02886 0 5.38406 0 
7.7479 0 7.59026 0 7.86295 0 7.88055 0 8.02556 0 8.41691 0 
11.2521 0 10.5903 0 11.1166 0 10.8596 0 10.9744 0 11.4169 0 
13.7678 0 14.4625 0 14.0264 0 14.023 0 13.9711 0 14.3841 0 
17.0414 0 16.9004 0 16.4162 0 17.7031 0 16.9938 0 17.0685 0 


1.98569 0 1.92244 0 2.59428 0 2.5289 0 1.99312 0 2.07151 0 
5.0802 0 5.36022 0 4.98058 0 5.02388 0 4.96805 0 5.4009 0 
7.91294 0 7.68091 0 7.88132 0 7.89438 0 7.9717 0 8.43519 0 
11.0871 0 10.6809 0 11.101 0 10.8758 0 11.0283 0 11.4352 0 
13.9198 0 14.3602 0 14.0228 0 14.0203 0 14.0319 0 14.4009 0 
17.0143 0 16.9224 0 16.4944 0 17.6217 0 17.0069 0 17.0715 0 


2.01446 0 1.95266 0 2.46657 0 2.42828 0 1.98012 0 2.07424 0 
4.91895 0 5.21989 0 4.98476 0 5.01934 0 4.90768 0 5.41617 0 
8.08798 0 7.80522 0 7.90682 0 7.91447 0 7.91822 0 8.45176 0 
10.912 0 10.8052 0 11.0793 0 10.8995 0 11.0818 0 11.4518 0 
14.081 0 14.2199 0 14.0179 0 14.0164 0 14.0923 0 14.4162 0 
16.9855 0 16.9527 0 16.6031 0 17.5034 0 17.0199 0 17.0742 0 


2.04156 0 1.98787 0 2.31084 0 2.30224 0 1.96739 0 2.07667 0 
4.76701 0 5.05636 0 4.98984 0 5.01365 0 4.84856 0 5.42979 0 
8.25291 0 7.95008 0 7.93792 0 7.93964 0 7.86585 0 8.46655 0 
10.7471 0 10.9501 0 11.0528 0 10.929 0 11.1342 0 11.4666 0 
14.233 0 14.0564 0 14.0119 0 14.0116 0 14.1514 0 14.4298 0 
16.9584 0 16.9879 0 16.7356 0 17.3553 0 17.0326 0 17.0767 0 


2.06389 0 2.02436 0 2.13643 0 2.15828 0 1.9551 0 2.07879 0 
4.64186 0 4.88688 0 4.99554 0 5.00715 0 4.79148 0 5.44172 0 
8.38878 0 8.1002 0 7.97275 0 7.96839 0 7.81529 0 8.47951 0 
10.6112 0 11.1002 0 11.0232 0 10.9628 0 11.1847 0 11.4795 0 
14.3581 0 13.8869 0 14.0052 0 14.0061 0 14.2085 0 14.4417 0 
16.9361 0 17.0244 0 16.8839 0 17.1861 0 17.0449 0 17.0788 0 


2.07887 0 2.05828 0 1.95383 0 2.00492 0 1.94342 0 2.08061 0 
4.55786 0 4.72934 0 5.00151 0 5.00022 0 4.73723 0 5.45192 0 
8.47995 0 8.23976 0 8.00922 0 7.99902 0 7.76724 0 8.49057 0 
10.52 0 11.2398 0 10.9922 0 10.9988 0 11.2328 0 11.4906 0 
14.4421 0 13.7293 0 13.9982 0 14.0002 0 14.2628 0 14.4519 0 
16.9211 0 17.0583 0 17.0393 0 17.0058 0 17.0566 0 17.0806 0 


2.08478 0 2.08605 0 1.774 0 1.85127 0 1.93251 0 2.08211 0 
4.52469 0 4.60035 0 5.00738 0 4.99329 0 4.68654 0 5.46033 0 
8.51596 0 8.35402 0 8.04513 0 8.0297 0 7.72233 0 8.4997 0 
10.484 0 11.354 0 10.9616 0 11.0349 0 11.2777 0 11.4997 0 
14.4753 0 13.6004 0 13.9913 0 13.9943 0 14.3135 0 14.4603 0 
16.9152 0 17.086 0 17.1923 0 16.8252 0 17.0675 0 17.0821 0 


2.08096 0 2.10474 0 1.60775 0 1.70645 0 1.92251 0 2.08329 0 
4.54615 0 4.51353 0 5.01282 0 4.98675 0 4.6401 0 5.46693 0 
8.49266 0 8.43093 0 8.07834 0 8.05862 0 7.68119 0 8.50687 0 
10.5073 0 11.4309 0 10.9334 0 11.0689 0 11.3188 0 11.5069 0 
14.4538 0 13.5135 0 13.9849 0 13.9887 0 14.3599 0 14.4669 0 
16.919 0 17.1047 0 17.3337 0 16.6549 0 17.0775 0 17.0833 0 


2.06782 0 2.11239 0 1.46506 0 1.57904 0 1.91356 0 2.08414 0 
4.61978 0 4.47803 0 5.01748 0 4.98099 0 4.59852 0 5.47169 0 
8.41274 0 8.46237 0 8.10683 0 8.08407 0 7.64436 0 8.51203 0 
10.5873 0 11.4624 0 10.9091 0 11.0988 0 11.3556 0 11.512 0 
14.3802 0 13.478 0 13.9795 0 13.9838 0 14.4015 0 14.4717 0 
16.9322 0 17.1124 0 17.4551 0 16.5052 0 17.0864 0 17.0841 0 


2.04689 0 2.10817 0 1.35451 0 1.4766 0 1.90578 0 2.08466 0 
4.73711 0 4.4976 0 5.02109 0 4.97637 0 4.56238 0 5.47459 0 
8.28537 0 8.44504 0 8.12891 0 8.10452 0 7.61235 0 8.51519 0 
10.7146 0 11.445 0 10.8903 0 11.1229 0 11.3877 0 11.5152 0 
14.2629 0 13.4976 0 13.9752 0 13.9799 0 14.4376 0 14.4746 0 
16.9531 0 17.1082 0 17.5491 0 16.3848 0 17.0942 0 17.0847 0 


2.02057 0 2.09255 0 1.28273 0 1.40522 0 1.89927 0 2.08484 0 
4.88466 0 4.57018 0 5.02344 0 4.97315 0 4.53217 0 5.47563 0 
8.12521 0 8.38075 0 8.14324 0 8.11878 0 7.58558 0 8.51631 0 
10.8748 0 11.3807 0 10.8781 0 11.1396 0 11.4144 0 11.5163 0 
14.1153 0 13.5702 0 13.9725 0 13.9772 0 14.4678 0 14.4756 0 
16.9794 0 17.0925 0 17.6102 0 16.3008 0 17.1007 0 17.0848 0 


1.99189 0 2.06715 0 1.25405 0 1.36912 0 1.89413 0 2.08469 0 
5.04546 0 4.6881 0 5.02437 0 4.97152 0 4.50829 0 5.47479 0 
7.95065 0 8.27629 0 8.14897 0 8.12599 0 7.56443 0 8.5154 0 
11.0494 0 11.2763 0 10.8733 0 11.1481 0 11.4356 0 11.5154 0 
13.9545 0 13.6881 0 13.9714 0 13.9758 0 14.4917 0 14.4748 0 
17.0081 0 17.0672 0 17.6346 0 16.2584 0 17.1059 0 17.0847 0 


1.96414 0 2.03468 0 1.27018 0 1.37045 0 1.89042 0 2.08421 0 
5.20104 0 4.83893 0 5.02385 0 4.97158 0 4.49107 0 5.47208 0 
7.78176 0 8.14268 0 8.14575 0 8.12572 0 7.54918 0 8.51246 0 
11.2182 0 11.1427 0 10.876 0 11.1478 0 11.4508 0 11.5125 0 
13.799 0 13.8389 0 13.972 0 13.9758 0 14.5089 0 14.4721 0 
17.0359 0 17.0347 0 17.6209 0 16.26 0 17.1096 0 17.0842 0 


1.94051 0 1.99855 0 1.33016 0 1.40912 0 1.8882 0 2.08339 0 
5.33351 0 5.00676 0 5.02189 0 4.97332 0 4.48074 0 5.46751 0 
7.63796 0 7.99402 0 8.13377 0 8.118 0 7.54003 0 8.5075 0 
11.362 0 10.994 0 10.8862 0 11.1387 0 11.46 0 11.5075 0 
13.6665 0 14.0068 0 13.9743 0 13.9773 0 14.5193 0 14.4675 0 
17.0595 0 16.9985 0 17.5698 0 16.3054 0 17.1118 0 17.0834 0 


1.92372 0 1.96256 0 1.43038 0 1.48285 0 1.88749 0 2.08225 0 
5.42765 0 5.17387 0 5.01861 0 4.97665 0 4.47745 0 5.4611 0 
7.53577 0 7.84599 0 8.11376 0 8.10328 0 7.53711 0 8.50054 0 
11.4642 0 10.846 0 10.9032 0 11.1214 0 11.4629 0 11.5005 0 
13.5723 0 14.1739 0 13.9781 0 13.9801 0 14.5226 0 14.4611 0 
17.0763 0 16.9626 0 17.4846 0 16.3921 0 17.1125 0 17.0823 0 


1.91569 0 1.93053 0 1.56481 0 1.58726 0 1.8883 0 2.08078 0 
5.47263 0 5.32263 0 5.01422 0 4.98137 0 4.48122 0 5.45288 0 
7.48694 0 7.7142 0 8.08691 0 8.08243 0 7.54045 0 8.49161 0 
11.5131 0 10.7142 0 10.9261 0 11.0969 0 11.4595 0 11.4916 0 
13.5274 0 14.3226 0 13.9833 0 13.9841 0 14.5188 0 14.4529 0 
17.0843 0 16.9305 0 17.3702 0 16.5148 0 17.1117 0 17.0808 0 


1.91736 0 1.90583 0 1.7254 0 1.71616 0 1.89063 0 2.079 0 
5.46329 0 5.43736 0 5.00897 0 4.98719 0 4.49202 0 5.44287 0 
7.49709 0 7.61257 0 8.05484 0 8.05668 0 7.55002 0 8.48075 0 
11.5029 0 10.6126 0 10.9533 0 11.0666 0 11.45 0 11.4807 0 
13.5367 0 14.4374 0 13.9895 0 13.9891 0 14.508 0 14.4429 0 
17.0826 0 16.9058 0 17.2336 0 16.6663 0 17.1094 0 17.079 0 


1.92853 0 1.89106 0 1.90248 0 1.86189 0 1.89443 0 2.0769 0 
5.40069 0 5.50595 0 5.00319 0 4.99376 0 4.5097 0 5.43112 0 
7.56504 0 7.55182 0 8.01948 0 8.02758 0 7.56568 0 8.46799 0 
11.435 0 10.5518 0 10.9834 0 11.0324 0 11.4343 0 11.468 0 
13.5993 0 14.5059 0 13.9963 0 13.9947 0 14.4903 0 14.4311 0 
17.0715 0 16.8911 0 17.083 0 16.8377 0 17.1056 0 17.0769 0 


1.94791 0 1.88779 0 2.08541 0 2.01582 0 1.89967 0 2.0745 0 
5.29204 0 5.52115 0 4.99721 0 5.00071 0 4.53402 0 5.41766 0 
7.68298 0 7.53835 0 7.98294 0 7.99684 0 7.58722 0 8.45339 0 
11.317 0 10.5384 0 11.0145 0 10.9963 0 11.4128 0 11.4534 0 
13.708 0 14.5212 0 14.0033 0 14.0006 0 14.466 0 14.4177 0 
17.0521 0 16.8878 0 16.9273 0 17.0186 0 17.1003 0 17.0745 0 


1.97328 0 1.89636 0 2.26322 0 2.16881 0 1.90626 0 2.07181 0 
5.14982 0 5.48137 0 4.9914 0 5.00762 0 4.56465 0 5.40257 0 
7.83737 0 7.57359 0 7.94743 0 7.96629 0 7.61436 0 8.437 0 
11.1626 0 10.5736 0 11.0447 0 10.9604 0 11.3856 0 11.437 0 
13.8502 0 14.4814 0 14.0101 0 14.0065 0 14.4354 0 14.4026 0 
17.0267 0 16.8964 0 16.7761 0 17.1984 0 17.0937 0 17.0718 0 


2.00172 0 1.91585 0 2.42521 0 2.31179 0 1.91413 0 2.06883 0 
4.99038 0 5.39081 0 4.98611 0 5.01408 0 4.60117 0 5.38589 0 
8.01044 0 7.65381 0 7.91508 0 7.93773 0 7.64671 0 8.41889 0 
10.9896 0 10.6538 0 11.0722 0 10.9268 0 11.3533 0 11.4189 0 
14.0096 0 14.3908 0 14.0163 0 14.012 0 14.3988 0 14.3859 0 
16.9983 0 16.9159 0 16.6383 0 17.3665 0 17.0859 0 17.0688 0 


2.02996 0 1.94423 0 2.56166 0 2.43626 0 1.92315 0 2.06559 0 
4.83204 0 5.25901 0 4.98165 0 5.0197 0 4.6431 0 5.36769 0 
8.18232 0 7.77056 0 7.88783 0 7.91288 0 7.68384 0 8.39914 0 
10.8177 0 10.7706 0 11.0954 0 10.8976 0 11.3162 0 11.3991 0 
14.168 0 14.259 0 14.0216 0 14.0168 0 14.3569 0 14.3677 0 
16.97 0 16.9442 0 16.5222 0 17.5128 0 17.0768 0 17.0656 0 


2.05476 0 1.97849 0 2.66437 0 2.53486 0 1.93322 0 2.06208 0 
4.69302 0 5.09989 0 4.97829 0 5.02415 0 4.68985 0 5.34804 0 
8.33324 0 7.91151 0 7.86732 0 7.89319 0 7.72526 0 8.37781 0 
10.6668 0 10.9115 0 11.1129 0 10.8744 0 11.2747 0 11.3778 0 
14.307 0 14.0999 0 14.0255 0 14.0205 0 14.3101 0 14.348 0 
16.9452 0 16.9785 0 16.4348 0 17.6287 0 17.0668 0 17.0621 0 


2.07327 0 2.01502 0 2.72716 0 2.60173 0 1.94419 0 2.05833 0 
4.58927 0 4.93023 0 4.97624 0 5.02717 0 4.74081 0 5.32702 0 
8.44586 0 8.0618 0 7.85478 0 7.87983 0 7.7704 0 8.35499 0 
10.5541 0 11.0618 0 11.1235 0 10.8587 0 11.2296 0 11.355 0 
14.4107 0 13.9302 0 14.0279 0 14.0231 0 14.2592 0 14.327 0 
16.9267 0 17.015 0 16.3814 0 17.7073 0 17.0558 0 17.0583 0 


2.08335 0 2.04997 0 2.74627 0 2.63289 0 1.95592 0 2.05435 0 
4.53274 0 4.76793 0 4.97562 0 5.02857 0 4.79527 0 5.30471 0 
8.50723 0 8.20557 0 7.85097 0 7.87361 0 7.81864 0 8.33077 0 
10.4928 0 11.2056 0 11.1268 0 10.8514 0 11.1814 0 11.3308 0 
14.4673 0 13.7679 0 14.0287 0 14.0243 0 14.2047 0 14.3047 0 
16.9167 0 17.05 0 16.3651 0 17.744 0 17.0441 0 17.0544 0 


2.08385 0 2.07964 0 2.72055 0 2.62651 0 1.96824 0 2.05016 0 
4.52991 0 4.63011 0 4.97646 0 5.02829 0 4.85251 0 5.2812 0 
8.51029 0 8.32766 0 7.8561 0 7.87488 0 7.86935 0 8.30525 0 
10.4897 0 11.3277 0 11.1224 0 10.8529 0 11.1307 0 11.3053 0 
14.4701 0 13.6301 0 14.0277 0 14.0241 0 14.1475 0 14.2812 0 
16.9161 0 17.0796 0 16.387 0 17.7365 0 17.0318 0 17.0502 0 


2.07472 0 2.10091 0 2.65153 0 2.58297 0 1.981 0 2.04577 0 
4.58112 0 4.53132 0 4.97871 0 5.02632 0 4.91174 0 5.25659 0 
8.45471 0 8.41517 0 7.86989 0 7.88358 0 7.92182 0 8.27853 0 
10.5453 0 11.4152 0 11.1107 0 10.8631 0 11.0782 0 11.2785 0 
14.4189 0 13.5313 0 14.025 0 14.0224 0 14.0883 0 14.2566 0 
16.9253 0 17.1009 0 16.4457 0 17.6853 0 17.019 0 17.0458 0 


2.057 0 2.11154 0 2.54338 0 2.50484 0 1.99401 0 2.0412 0 
4.68047 0 4.48198 0 4.98225 0 5.02279 0 4.97217 0 5.23096 0 
8.34686 0 8.45888 0 7.89148 0 7.89918 0 7.97535 0 8.25072 0 
10.6531 0 11.4589 0 11.0923 0 10.8815 0 11.0247 0 11.2507 0 
14.3195 0 13.482 0 14.0209 0 14.0194 0 14.0278 0 14.231 0 
16.943 0 17.1115 0 16.5377 0 17.5934 0 17.006 0 17.0412 0 


2.03272 0 2.11039 0 2.40258 0 2.39676 0 2.0071 0 2.03647 0 
4.81656 0 4.48729 0 4.98685 0 5.01791 0 5.03297 0 5.20443 0 
8.19913 0 8.45418 0 7.9196 0 7.92077 0 8.02921 0 8.22191 0 
10.8009 0 11.4542 0 11.0684 0 10.9069 0 10.9708 0 11.2219 0 
14.1834 0 13.4873 0 14.0155 0 14.0152 0 13.967 0 14.2044 0 
16.9673 0 17.1104 0 16.6575 0 17.4664 0 16.9929 0 17.0365 0 


2.00469 0 2.0976 0 2.2376 0 2.26514 0 2.0201 0 2.03159 0 
4.97372 0 4.54669 0 4.99224 0 5.01197 0 5.09333 0 5.17709 0 
8.02853 0 8.40156 0 7.95255 0 7.94705 0 8.08268 0 8.19223 0 
10.9715 0 11.4016 0 11.0404 0 10.9378 0 10.9173 0 11.1922 0 
14.0263 0 13.5467 0 14.0091 0 14.0102 0 13.9067 0 14.1771 0 
16.9953 0 17.0976 0 16.7979 0 17.3117 0 16.9799 0 17.0316 0 


1.97611 0 2.07452 0 2.05834 0 2.11779 0 2.03282 0 2.02659 0 
5.13391 0 4.65392 0 4.99809 0 5.00532 0 5.15243 0 5.14905 0 
7.85464 0 8.30657 0 7.98835 0 7.97648 0 8.13503 0 8.1618 0 
11.1454 0 11.3066 0 11.0099 0 10.9723 0 10.865 0 11.1618 0 
13.8661 0 13.6539 0 14.0022 0 14.0045 0 13.8476 0 14.149 0 
17.0239 0 17.0745 0 16.9504 0 17.1385 0 16.9672 0 17.0266 0 


1.95028 0 2.04357 0 1.87558 0 1.96345 0 2.0451 0 2.02148 0 
5.2787 0 4.79766 0 5.00407 0 4.99835 0 5.20946 0 5.12042 0 
7.69746 0 8.17924 0 8.02485 0 8.0073 0 8.18555 0 8.13072 0 
11.3025 0 11.1792 0 10.9789 0 11.0086 0 10.8145 0 11.1307 0 
13.7213 0 13.7977 0 13.9952 0 13.9986 0 13.7905 0 14.1204 0 
17.0497 0 17.0436 0 17.1058 0 16.957 0 16.9549 0 17.0215 0 


1.93017 0 2.00802 0 1.70029 0 1.81129 0 2.05677 0 2.01629 0 
5.39147 0 4.96275 0 5.00979 0 4.99148 0 5.26366 0 5.09132 0 
7.57505 0 8.033 0 8.05985 0 8.03769 0 8.23355 0 8.09914 0 
11.4249 0 11.033 0 10.9491 0 11.0443 0 10.7664 0 11.0991 0 
13.6085 0 13.9627 0 13.9885 0 13.9928 0 13.7363 0 14.0913 0 
17.0698 0 17.008 0 17.255 0 16.7782 0 16.9432 0 17.0163 0 


1.91808 0 1.97163 0 1.54301 0 1.67031 0 2.06767 0 2.01104 0 
5.45923 0 5.13177 0 5.01493 0 4.98512 0 5.31428 0 5.06187 0 
7.50149 0 7.88328 0 8.09126 0 8.06584 0 8.2784 0 8.06716 0 
11.4985 0 10.8833 0 10.9224 0 11.0774 0 10.7216 0 11.0672 0 
13.5408 0 14.1318 0 13.9824 0 13.9873 0 13.6857 0 14.0619 0 
17.0819 0 16.9716 0 17.3888 0 16.6125 0 16.9323 0 17.011 0 


1.91541 0 1.93823 0 1.41318 0 1.5489 0 2.07765 0 2.00574 0 
5.47421 0 5.28688 0 5.01917 0 4.97963 0 5.36065 0 5.03216 0 
7.48523 0 7.74587 0 8.11719 0 8.09009 0 8.31947 0 8.03491 0 
11.5148 0 10.7459 0 10.9003 0 11.1059 0 10.6805 0 11.0349 0 
13.5258 0 14.2869 0 13.9775 0 13.9827 0 13.6393 0 14.0322 0 
17.0846 0 16.9382 0 17.4992 0 16.4697 0 16.9223 0 17.0057 0 


1.92246 0 1.91135 0 1.31861 0 1.45425 0 2.08658 0 2.00042 0 
5.43468 0 5.41173 0 5.02226 0 4.97536 0 5.40214 0 5.00233 0 
7.52814 0 7.63527 0 8.13608 0 8.10899 0 8.35622 0 8.00253 0 
11.4719 0 10.6353 0 10.8842 0 11.1281 0 10.6438 0 11.0025 0 
13.5653 0 14.4117 0 13.9738 0 13.979 0 13.5979 0 14.0023 0 
17.0775 0 16.9113 0 17.5797 0 16.3585 0 16.9134 0 17.0004 0 


1.93842 0 1.89382 0 1.26497 0 1.39197 0 2.09434 0 1.99509 0 
5.34519 0 5.49315 0 5.02402 0 4.97255 0 5.43818 0 4.9725 0 
7.62528 0 7.56316 0 8.14679 0 8.12143 0 8.38815 0 7.97014 0 
11.3747 0 10.5632 0 10.8751 0 11.1427 0 10.6118 0 10.9701 0 
13.6548 0 14.4931 0 13.9718 0 13.9766 0 13.5618 0 13.9725 0 
17.0616 0 16.8938 0 17.6253 0 16.2853 0 16.9057 0 16.9951 0 


1.96147 0 1.88749 0 1.25549 0 1.36577 0 2.10083 0 1.98979 0 
5.21602 0 5.52253 0 5.02433 0 4.97137 0 5.46829 0 4.94277 0 
7.7655 0 7.53713 0 8.14868 0 8.12666 0 8.41482 0 7.93787 0 
11.2345 0 10.5371 0 10.8735 0 11.1489 0 10.5852 0 10.9379 0 
13.784 0 14.5225 0 13.9714 0 13.9756 0 13.5317 0 13.9428 0 
17.0385 0 16.8875 0 17.6334 0 16.2545 0 16.8992 0 16.9898 0 


1.98894 0 1.89304 0 1.29073 0 1.37719 0 2.10594 0 1.98453 0 
5.06203 0 5.49678 0 5.02317 0 4.97188 0 5.49205 0 4.91326 0 
7.93267 0 7.55994 0 8.14164 0 8.12438 0 8.43588 0 7.90584 0 
11.0673 0 10.5599 0 10.8795 0 11.1462 0 10.5641 0 10.9058 0 
13.938 0 14.4968 0 13.9728 0 13.9761 0 13.5079 0 13.9133 0 
17.0111 0 16.893 0 17.6034 0 16.2679 0 16.8941 0 16.9845 0 


2.01768 0 1.90987 0 1.36859 0 1.42556 0 2.10963 0 1.97933 0 
4.9009 0 5.41862 0 5.02063 0 4.97407 0 5.50916 0 4.8841 0 
8.10758 0 7.62917 0 8.1261 0 8.11472 0 8.45103 0 7.87419 0 
10.8924 0 10.6292 0 10.8927 0 11.1348 0 10.549 0 10.8742 0 
14.0991 0 14.4186 0 13.9757 0 13.9779 0 13.4908 0 13.8841 0 
16.9823 0 16.9099 0 17.5372 0 16.3248 0 16.8904 0 16.9793 0 


2.04439 0 1.9362 0 1.48438 0 1.50801 0 2.11183 0 1.9742 0 
4.75116 0 5.2963 0 5.01685 0 4.97779 0 5.51937 0 4.85539 0 
8.27012 0 7.73753 0 8.10297 0 8.09825 0 8.46007 0 7.84302 0 
10.7299 0 10.7375 0 10.9124 0 11.1155 0 10.5399 0 10.843 0 
14.2488 0 14.2963 0 13.9802 0 13.9811 0 13.4806 0 13.8554 0 
16.9556 0 16.9362 0 17.4386 0 16.4217 0 16.8882 0 16.9742 0 


2.066 0 1.96927 0 1.63114 0 1.61965 0 2.11251 0 1.96919 0 
4.63003 0 5.14271 0 5.01205 0 4.98283 0 5.52255 0 4.82726 0 
8.40162 0 7.87358 0 8.07366 0 8.07596 0 8.46289 0 7.81248 0 
10.5984 0 10.8736 0 10.9373 0 11.0893 0 10.5371 0 10.8125 0 
14.37 0 14.1427 0 13.9858 0 13.9854 0 13.4775 0 13.8273 0 
16.934 0 16.9693 0 17.3138 0 16.5529 0 16.8875 0 16.9692 0 


2.08002 0 2.00558 0 1.80006 0 1.75385 0 2.11167 0 1.96429 0 
4.55142 0 4.97407 0 5.00653 0 4.98889 0 5.51865 0 4.7998 0 
8.48695 0 8.02297 0 8.03993 0 8.04916 0 8.45944 0 7.78268 0 
10.5131 0 11.023 0 10.966 0 11.0578 0 10.5406 0 10.7827 0 
14.4486 0 13.9741 0 13.9923 0 13.9905 0 13.4813 0 13.7998 0 
16.92 0 17.0056 0 17.1701 0 16.7107 0 16.8883 0 16.9643 0 


2.08484 0 2.0413 0 1.981 0 1.90265 0 2.10932 0 1.95953 0 
4.52437 0 4.80816 0 5.00062 0 4.99561 0 5.50773 0 4.77313 0 
8.51631 0 8.16993 0 8.00379 0 8.01944 0 8.44976 0 7.75373 0 
10.4837 0 11.1699 0 10.9968 0 11.0229 0 10.5502 0 10.7537 0 
14.4756 0 13.8082 0 13.9993 0 13.9963 0 13.4923 0 13.7731 0 
16.9152 0 17.0413 0 17.0162 0 16.8856 0 16.8907 0 16.9595 0 


2.07992 0 2.07267 0 2.16308 0 2.05723 0 2.10549 0 1.95493 0 
4.55199 0 4.6625 0 4.99467 0 5.00258 0 5.48994 0 4.74736 0 
8.48633 0 8.29897 0 7.96743 0 7.98857 0 8.434 0 7.72575 0 
10.5137 0 11.299 0 11.0277 0 10.9866 0 10.566 0 10.7257 0 
14.448 0 13.6625 0 14.0063 0 14.0022 0 13.5101 0 13.7474 0 
16.9201 0 17.0727 0 16.8613 0 17.0673 0 16.8945 0 16.9549 0 


2.0658 0 2.09636 0 2.33536 0 2.20842 0 2.10023 0 1.95051 0 
4.63111 0 4.55244 0 4.98904 0 5.00941 0 5.46551 0 4.72258 0 
8.40044 0 8.39646 0 7.93303 0 7.95838 0 8.41236 0 7.69885 0 
10.5996 0 11.3965 0 11.057 0 10.9511 0 10.5876 0 10.6988 0 
14.3689 0 13.5524 0 14.0129 0 14.008 0 13.5345 0 13.7226 0 
16.9342 0 17.0964 0 16.7147 0 17.245 0 16.8998 0 16.9505 0 


2.04413 0 2.1099 0 2.48749 0 2.34723 0 2.09361 0 1.94629 0 
4.75263 0 4.4896 0 4.98407 0 5.01568 0 5.43478 0 4.69889 0 
8.26853 0 8.45213 0 7.90265 0 7.93066 0 8.38514 0 7.67313 0 
10.7315 0 11.4521 0 11.0828 0 10.9185 0 10.6149 0 10.6731 0 
14.2474 0 13.4896 0 14.0187 0 14.0133 0 13.5652 0 13.6989 0 
16.9559 0 17.1099 0 16.5853 0 17.4082 0 16.9064 0 16.9463 0 


2.01738 0 2.11183 0 2.61034 0 2.46545 0 2.08573 0 1.94227 0 
4.90258 0 4.48061 0 4.98006 0 5.02101 0 5.39816 0 4.67639 0 
8.10575 0 8.46009 0 7.87811 0 7.90705 0 8.3527 0 7.64871 0 
10.8942 0 11.4601 0 11.1037 0 10.8907 0 10.6473 0 10.6487 0 
14.0974 0 13.4806 0 14.0234 0 14.0179 0 13.6018 0 13.6764 0 
16.9826 0 17.1118 0 16.4808 0 17.5471 0 16.9143 0 16.9423 0 


1.98863 0 2.10197 0 2.69652 0 2.55606 0 2.07668 0 1.93849 0 
5.06373 0 4.52641 0 4.97724 0 5.0251 0 5.35615 0 4.65516 0 
7.93082 0 8.41951 0 7.8609 0 7.88895 0 8.31549 0 7.62567 0 
11.0692 0 11.4195 0 11.1183 0 10.8695 0 10.6845 0 10.6257 0 
13.9363 0 13.5264 0 14.0268 0 14.0214 0 13.6438 0 13.6552 0 
17.0114 0 17.102 0 16.4075 0 17.6536 0 16.9233 0 16.9385 0 


1.96119 0 2.08135 0 2.74085 0 2.61368 0 2.0666 0 1.93494 0 
5.21755 0 4.62219 0 4.97579 0 5.02771 0 5.30932 0 4.63529 0 
7.76384 0 8.33468 0 7.85205 0 7.87745 0 8.274 0 7.6041 0 
11.2362 0 11.3347 0 11.1259 0 10.8559 0 10.726 0 10.6041 0 
13.7824 0 13.6222 0 14.0285 0 14.0236 0 13.6907 0 13.6353 0 
17.0388 0 17.0813 0 16.3697 0 17.7214 0 16.9334 0 16.9349 0 


1.93821 0 2.05214 0 2.74068 0 2.63489 0 2.05561 0 1.93166 0 
5.34637 0 4.75782 0 4.9758 0 5.02866 0 5.2583 0 4.61686 0 
7.624 0 8.21453 0 7.85208 0 7.87321 0 8.22881 0 7.58409 0 
11.376 0 11.2145 0 11.1258 0 10.851 0 10.7712 0 10.5841 0 
13.6536 0 13.7578 0 14.0284 0 14.0244 0 13.7417 0 13.6169 0 
17.0618 0 17.0521 0 16.3699 0 17.7463 0 16.9444 0 16.9317 0 


1.92234 0 2.01744 0 2.69601 0 2.61844 0 2.04388 0 1.92864 0 
5.43538 0 4.919 0 4.97726 0 5.02792 0 5.20378 0 4.59994 0 
7.52739 0 8.07175 0 7.861 0 7.8765 0 8.18052 0 7.56572 0 
11.4726 0 11.0717 0 11.1182 0 10.8548 0 10.8195 0 10.5657 0 
13.5646 0 13.919 0 14.0267 0 14.0238 0 13.7962 0 13.5999 0 
17.0777 0 17.0174 0 16.4079 0 17.727 0 16.9561 0 16.9286 0 


1.91539 0 1.9809 0 2.60953 0 2.56529 0 2.03154 0 1.9259 0 
5.47434 0 5.08873 0 4.98008 0 5.02552 0 5.1465 0 4.58459 0 
7.48509 0 7.9214 0 7.87827 0 7.88711 0 8.12978 0 7.54906 0 
11.5149 0 10.9214 0 11.1036 0 10.8673 0 10.8702 0 10.5491 0 
13.5257 0 14.0887 0 14.0234 0 14.0217 0 13.8535 0 13.5846 0 
17.0846 0 16.9809 0 16.4815 0 17.6645 0 16.9685 0 16.9259 0 


1.91816 0 1.94637 0 2.48643 0 2.47862 0 2.01878 0 1.92345 0 
5.45878 0 5.2491 0 4.98411 0 5.02161 0 5.08724 0 4.57088 0 
7.50198 0 7.77934 0 7.90286 0 7.90442 0 8.07728 0 7.53417 0 
11.498 0 10.7793 0 11.0826 0 10.8876 0 10.9227 0 10.5342 0 
13.5412 0 14.2491 0 14.0187 0 14.0184 0 13.9128 0 13.5709 0 
17.0818 0 16.9464 0 16.5862 0 17.5626 0 16.9812 0 16.9235 0 


1.93035 0 1.9175 0 2.33411 0 2.36354 0 2.00577 0 1.92131 0 
5.39049 0 5.38319 0 4.98908 0 5.01641 0 5.0268 0 4.55886 0 
7.57611 0 7.66056 0 7.93328 0 7.9274 0 8.02374 0 7.52112 0 
11.4239 0 10.6606 0 11.0568 0 10.9147 0 10.9763 0 10.5211 0 
13.6095 0 14.3832 0 14.0128 0 14.014 0 13.9732 0 13.5589 0 
17.0697 0 16.9175 0 16.7158 0 17.4273 0 16.9942 0 16.9213 0 


1.95053 0 1.89733 0 2.16171 0 2.2269 0 1.99268 0 1.91947 0 
5.27731 0 5.47685 0 4.99472 0 5.01024 0 4.966 0 4.54857 0 
7.69897 0 7.5776 0 7.9677 0 7.95469 0 7.96988 0 7.50996 0 
11.301 0 10.5776 0 11.0275 0 10.9467 0 11.0301 0 10.51 0 
13.7227 0 14.4768 0 14.0062 0 14.0087 0 14.034 0 13.5486 0 
17.0495 0 16.8973 0 16.8624 0 17.2667 0 17.0073 0 16.9195 0 


1.97641 0 1.888 0 1.9796 0 2.0768 0 1.97969 0 1.91796 0 
5.13226 0 5.5202 0 5.00067 0 5.00347 0 4.90565 0 4.54006 0 
7.85642 0 7.5392 0 8.00407 0 7.98466 0 7.91642 0 7.50073 0 
11.1436 0 10.5392 0 10.9965 0 10.982 0 11.0836 0 10.5007 0 
13.8677 0 14.5202 0 13.9992 0 14.0029 0 14.0943 0 13.5401 0 
17.0236 0 16.888 0 17.0174 0 17.0903 0 17.0203 0 16.918 0 


2.00499 0 1.89048 0 1.79872 0 1.92214 0 1.96697 0 1.91676 0 
4.97201 0 5.50866 0 5.00658 0 4.99649 0 4.84659 0 4.53337 0 
8.03038 0 7.54941 0 8.0402 0 8.01555 0 7.8641 0 7.49346 0 
10.9696 0 10.5494 0 10.9658 0 11.0183 0 11.1359 0 10.4935 0 
14.028 0 14.5087 0 13.9923 0 13.997 0 14.1534 0 13.5334 0 
16.995 0 16.8905 0 17.1712 0 16.9085 0 17.033 0 16.9168 0 


2.033 0 1.90452 0 1.62993 0 1.77211 0 1.9547 0 1.9159 0 
4.81497 0 5.44347 0 5.01209 0 4.98971 0 4.7896 0 4.52851 0 
8.20085 0 7.60717 0 8.07391 0 8.04551 0 7.81362 0 7.48819 0 
10.7991 0 10.6072 0 10.9371 0 11.0535 0 11.1864 0 10.4882 0 
14.185 0 14.4435 0 13.9858 0 13.9912 0 14.2104 0 13.5285 0 
16.967 0 16.9045 0 17.3148 0 16.7321 0 17.0453 0 16.9159 0 


2.05722 0 1.92863 0 1.48337 0 1.63559 0 1.94304 0 1.91536 0 
4.67921 0 5.33148 0 5.01688 0 4.98355 0 4.73546 0 4.52551 0 
8.34823 0 7.70637 0 8.10317 0 8.07278 0 7.76566 0 7.48493 0 
10.6518 0 10.7064 0 10.9122 0 11.0855 0 11.2343 0 10.4849 0 
14.3208 0 14.3315 0 13.9802 0 13.986 0 14.2645 0 13.5255 0 
16.9428 0 16.9286 0 17.4395 0 16.5716 0 17.057 0 16.9154 0 


2.07486 0 1.96027 0 1.36785 0 1.52069 0 1.93215 0 1.91516 0 
4.58031 0 5.18452 0 5.02065 0 4.97836 0 4.6849 0 4.52438 0 
8.45559 0 7.83654 0 8.12624 0 8.09572 0 7.72087 0 7.4837 0 
10.5444 0 10.8365 0 10.8926 0 11.1125 0 11.2791 0 10.4837 0 
14.4197 0 14.1845 0 13.9757 0 13.9816 0 14.3151 0 13.5244 0 
16.9251 0 16.9603 0 17.5378 0 16.4366 0 17.0678 0 16.9152 0 
