0 0
0.005 0.0005625
0.01 0.00119434
0.015 0.00190286
0.02 0.00269594
0.025 0.00358188
0.03 0.00456947
0.035 0.00566785
0.04 0.00688648
0.045 0.00823508
0.05 0.00972346
0.055 0.0113615
0.06 0.013159
0.065 0.0151256
0.07 0.0172706
0.075 0.0196028
0.08 0.0221307
0.085 0.024862
0.09 0.0278038
0.095 0.0309626
0.1 0.034344
0.105 0.0379527
0.11 0.041793
0.115 0.045868
0.12 0.0501802
0.125 0.0547316
0.13 0.0595232
0.135 0.0645555
0.14 0.0698285
0.145 0.0753415
0.15 0.0810935
0.155 0.0870831
0.16 0.0933082
0.165 0.0997669
0.17 0.106457
0.175 0.113375
0.18 0.120518
0.185 0.127884
0.19 0.13547
0.195 0.143272
0.2 0.151286
0.205 0.15951
0.21 0.16794
0.215 0.176573
0.22 0.185405
0.225 0.194433
0.23 0.203654
0.235 0.213064
0.24 0.222659
0.245 0.232438
0.25 0.242396
0.255 0.25253
0.26 0.262837
0.265 0.273315
0.27 0.283959
0.275 0.294769
0.28 0.305739
0.285 0.316868
0.29 0.328153
0.295 0.339592
0.3 0.351181
0.305 0.362918
0.31 0.3748
0.315 0.386826
0.32 0.398993
0.325 0.411299
0.33 0.423741
0.335 0.436317
0.34 0.449025
0.345 0.461862
0.35 0.474828
0.355 0.48792
0.36 0.501136
0.365 0.514474
0.37 0.527932
0.375 0.541508
0.38 0.555202
0.385 0.56901
0.39 0.582932
0.395 0.596965
0.4 0.611109
0.405 0.625361
0.41 0.63972
0.415 0.654185
0.42 0.668754
0.425 0.683426
0.43 0.6982
0.435 0.713073
0.44 0.728045
0.445 0.743115
0.45 0.758281
0.455 0.773542
0.46 0.788896
0.465 0.804343
0.47 0.819882
0.475 0.835511
0.48 0.851229
0.485 0.867036
0.49 0.88293
0.495 0.898909
0.5 0.914974
0.505 0.931123
0.51 0.947355
0.515 0.96367
0.52 0.980065
0.525 0.996541
0.53 1.0131
0.535 1.02973
0.54 1.04644
0.545 1.06323
0.55 1.0801
0.555 1.09704
0.56 1.11405
0.565 1.13114
0.57 1.1483
0.575 1.16553
0.58 1.18284
0.585 1.20021
0.59 1.21766
0.595 1.23517
0.6 1.25276
0.605 1.27041
0.61 1.28813
0.615 1.30591
0.62 1.32377
0.625 1.34168
0.63 1.35967
0.635 1.37771
0.64 1.39582
0.645 1.414
0.65 1.43223
0.655 1.45053
0.66 1.46889
0.665 1.48731
0.67 1.50579
0.675 1.52433
0.68 1.54293
0.685 1.56158
0.69 1.5803
0.695 1.59907
0.7 1.61791
0.705 1.63679
0.71 1.65574
0.715 1.67474
0.72 1.69379
0.725 1.7129
0.73 1.73207
0.735 1.75129
0.74 1.77056
0.745 1.78989
0.75 1.80927
0.755 1.8287
0.76 1.84818
0.765 1.86771
0.77 1.8873
0.775 1.90694
0.78 1.92662
0.785 1.94636
0.79 1.96615
0.795 1.98598
0.8 2.00587
0.805 2.0258
0.81 2.04578
0.815 2.06581
0.82 2.08589
0.825 2.10602
0.83 2.12619
0.835 2.14641
0.84 2.16667
0.845 2.18698
0.85 2.20734
0.855 2.22774
0.86 2.24818
0.865 2.26867
0.87 2.28921
0.875 2.30979
0.88 2.33041
0.885 2.35108
0.89 2.37179
0.895 2.39254
0.9 2.41334
0.905 2.43417
0.91 2.45505
0.915 2.47598
0.92 2.49694
0.925 2.51794
0.93 2.53899
0.935 2.56008
0.94 2.5812
0.945 2.60237
0.95 2.62358
0.955 2.64482
0.96 2.66611
0.965 2.68744
0.97 2.7088
0.975 2.73021
0.98 2.75165
0.985 2.77313
0.99 2.79465
0.995 2.81621
1 2.8378
1.005 2.85943
1.01 2.8811
1.015 2.90281
1.02 2.92455
1.025 2.94634
1.03 2.96815
1.035 2.99001
1.04 3.01189
1.045 3.03382
1.05 3.05578
1.055 3.07778
1.06 3.09981
1.065 3.12187
1.07 3.14398
1.075 3.16611
1.08 3.18828
1.085 3.21049
1.09 3.23273
1.095 3.255
1.1 3.27731
1.105 3.29965
1.11 3.32202
1.115 3.34443
1.12 3.36687
1.125 3.38934
1.13 3.41185
1.135 3.43439
1.14 3.45696
1.145 3.47956
1.15 3.5022
1.155 3.52486
1.16 3.54756
1.165 3.57029
1.17 3.59306
1.175 3.61585
1.18 3.63868
1.185 3.66153
1.19 3.68442
1.195 3.70734
1.2 3.73028
1.205 3.75326
1.21 3.77627
1.215 3.79931
1.22 3.82238
1.225 3.84548
1.23 3.86861
1.235 3.89176
1.24 3.91495
1.245 3.93817
1.25 3.96142
1.255 3.98469
1.26 4.00799
1.265 4.03133
1.27 4.05469
1.275 4.07808
1.28 4.1015
1.285 4.12494
1.29 4.14842
1.295 4.17192
1.3 4.19545
1.305 4.21901
1.31 4.2426
1.315 4.26621
1.32 4.28985
1.325 4.31352
1.33 4.33722
1.335 4.36094
1.34 4.38469
1.345 4.40846
1.35 4.43227
1.355 4.4561
1.36 4.47995
1.365 4.50384
1.37 4.52775
1.375 4.55168
1.38 4.57564
1.385 4.59963
1.39 4.62364
1.395 4.64768
1.4 4.67174
1.405 4.69583
1.41 4.71995
1.415 4.74409
1.42 4.76826
1.425 4.79245
1.43 4.81666
1.435 4.8409
1.44 4.86517
1.445 4.88946
1.45 4.91378
1.455 4.93812
1.46 4.96248
1.465 4.98687
1.47 5.01128
1.475 5.03572
1.48 5.06018
1.485 5.08467
1.49 5.10917
1.495 5.13371
1.5 5.15826
1.505 5.18284
1.51 5.20745
1.515 5.23207
1.52 5.25672
1.525 5.2814
1.53 5.30609
1.535 5.33081
1.54 5.35556
1.545 5.38032
1.55 5.40511
1.555 5.42992
1.56 5.45476
1.565 5.47961
1.57 5.50449
1.575 5.5294
1.58 5.55432
1.585 5.57927
1.59 5.60423
1.595 5.62923
1.6 5.65424
1.605 5.67927
1.61 5.70433
1.615 5.72941
1.62 5.75451
1.625 5.77963
1.63 5.80477
1.635 5.82994
1.64 5.85512
1.645 5.88033
1.65 5.90556
1.655 5.93081
1.66 5.95608
1.665 5.98137
1.67 6.00669
1.675 6.03202
1.68 6.05738
1.685 6.08275
1.69 6.10815
1.695 6.13357
1.7 6.15901
1.705 6.18446
1.71 6.20994
1.715 6.23544
1.72 6.26096
1.725 6.2865
1.73 6.31206
1.735 6.33764
1.74 6.36324
1.745 6.38886
1.75 6.4145
1.755 6.44016
1.76 6.46584
1.765 6.49154
1.77 6.51726
1.775 6.543
1.78 6.56876
1.785 6.59454
1.79 6.62033
1.795 6.64615
1.8 6.67199
1.805 6.69784
1.81 6.72372
1.815 6.74961
1.82 6.77552
1.825 6.80145
1.83 6.8274
1.835 6.85337
1.84 6.87936
1.845 6.90537
1.85 6.93139
1.855 6.95744
1.86 6.9835
1.865 7.00958
1.87 7.03568
1.875 7.0618
1.88 7.08794
1.885 7.11409
1.89 7.14027
1.895 7.16646
1.9 7.19267
1.905 7.2189
1.91 7.24514
1.915 7.27141
1.92 7.29769
1.925 7.32399
1.93 7.35031
1.935 7.37664
1.94 7.403
1.945 7.42937
1.95 7.45576
1.955 7.48216
1.96 7.50859
1.965 7.53503
1.97 7.56149
1.975 7.58796
1.98 7.61446
1.985 7.64097
1.99 7.6675
1.995 7.69404
2 7.7206
2.005 7.74718
2.01 7.77378
2.015 7.80039
2.02 7.82702
2.025 7.85367
2.03 7.88034
2.035 7.90702
2.04 7.93372
2.045 7.96043
2.05 7.98716
2.055 8.01391
2.06 8.04068
2.065 8.06746
2.07 8.09426
2.075 8.12107
2.08 8.1479
2.085 8.17475
2.09 8.20161
2.095 8.22849
2.1 8.25539
2.105 8.2823
2.11 8.30923
2.115 8.33617
2.12 8.36313
2.125 8.39011
2.13 8.4171
2.135 8.44411
2.14 8.47114
2.145 8.49818
2.15 8.52523
2.155 8.55231
2.16 8.57939
2.165 8.6065
2.17 8.63362
2.175 8.66075
2.18 8.6879
2.185 8.71507
2.19 8.74225
2.195 8.76945
2.2 8.79666
2.205 8.82389
2.21 8.85113
2.215 8.87839
2.22 8.90566
2.225 8.93295
2.23 8.96026
2.235 8.98758
2.24 9.01491
2.245 9.04226
2.25 9.06962
2.255 9.097
2.26 9.1244
2.265 9.15181
2.27 9.17923
2.275 9.20667
2.28 9.23413
2.285 9.2616
2.29 9.28908
2.295 9.31658
2.3 9.34409
2.305 9.37162
2.31 9.39916
2.315 9.42672
2.32 9.45429
2.325 9.48188
2.33 9.50948
2.335 9.53709
2.34 9.56472
2.345 9.59237
2.35 9.62003
2.355 9.6477
2.36 9.67539
2.365 9.70309
2.37 9.7308
2.375 9.75853
2.38 9.78628
2.385 9.81403
2.39 9.84181
2.395 9.86959
2.4 9.89739
2.405 9.92521
2.41 9.95303
2.415 9.98088
2.42 10.0087
2.425 10.0366
2.43 10.0645
2.435 10.0924
2.44 10.1203
2.445 10.1482
2.45 10.1762
2.455 10.2041
2.46 10.2321
2.465 10.2601
2.47 10.288
2.475 10.3161
2.48 10.3441
2.485 10.3721
2.49 10.4002
2.495 10.4282
2.5 10.4563
2.505 10.4844
2.51 10.5125
2.515 10.5406
2.52 10.5687
2.525 10.5969
2.53 10.625
2.535 10.6532
2.54 10.6814
2.545 10.7096
2.55 10.7378
2.555 10.766
2.56 10.7942
2.565 10.8225
2.57 10.8507
2.575 10.879
2.58 10.9073
2.585 10.9356
2.59 10.9639
2.595 10.9922
2.6 11.0205
2.605 11.0489
2.61 11.0772
2.615 11.1056
2.62 11.134
2.625 11.1624
2.63 11.1908
2.635 11.2192
2.64 11.2477
2.645 11.2761
2.65 11.3046
2.655 11.3331
2.66 11.3616
2.665 11.3901
2.67 11.4186
2.675 11.4471
2.68 11.4756
2.685 11.5042
2.69 11.5327
2.695 11.5613
2.7 11.5899
2.705 11.6185
2.71 11.6471
2.715 11.6757
2.72 11.7044
2.725 11.733
2.73 11.7617
2.735 11.7904
2.74 11.819
2.745 11.8477
2.75 11.8764
2.755 11.9052
2.76 11.9339
2.765 11.9626
2.77 11.9914
2.775 12.0202
2.78 12.049
2.785 12.0777
2.79 12.1066
2.795 12.1354
2.8 12.1642
2.805 12.193
2.81 12.2219
2.815 12.2508
2.82 12.2796
2.825 12.3085
2.83 12.3374
2.835 12.3663
2.84 12.3952
2.845 12.4242
2.85 12.4531
2.855 12.4821
2.86 12.511
2.865 12.54
2.87 12.569
2.875 12.598
2.88 12.627
2.885 12.6561
2.89 12.6851
2.895 12.7142
2.9 12.7432
2.905 12.7723
2.91 12.8014
2.915 12.8305
2.92 12.8596
2.925 12.8887
2.93 12.9178
2.935 12.9469
2.94 12.9761
2.945 13.0053
2.95 13.0344
2.955 13.0636
2.96 13.0928
2.965 13.122
2.97 13.1512
2.975 13.1805
2.98 13.2097
2.985 13.239
2.99 13.2682
2.995 13.2975
3 13.3268
3.005 13.3561
3.01 13.3854
3.015 13.4147
3.02 13.444
3.025 13.4734
3.03 13.5027
3.035 13.5321
3.04 13.5614
3.045 13.5908
3.05 13.6202
3.055 13.6496
3.06 13.679
3.065 13.7084
3.07 13.7379
3.075 13.7673
3.08 13.7968
3.085 13.8263
3.09 13.8557
3.095 13.8852
3.1 13.9147
3.105 13.9442
3.11 13.9737
3.115 14.0033
3.12 14.0328
3.125 14.0624
3.13 14.0919
3.135 14.1215
3.14 14.1511
3.145 14.1807
3.15 14.2103
3.155 14.2399
3.16 14.2695
3.165 14.2992
3.17 14.3288
3.175 14.3585
3.18 14.3881
3.185 14.4178
3.19 14.4475
3.195 14.4772
3.2 14.5069
3.205 14.5366
3.21 14.5663
3.215 14.5961
3.22 14.6258
3.225 14.6556
3.23 14.6853
3.235 14.7151
3.24 14.7449
3.245 14.7747
3.25 14.8045
3.255 14.8343
3.26 14.8642
3.265 14.894
3.27 14.9239
3.275 14.9537
3.28 14.9836
3.285 15.0135
3.29 15.0433
3.295 15.0732
3.3 15.1032
3.305 15.1331
3.31 15.163
3.315 15.1929
3.32 15.2229
3.325 15.2528
3.33 15.2828
3.335 15.3128
3.34 15.3428
3.345 15.3728
3.35 15.4028
3.355 15.4328
3.36 15.4628
3.365 15.4928
3.37 15.5229
3.375 15.5529
3.38 15.583
3.385 15.6131
3.39 15.6432
3.395 15.6733
3.4 15.7034
3.405 15.7335
3.41 15.7636
3.415 15.7937
3.42 15.8239
3.425 15.854
3.43 15.8842
3.435 15.9143
3.44 15.9445
3.445 15.9747
3.45 16.0049
3.455 16.0351
3.46 16.0653
3.465 16.0956
3.47 16.1258
3.475 16.156
3.48 16.1863
3.485 16.2166
3.49 16.2468
3.495 16.2771
3.5 16.3074
3.505 16.3377
3.51 16.368
3.515 16.3983
3.52 16.4287
3.525 16.459
3.53 16.4893
3.535 16.5197
3.54 16.5501
3.545 16.5804
3.55 16.6108
3.555 16.6412
3.56 16.6716
3.565 16.702
3.57 16.7324
3.575 16.7629
3.58 16.7933
3.585 16.8237
3.59 16.8542
3.595 16.8847
3.6 16.9151
3.605 16.9456
3.61 16.9761
3.615 17.0066
3.62 17.0371
3.625 17.0676
3.63 17.0982
3.635 17.1287
3.64 17.1592
3.645 17.1898
3.65 17.2204
3.655 17.2509
3.66 17.2815
3.665 17.3121
3.67 17.3427
3.675 17.3733
3.68 17.4039
3.685 17.4345
3.69 17.4652
3.695 17.4958
3.7 17.5265
3.705 17.5571
3.71 17.5878
3.715 17.6185
3.72 17.6492
3.725 17.6799
3.73 17.7106
3.735 17.7413
3.74 17.772
3.745 17.8027
3.75 17.8335
3.755 17.8642
3.76 17.895
3.765 17.9257
3.77 17.9565
3.775 17.9873
3.78 18.0181
3.785 18.0489
3.79 18.0797
3.795 18.1105
3.8 18.1413
3.805 18.1721
3.81 18.203
3.815 18.2338
3.82 18.2647
3.825 18.2955
3.83 18.3264
3.835 18.3573
3.84 18.3882
3.845 18.4191
3.85 18.45
3.855 18.4809
3.86 18.5118
3.865 18.5428
3.87 18.5737
3.875 18.6046
3.88 18.6356
3.885 18.6666
3.89 18.6975
3.895 18.7285
3.9 18.7595
3.905 18.7905
3.91 18.8215
3.915 18.8525
3.92 18.8836
3.925 18.9146
3.93 18.9456
3.935 18.9767
3.94 19.0077
3.945 19.0388
3.95 19.0699
3.955 19.1009
3.96 19.132
3.965 19.1631
3.97 19.1942
3.975 19.2253
3.98 19.2565
3.985 19.2876
3.99 19.3187
3.995 19.3499
4 19.381
4.005 19.4122
4.01 19.4434
4.015 19.4745
4.02 19.5057
4.025 19.5369
4.03 19.5681
4.035 19.5993
4.04 19.6305
4.045 19.6618
4.05 19.693
4.055 19.7242
4.06 19.7555
4.065 19.7867
4.07 19.818
4.075 19.8493
4.08 19.8806
4.085 19.9118
4.09 19.9431
4.095 19.9744
4.1 20.0058
4.105 20.0371
4.11 20.0684
4.115 20.0997
4.12 20.1311
4.125 20.1624
4.13 20.1938
4.135 20.2251
4.14 20.2565
4.145 20.2879
4.15 20.3193
4.155 20.3507
4.16 20.3821
4.165 20.4135
4.17 20.4449
4.175 20.4764
4.18 20.5078
4.185 20.5392
4.19 20.5707
4.195 20.6021
4.2 20.6336
4.205 20.6651
4.21 20.6966
4.215 20.728
4.22 20.7595
4.225 20.791
4.23 20.8226
4.235 20.8541
4.24 20.8856
4.245 20.9171
4.25 20.9487
4.255 20.9802
4.26 21.0118
4.265 21.0433
4.27 21.0749
4.275 21.1065
4.28 21.1381
4.285 21.1697
4.29 21.2013
4.295 21.2329
4.3 21.2645
4.305 21.2961
4.31 21.3277
4.315 21.3594
4.32 21.391
4.325 21.4227
4.33 21.4543
4.335 21.486
4.34 21.5177
4.345 21.5494
4.35 21.5811
4.355 21.6128
4.36 21.6445
4.365 21.6762
4.37 21.7079
4.375 21.7396
4.38 21.7713
4.385 21.8031
4.39 21.8348
4.395 21.8666
4.4 21.8984
4.405 21.9301
4.41 21.9619
4.415 21.9937
4.42 22.0255
4.425 22.0573
4.43 22.0891
4.435 22.1209
4.44 22.1527
4.445 22.1845
4.45 22.2164
4.455 22.2482
4.46 22.2801
4.465 22.3119
4.47 22.3438
4.475 22.3757
4.48 22.4075
4.485 22.4394
4.49 22.4713
4.495 22.5032
4.5 22.5351
4.505 22.567
4.51 22.5989
4.515 22.6309
4.52 22.6628
4.525 22.6947
4.53 22.7267
4.535 22.7586
4.54 22.7906
4.545 22.8226
4.55 22.8546
4.555 22.8865
4.56 22.9185
4.565 22.9505
4.57 22.9825
4.575 23.0145
4.58 23.0466
4.585 23.0786
4.59 23.1106
4.595 23.1426
4.6 23.1747
4.605 23.2067
4.61 23.2388
4.615 23.2709
4.62 23.3029
4.625 23.335
4.63 23.3671
4.635 23.3992
4.64 23.4313
4.645 23.4634
4.65 23.4955
4.655 23.5276
4.66 23.5598
4.665 23.5919
4.67 23.624
4.675 23.6562
4.68 23.6883
4.685 23.7205
4.69 23.7527
4.695 23.7849
4.7 23.817
4.705 23.8492
4.71 23.8814
4.715 23.9136
4.72 23.9458
4.725 23.978
4.73 24.0103
4.735 24.0425
4.74 24.0747
4.745 24.107
4.75 24.1392
4.755 24.1715
4.76 24.2037
4.765 24.236
4.77 24.2683
4.775 24.3006
4.78 24.3329
4.785 24.3652
4.79 24.3975
4.795 24.4298
4.8 24.4621
4.805 24.4944
4.81 24.5267
4.815 24.5591
4.82 24.5914
4.825 24.6238
4.83 24.6561
4.835 24.6885
4.84 24.7208
4.845 24.7532
4.85 24.7856
4.855 24.818
4.86 24.8504
4.865 24.8828
4.87 24.9152
4.875 24.9476
4.88 24.98
4.885 25.0124
4.89 25.0449
4.895 25.0773
4.9 25.1098
4.905 25.1422
4.91 25.1747
4.915 25.2071
4.92 25.2396
4.925 25.2721
4.93 25.3046
4.935 25.3371
4.94 25.3696
4.945 25.4021
4.95 25.4346
4.955 25.4671
4.96 25.4996
4.965 25.5321
4.97 25.5647
4.975 25.5972
4.98 25.6298
4.985 25.6623
4.99 25.6949
4.995 25.7274
5 25.76


0 0
0.005 0.0425961
0.01 0.0877709
0.015 0.134713
0.02 0.182999
0.025 0.232368
0.03 0.282643
0.035 0.333697
0.04 0.385434
0.045 0.437779
0.05 0.490672
0.055 0.544063
0.06 0.597912
0.065 0.652182
0.07 0.706844
0.075 0.761873
0.08 0.817244
0.085 0.872939
0.09 0.928938
0.095 0.985227
0.1 1.04179
0.105 1.09861
0.11 1.15569
0.115 1.213
0.12 1.27054
0.125 1.3283
0.13 1.38628
0.135 1.44445
0.14 1.50282
0.145 1.56138
0.15 1.62012
0.155 1.67904
0.16 1.73814
0.165 1.79739
0.17 1.85681
0.175 1.91639
0.18 1.97612
0.185 2.03599
0.19 2.09601
0.195 2.15617
0.2 2.21647
0.205 2.2769
0.21 2.33746
0.215 2.39815
0.22 2.45896
0.225 2.5199
0.23 2.58095
0.235 2.64212
0.24 2.70341
0.245 2.76481
0.25 2.82631
0.255 2.88792
0.26 2.94964
0.265 3.01146
0.27 3.07339
0.275 3.13541
0.28 3.19753
0.285 3.25974
0.29 3.32205
0.295 3.38446
0.3 3.44695
0.305 3.50953
0.31 3.57221
0.315 3.63496
0.32 3.69781
0.325 3.76074
0.33 3.82375
0.335 3.88684
0.34 3.95001
0.345 4.01326
0.35 4.07659
0.355 4.14
0.36 4.20348
0.365 4.26704
0.37 4.33067
0.375 4.39437
0.38 4.45815
0.385 4.522
0.39 4.58591
0.395 4.6499
0.4 4.71395
0.405 4.77807
0.41 4.84226
0.415 4.90651
0.42 4.97083
0.425 5.03521
0.43 5.09966
0.435 5.16417
0.44 5.22874
0.445 5.29337
0.45 5.35806
0.455 5.42282
0.46 5.48763
0.465 5.5525
0.47 5.61743
0.475 5.68241
0.48 5.74746
0.485 5.81255
0.49 5.87771
0.495 5.94292
0.5 6.00818
0.505 6.0735
0.51 6.13887
0.515 6.2043
0.52 6.26977
0.525 6.3353
0.53 6.40088
0.535 6.46651
0.54 6.53219
0.545 6.59792
0.55 6.6637
0.555 6.72953
0.56 6.79541
0.565 6.86134
0.57 6.92731
0.575 6.99333
0.58 7.0594
0.585 7.12552
0.59 7.19168
0.595 7.25789
0.6 7.32414
0.605 7.39044
0.61 7.45678
0.615 7.52316
0.62 7.58959
0.625 7.65607
0.63 7.72258
0.635 7.78914
0.64 7.85575
0.645 7.92239
0.65 7.98908
0.655 8.0558
0.66 8.12257
0.665 8.18938
0.67 8.25623
0.675 8.32312
0.68 8.39005
0.685 8.45702
0.69 8.52403
0.695 8.59108
0.7 8.65817
0.705 8.7253
0.71 8.79246
0.715 8.85966
0.72 8.92691
0.725 8.99418
0.73 9.0615
0.735 9.12885
0.74 9.19624
0.745 9.26366
0.75 9.33113
0.755 9.39862
0.76 9.46616
0.765 9.53373
0.77 9.60133
0.775 9.66897
0.78 9.73664
0.785 9.80435
0.79 9.87209
0.795 9.93987
0.8 10.0077
0.805 10.0755
0.81 10.1434
0.815 10.2113
0.82 10.2793
0.825 10.3472
0.83 10.4153
0.835 10.4833
0.84 10.5514
0.845 10.6195
0.85 10.6876
0.855 10.7558
0.86 10.824
0.865 10.8922
0.87 10.9605
0.875 11.0288
0.88 11.0971
0.885 11.1655
0.89 11.2339
0.895 11.3023
0.9 11.3707
0.905 11.4392
0.91 11.5077
0.915 11.5763
0.92 11.6448
0.925 11.7134
0.93 11.782
0.935 11.8507
0.94 11.9194
0.945 11.9881
0.95 12.0568
0.955 12.1256
0.96 12.1944
0.965 12.2632
0.97 12.3321
0.975 12.401
0.98 12.4699
0.985 12.5388
0.99 12.6078
0.995 12.6768
1 12.7458
1.005 12.8148
1.01 12.8839
1.015 12.953
1.02 13.0221
1.025 13.0913
1.03 13.1605
1.035 13.2297
1.04 13.2989
1.045 13.3682
1.05 13.4374
1.055 13.5068
1.06 13.5761
1.065 13.6455
1.07 13.7148
1.075 13.7842
1.08 13.8537
1.085 13.9231
1.09 13.9926
1.095 14.0621
1.1 14.1317
1.105 14.2012
1.11 14.2708
1.115 14.3404
1.12 14.4101
1.125 14.4797
1.13 14.5494
1.135 14.6191
1.14 14.6888
1.145 14.7586
1.15 14.8284
1.155 14.8982
1.16 14.968
1.165 15.0378
1.17 15.1077
1.175 15.1776
1.18 15.2475
1.185 15.3174
1.19 15.3874
1.195 15.4574
1.2 15.5274
1.205 15.5974
1.21 15.6675
1.215 15.7375
1.22 15.8076
1.225 15.8777
1.23 15.9479
1.235 16.018
1.24 16.0882
1.245 16.1584
1.25 16.2287
1.255 16.2989
1.26 16.3692
1.265 16.4395
1.27 16.5098
1.275 16.5801
1.28 16.6505
1.285 16.7208
1.29 16.7912
1.295 16.8617
1.3 16.9321
1.305 17.0026
1.31 17.073
1.315 17.1435
1.32 17.2141
1.325 17.2846
1.33 17.3552
1.335 17.4257
1.34 17.4963
1.345 17.567
1.35 17.6376
1.355 17.7083
1.36 17.7789
1.365 17.8496
1.37 17.9204
1.375 17.9911
1.38 18.0619
1.385 18.1327
1.39 18.2035
1.395 18.2743
1.4 18.3451
1.405 18.416
1.41 18.4868
1.415 18.5577
1.42 18.6287
1.425 18.6996
1.43 18.7705
1.435 18.8415
1.44 18.9125
1.445 18.9835
1.45 19.0545
1.455 19.1256
1.46 19.1967
1.465 19.2677
1.47 19.3388
1.475 19.41
1.48 19.4811
1.485 19.5523
1.49 19.6234
1.495 19.6946
1.5 19.7658
1.505 19.8371
1.51 19.9083
1.515 19.9796
1.52 20.0509
1.525 20.1222
1.53 20.1935
1.535 20.2648
1.54 20.3362
1.545 20.4076
1.55 20.4789
1.555 20.5503
1.56 20.6218
1.565 20.6932
1.57 20.7647
1.575 20.8361
1.58 20.9076
1.585 20.9791
1.59 21.0507
1.595 21.1222
1.6 21.1938
1.605 21.2654
1.61 21.3369
1.615 21.4086
1.62 21.4802
1.625 21.5518
1.63 21.6235
1.635 21.6952
1.64 21.7669
1.645 21.8386
1.65 21.9103
1.655 21.982
1.66 22.0538
1.665 22.1256
1.67 22.1974
1.675 22.2692
1.68 22.341
1.685 22.4128
1.69 22.4847
1.695 22.5566
1.7 22.6284
1.705 22.7004
1.71 22.7723
1.715 22.8442
1.72 22.9162
1.725 22.9881
1.73 23.0601
1.735 23.1321
1.74 23.2041
1.745 23.2761
1.75 23.3482
1.755 23.4202
1.76 23.4923
1.765 23.5644
1.77 23.6365
1.775 23.7086
1.78 23.7808
1.785 23.8529
1.79 23.9251
1.795 23.9973
1.8 24.0695
1.805 24.1417
1.81 24.2139
1.815 24.2861
1.82 24.3584
1.825 24.4307
1.83 24.503
1.835 24.5753
1.84 24.6476
1.845 24.7199
1.85 24.7922
1.855 24.8646
1.86 24.937
1.865 25.0094
1.87 25.0818
1.875 25.1542
1.88 25.2266
1.885 25.2991
1.89 25.3715
1.895 25.444
1.9 25.5165
1.905 25.589
1.91 25.6615
1.915 25.734
1.92 25.8066
1.925 25.8791
1.93 25.9517
1.935 26.0243
1.94 26.0969
1.945 26.1695
1.95 26.2421
1.955 26.3148
1.96 26.3874
1.965 26.4601
1.97 26.5328
1.975 26.6055
1.98 26.6782
1.985 26.7509
1.99 26.8237
1.995 26.8964
2 26.9692
2.005 27.0419
2.01 27.1147
2.015 27.1875
2.02 27.2604
2.025 27.3332
2.03 27.406
2.035 27.4789
2.04 27.5518
2.045 27.6247
2.05 27.6975
2.055 27.7705
2.06 27.8434
2.065 27.9163
2.07 27.9893
2.075 28.0622
2.08 28.1352
2.085 28.2082
2.09 28.2812
2.095 28.3542
2.1 28.4272
2.105 28.5003
2.11 28.5733
2.115 28.6464
2.12 28.7195
2.125 28.7926
2.13 28.8657
2.135 28.9388
2.14 29.0119
2.145 29.0851
2.15 29.1582
2.155 29.2314
2.16 29.3046
2.165 29.3778
2.17 29.451
2.175 29.5242
2.18 29.5974
2.185 29.6707
2.19 29.7439
2.195 29.8172
2.2 29.8905
2.205 29.9637
2.21 30.037
2.215 30.1104
2.22 30.1837
2.225 30.257
2.23 30.3304
2.235 30.4037
2.24 30.4771
2.245 30.5505
2.25 30.6239
2.255 30.6973
2.26 30.7707
2.265 30.8442
2.27 30.9176
2.275 30.9911
2.28 31.0646
2.285 31.138
2.29 31.2115
2.295 31.285
2.3 31.3586
2.305 31.4321
2.31 31.5056
2.315 31.5792
2.32 31.6528
2.325 31.7263
2.33 31.7999
2.335 31.8735
2.34 31.9471
2.345 32.0208
2.35 32.0944
2.355 32.168
2.36 32.2417
2.365 32.3154
2.37 32.389
2.375 32.4627
2.38 32.5364
2.385 32.6101
2.39 32.6839
2.395 32.7576
2.4 32.8314
2.405 32.9051
2.41 32.9789
2.415 33.0527
2.42 33.1265
2.425 33.2003
2.43 33.2741
2.435 33.3479
2.44 33.4217
2.445 33.4956
2.45 33.5694
2.455 33.6433
2.46 33.7172
2.465 33.7911
2.47 33.865
2.475 33.9389
2.48 34.0128
2.485 34.0868
2.49 34.1607
2.495 34.2347
2.5 34.3086
2.505 34.3826
2.51 34.4566
2.515 34.5306
2.52 34.6046
2.525 34.6786
2.53 34.7527
2.535 34.8267
2.54 34.9008
2.545 34.9748
2.55 35.0489
2.555 35.123
2.56 35.1971
2.565 35.2712
2.57 35.3453
2.575 35.4194
2.58 35.4936
2.585 35.5677
2.59 35.6419
2.595 35.716
2.6 35.7902
2.605 35.8644
2.61 35.9386
2.615 36.0128
2.62 36.087
2.625 36.1613
2.63 36.2355
2.635 36.3098
2.64 36.384
2.645 36.4583
2.65 36.5326
2.655 36.6069
2.66 36.6812
2.665 36.7555
2.67 36.8298
2.675 36.9041
2.68 36.9785
2.685 37.0528
2.69 37.1272
2.695 37.2016
2.7 37.276
2.705 37.3504
2.71 37.4248
2.715 37.4992
2.72 37.5736
2.725 37.648
2.73 37.7225
2.735 37.7969
2.74 37.8714
2.745 37.9458
2.75 38.0203
2.755 38.0948
2.76 38.1693
2.765 38.2438
2.77 38.3184
2.775 38.3929
2.78 38.4674
2.785 38.542
2.79 38.6165
2.795 38.6911
2.8 38.7657
2.805 38.8403
2.81 38.9149
2.815 38.9895
2.82 39.0641
2.825 39.1387
2.83 39.2133
2.835 39.288
2.84 39.3626
2.845 39.4373
2.85 39.512
2.855 39.5867
2.86 39.6614
2.865 39.7361
2.87 39.8108
2.875 39.8855
2.88 39.9602
2.885 40.035
2.89 40.1097
2.895 40.1845
2.9 40.2592
2.905 40.334
2.91 40.4088
2.915 40.4836
2.92 40.5584
2.925 40.6332
2.93 40.708
2.935 40.7829
2.94 40.8577
2.945 40.9326
2.95 41.0074
2.955 41.0823
2.96 41.1572
2.965 41.2321
2.97 41.307
2.975 41.3819
2.98 41.4568
2.985 41.5317
2.99 41.6066
2.995 41.6816
3 41.7565
3.005 41.8315
3.01 41.9064
3.015 41.9814
3.02 42.0564
3.025 42.1314
3.03 42.2064
3.035 42.2814
3.04 42.3564
3.045 42.4315
3.05 42.5065
3.055 42.5816
3.06 42.6566
3.065 42.7317
3.07 42.8067
3.075 42.8818
3.08 42.9569
3.085 43.032
3.09 43.1071
3.095 43.1823
3.1 43.2574
3.105 43.3325
3.11 43.4077
3.115 43.4828
3.12 43.558
3.125 43.6331
3.13 43.7083
3.135 43.7835
3.14 43.8587
3.145 43.9339
3.15 44.0091
3.155 44.0843
3.16 44.1596
3.165 44.2348
3.17 44.3101
3.175 44.3853
3.18 44.4606
3.185 44.5358
3.19 44.6111
3.195 44.6864
3.2 44.7617
3.205 44.837
3.21 44.9123
3.215 44.9877
3.22 45.063
3.225 45.1383
3.23 45.2137
3.235 45.289
3.24 45.3644
3.245 45.4398
3.25 45.5151
3.255 45.5905
3.26 45.6659
3.265 45.7413
3.27 45.8167
3.275 45.8922
3.28 45.9676
3.285 46.043
3.29 46.1185
3.295 46.1939
3.3 46.2694
3.305 46.3449
3.31 46.4204
3.315 46.4958
3.32 46.5713
3.325 46.6468
3.33 46.7224
3.335 46.7979
3.34 46.8734
3.345 46.9489
3.35 47.0245
3.355 47.1
3.36 47.1756
3.365 47.2512
3.37 47.3267
3.375 47.4023
3.38 47.4779
3.385 47.5535
3.39 47.6291
3.395 47.7047
3.4 47.7804
3.405 47.856
3.41 47.9316
3.415 48.0073
3.42 48.0829
3.425 48.1586
3.43 48.2343
3.435 48.3099
3.44 48.3856
3.445 48.4613
3.45 48.537
3.455 48.6127
3.46 48.6885
3.465 48.7642
3.47 48.8399
3.475 48.9157
3.48 48.9914
3.485 49.0672
3.49 49.1429
3.495 49.2187
3.5 49.2945
3.505 49.3703
3.51 49.4461
3.515 49.5219
3.52 49.5977
3.525 49.6735
3.53 49.7493
3.535 49.8251
3.54 49.901
3.545 49.9768
3.55 50.0527
3.555 50.1286
3.56 50.2044
3.565 50.2803
3.57 50.3562
3.575 50.4321
3.58 50.508
3.585 50.5839
3.59 50.6598
3.595 50.7357
3.6 50.8117
3.605 50.8876
3.61 50.9636
3.615 51.0395
3.62 51.1155
3.625 51.1914
3.63 51.2674
3.635 51.3434
3.64 51.4194
3.645 51.4954
3.65 51.5714
3.655 51.6474
3.66 51.7234
3.665 51.7994
3.67 51.8755
3.675 51.9515
3.68 52.0276
3.685 52.1036
3.69 52.1797
3.695 52.2558
3.7 52.3318
3.705 52.4079
3.71 52.484
3.715 52.5601
3.72 52.6362
3.725 52.7123
3.73 52.7885
3.735 52.8646
3.74 52.9407
3.745 53.0169
3.75 53.093
3.755 53.1692
3.76 53.2453
3.765 53.3215
3.77 53.3977
3.775 53.4739
3.78 53.5501
3.785 53.6263
3.79 53.7025
3.795 53.7787
3.8 53.8549
3.805 53.9312
3.81 54.0074
3.815 54.0836
3.82 54.1599
3.825 54.2361
3.83 54.3124
3.835 54.3887
3.84 54.465
3.845 54.5412
3.85 54.6175
3.855 54.6938
3.86 54.7701
3.865 54.8464
3.87 54.9228
3.875 54.9991
3.88 55.0754
3.885 55.1518
3.89 55.2281
3.895 55.3045
3.9 55.3808
3.905 55.4572
3.91 55.5336
3.915 55.61
3.92 55.6864
3.925 55.7627
3.93 55.8391
3.935 55.9156
3.94 55.992
3.945 56.0684
3.95 56.1448
3.955 56.2213
3.96 56.2977
3.965 56.3742
3.97 56.4506
3.975 56.5271
3.98 56.6036
3.985 56.68
3.99 56.7565
3.995 56.833
4 56.9095
4.005 56.986
4.01 57.0625
4.015 57.139
4.02 57.2156
4.025 57.2921
4.03 57.3686
4.035 57.4452
4.04 57.5217
4.045 57.5983
4.05 57.6748
4.055 57.7514
4.06 57.828
4.065 57.9046
4.07 57.9812
4.075 58.0578
4.08 58.1344
4.085 58.211
4.09 58.2876
4.095 58.3642
4.1 58.4409
4.105 58.5175
4.11 58.5941
4.115 58.6708
4.12 58.7474
4.125 58.8241
4.13 58.9008
4.135 58.9775
4.14 59.0541
4.145 59.1308
4.15 59.2075
4.155 59.2842
4.16 59.3609
4.165 59.4376
4.17 59.5144
4.175 59.5911
4.18 59.6678
4.185 59.7446
4.19 59.8213
4.195 59.8981
4.2 59.9748
4.205 60.0516
4.21 60.1284
4.215 60.2051
4.22 60.2819
4.225 60.3587
4.23 60.4355
4.235 60.5123
4.24 60.5891
4.245 60.666
4.25 60.7428
4.255 60.8196
4.26 60.8964
4.265 60.9733
4.27 61.0501
4.275 61.127
4.28 61.2039
4.285 61.2807
4.29 61.3576
4.295 61.4345
4.3 61.5114
4.305 61.5883
4.31 61.6652
4.315 61.7421
4.32 61.819
4.325 61.8959
4.33 61.9728
4.335 62.0497
4.34 62.1267
4.345 62.2036
4.35 62.2806
4.355 62.3575
4.36 62.4345
4.365 62.5115
4.37 62.5884
4.375 62.6654
4.38 62.7424
4.385 62.8194
4.39 62.8964
4.395 62.9734
4.4 63.0504
4.405 63.1274
4.41 63.2044
4.415 63.2815
4.42 63.3585
4.425 63.4355
4.43 63.5126
4.435 63.5896
4.44 63.6667
4.445 63.7438
4.45 63.8208
4.455 63.8979
4.46 63.975
4.465 64.0521
4.47 64.1292
4.475 64.2063
4.48 64.2834
4.485 64.3605
4.49 64.4376
4.495 64.5147
4.5 64.5919
4.505 64.669
4.51 64.7461
4.515 64.8233
4.52 64.9005
4.525 64.9776
4.53 65.0548
4.535 65.132
4.54 65.2091
4.545 65.2863
4.55 65.3635
4.555 65.4407
4.56 65.5179
4.565 65.5951
4.57 65.6723
4.575 65.7495
4.58 65.8268
4.585 65.904
4.59 65.9812
4.595 66.0585
4.6 66.1357
4.605 66.213
4.61 66.2902
4.615 66.3675
4.62 66.4448
4.625 66.5221
4.63 66.5993
4.635 66.6766
4.64 66.7539
4.645 66.8312
4.65 66.9085
4.655 66.9859
4.66 67.0632
4.665 67.1405
4.67 67.2178
4.675 67.2952
4.68 67.3725
4.685 67.4498
4.69 67.5272
4.695 67.6046
4.7 67.6819
4.705 67.7593
4.71 67.8367
4.715 67.9141
4.72 67.9914
4.725 68.0688
4.73 68.1462
4.735 68.2236
4.74 68.301
4.745 68.3785
4.75 68.4559
4.755 68.5333
4.76 68.6107
4.765 68.6882
4.77 68.7656
4.775 68.8431
4.78 68.9205
4.785 68.998
4.79 69.0755
4.795 69.1529
4.8 69.2304
4.805 69.3079
4.81 69.3854
4.815 69.4629
4.82 69.5404
4.825 69.6179
4.83 69.6954
4.835 69.7729
4.84 69.8504
4.845 69.928
4.85 70.0055
4.855 70.083
4.86 70.1606
4.865 70.2381
4.87 70.3157
4.875 70.3932
4.88 70.4708
4.885 70.5484
4.89 70.6259
4.895 70.7035
4.9 70.7811
4.905 70.8587
4.91 70.9363
4.915 71.0139
4.92 71.0915
4.925 71.1691
4.93 71.2468
4.935 71.3244
4.94 71.402
4.945 71.4797
4.95 71.5573
4.955 71.635
4.96 71.7126
4.965 71.7903
4.97 71.8679
4.975 71.9456
4.98 72.0233
4.985 72.101
4.99 72.1786
4.995 72.2563
5 72.334


0 0
0.005 0.0693014
0.01 0.141773
0.015 0.216238
0.02 0.292156
0.025 0.369217
0.03 0.44722
0.035 0.526023
0.04 0.605522
0.045 0.685637
0.05 0.766304
0.055 0.847471
0.06 0.929095
0.065 1.01114
0.07 1.09358
0.075 1.17638
0.08 1.25952
0.085 1.34298
0.09 1.42674
0.095 1.51078
0.1 1.5951
0.105 1.67968
0.11 1.7645
0.115 1.84956
0.12 1.93484
0.125 2.02034
0.13 2.10604
0.135 2.19195
0.14 2.27804
0.145 2.36433
0.15 2.45079
0.155 2.53742
0.16 2.62423
0.165 2.7112
0.17 2.79832
0.175 2.8856
0.18 2.97303
0.185 3.0606
0.19 3.14831
0.195 3.23617
0.2 3.32415
0.205 3.41227
0.21 3.50051
0.215 3.58888
0.22 3.67737
0.225 3.76598
0.23 3.85471
0.235 3.94355
0.24 4.0325
0.245 4.12156
0.25 4.21072
0.255 4.3
0.26 4.38937
0.265 4.47885
0.27 4.56842
0.275 4.6581
0.28 4.74786
0.285 4.83772
0.29 4.92768
0.295 5.01772
0.3 5.10786
0.305 5.19808
0.31 5.28838
0.315 5.37877
0.32 5.46925
0.325 5.55981
0.33 5.65044
0.335 5.74116
0.34 5.83196
0.345 5.92283
0.35 6.01378
0.355 6.10481
0.36 6.1959
0.365 6.28708
0.37 6.37832
0.375 6.46963
0.38 6.56102
0.385 6.65247
0.39 6.744
0.395 6.83559
0.4 6.92724
0.405 7.01896
0.41 7.11075
0.415 7.2026
0.42 7.29452
0.425 7.3865
0.43 7.47854
0.435 7.57064
0.44 7.6628
0.445 7.75502
0.45 7.8473
0.455 7.93964
0.46 8.03203
0.465 8.12449
0.47 8.217
0.475 8.30957
0.48 8.40219
0.485 8.49486
0.49 8.5876
0.495 8.68038
0.5 8.77322
0.505 8.86611
0.51 8.95905
0.515 9.05205
0.52 9.14509
0.525 9.23819
0.53 9.33133
0.535 9.42453
0.54 9.51778
0.545 9.61107
0.55 9.70441
0.555 9.7978
0.56 9.89124
0.565 9.98472
0.57 10.0783
0.575 10.1718
0.58 10.2655
0.585 10.3591
0.59 10.4528
0.595 10.5466
0.6 10.6404
0.605 10.7342
0.61 10.8281
0.615 10.9221
0.62 11.016
0.625 11.1101
0.63 11.2041
0.635 11.2982
0.64 11.3924
0.645 11.4866
0.65 11.5808
0.655 11.6751
0.66 11.7694
0.665 11.8637
0.67 11.9581
0.675 12.0525
0.68 12.147
0.685 12.2415
0.69 12.336
0.695 12.4306
0.7 12.5252
0.705 12.6199
0.71 12.7146
0.715 12.8093
0.72 12.9041
0.725 12.9989
0.73 13.0937
0.735 13.1886
0.74 13.2835
0.745 13.3785
0.75 13.4734
0.755 13.5685
0.76 13.6635
0.765 13.7586
0.77 13.8537
0.775 13.9489
0.78 14.0441
0.785 14.1393
0.79 14.2346
0.795 14.3299
0.8 14.4252
0.805 14.5205
0.81 14.6159
0.815 14.7113
0.82 14.8068
0.825 14.9023
0.83 14.9978
0.835 15.0934
0.84 15.1889
0.845 15.2846
0.85 15.3802
0.855 15.4759
0.86 15.5716
0.865 15.6673
0.87 15.7631
0.875 15.8589
0.88 15.9547
0.885 16.0506
0.89 16.1465
0.895 16.2424
0.9 16.3383
0.905 16.4343
0.91 16.5303
0.915 16.6264
0.92 16.7224
0.925 16.8185
0.93 16.9146
0.935 17.0108
0.94 17.107
0.945 17.2032
0.95 17.2994
0.955 17.3957
0.96 17.4919
0.965 17.5883
0.97 17.6846
0.975 17.781
0.98 17.8774
0.985 17.9738
0.99 18.0702
0.995 18.1667
1 18.2632
1.005 18.3598
1.01 18.4563
1.015 18.5529
1.02 18.6495
1.025 18.7461
1.03 18.8428
1.035 18.9395
1.04 19.0362
1.045 19.1329
1.05 19.2297
1.055 19.3265
1.06 19.4233
1.065 19.5201
1.07 19.617
1.075 19.7139
1.08 19.8108
1.085 19.9077
1.09 20.0047
1.095 20.1017
1.1 20.1987
1.105 20.2957
1.11 20.3928
1.115 20.4899
1.12 20.587
1.125 20.6841
1.13 20.7812
1.135 20.8784
1.14 20.9756
1.145 21.0728
1.15 21.1701
1.155 21.2673
1.16 21.3646
1.165 21.4619
1.17 21.5593
1.175 21.6566
1.18 21.754
1.185 21.8514
1.19 21.9488
1.195 22.0463
1.2 22.1438
1.205 22.2412
1.21 22.3388
1.215 22.4363
1.22 22.5338
1.225 22.6314
1.23 22.729
1.235 22.8266
1.24 22.9243
1.245 23.0219
1.25 23.1196
1.255 23.2173
1.26 23.3151
1.265 23.4128
1.27 23.5106
1.275 23.6084
1.28 23.7062
1.285 23.804
1.29 23.9018
1.295 23.9997
1.3 24.0976
1.305 24.1955
1.31 24.2935
1.315 24.3914
1.32 24.4894
1.325 24.5874
1.33 24.6854
1.335 24.7834
1.34 24.8815
1.345 24.9795
1.35 25.0776
1.355 25.1757
1.36 25.2739
1.365 25.372
1.37 25.4702
1.375 25.5684
1.38 25.6666
1.385 25.7648
1.39 25.863
1.395 25.9613
1.4 26.0596
1.405 26.1579
1.41 26.2562
1.415 26.3545
1.42 26.4529
1.425 26.5513
1.43 26.6497
1.435 26.7481
1.44 26.8465
1.445 26.945
1.45 27.0434
1.455 27.1419
1.46 27.2404
1.465 27.3389
1.47 27.4375
1.475 27.536
1.48 27.6346
1.485 27.7332
1.49 27.8318
1.495 27.9305
1.5 28.0291
1.505 28.1278
1.51 28.2264
1.515 28.3251
1.52 28.4239
1.525 28.5226
1.53 28.6213
1.535 28.7201
1.54 28.8189
1.545 28.9177
1.55 29.0165
1.555 29.1154
1.56 29.2142
1.565 29.3131
1.57 29.412
1.575 29.5109
1.58 29.6098
1.585 29.7087
1.59 29.8077
1.595 29.9067
1.6 30.0056
1.605 30.1047
1.61 30.2037
1.615 30.3027
1.62 30.4018
1.625 30.5008
1.63 30.5999
1.635 30.699
1.64 30.7981
1.645 30.8973
1.65 30.9964
1.655 31.0956
1.66 31.1948
1.665 31.294
1.67 31.3932
1.675 31.4924
1.68 31.5917
1.685 31.6909
1.69 31.7902
1.695 31.8895
1.7 31.9888
1.705 32.0881
1.71 32.1875
1.715 32.2868
1.72 32.3862
1.725 32.4856
1.73 32.585
1.735 32.6844
1.74 32.7838
1.745 32.8832
1.75 32.9827
1.755 33.0822
1.76 33.1817
1.765 33.2812
1.77 33.3807
1.775 33.4802
1.78 33.5798
1.785 33.6794
1.79 33.7789
1.795 33.8785
1.8 33.9781
1.805 34.0778
1.81 34.1774
1.815 34.2771
1.82 34.3767
1.825 34.4764
1.83 34.5761
1.835 34.6758
1.84 34.7755
1.845 34.8753
1.85 34.975
1.855 35.0748
1.86 35.1746
1.865 35.2744
1.87 35.3742
1.875 35.474
1.88 35.5738
1.885 35.6737
1.89 35.7736
1.895 35.8734
1.9 35.9733
1.905 36.0732
1.91 36.1732
1.915 36.2731
1.92 36.3731
1.925 36.473
1.93 36.573
1.935 36.673
1.94 36.773
1.945 36.873
1.95 36.973
1.955 37.0731
1.96 37.1731
1.965 37.2732
1.97 37.3733
1.975 37.4734
1.98 37.5735
1.985 37.6736
1.99 37.7738
1.995 37.8739
2 37.9741
2.005 38.0743
2.01 38.1745
2.015 38.2747
2.02 38.3749
2.025 38.4751
2.03 38.5754
2.035 38.6756
2.04 38.7759
2.045 38.8762
2.05 38.9765
2.055 39.0768
2.06 39.1771
2.065 39.2774
2.07 39.3778
2.075 39.4781
2.08 39.5785
2.085 39.6789
2.09 39.7793
2.095 39.8797
2.1 39.9801
2.105 40.0806
2.11 40.181
2.115 40.2815
2.12 40.3819
2.125 40.4824
2.13 40.5829
2.135 40.6834
2.14 40.784
2.145 40.8845
2.15 40.985
2.155 41.0856
2.16 41.1862
2.165 41.2867
2.17 41.3873
2.175 41.488
2.18 41.5886
2.185 41.6892
2.19 41.7898
2.195 41.8905
2.2 41.9912
2.205 42.0919
2.21 42.1925
2.215 42.2932
2.22 42.394
2.225 42.4947
2.23 42.5954
2.235 42.6962
2.24 42.7969
2.245 42.8977
2.25 42.9985
2.255 43.0993
2.26 43.2001
2.265 43.3009
2.27 43.4018
2.275 43.5026
2.28 43.6035
2.285 43.7043
2.29 43.8052
2.295 43.9061
2.3 44.007
2.305 44.1079
2.31 44.2089
2.315 44.3098
2.32 44.4107
2.325 44.5117
2.33 44.6127
2.335 44.7137
2.34 44.8146
2.345 44.9156
2.35 45.0167
2.355 45.1177
2.36 45.2187
2.365 45.3198
2.37 45.4208
2.375 45.5219
2.38 45.623
2.385 45.7241
2.39 45.8252
2.395 45.9263
2.4 46.0274
2.405 46.1286
2.41 46.2297
2.415 46.3309
2.42 46.4321
2.425 46.5332
2.43 46.6344
2.435 46.7356
2.44 46.8368
2.445 46.9381
2.45 47.0393
2.455 47.1406
2.46 47.2418
2.465 47.3431
2.47 47.4444
2.475 47.5456
2.48 47.6469
2.485 47.7483
2.49 47.8496
2.495 47.9509
2.5 48.0523
2.505 48.1536
2.51 48.255
2.515 48.3563
2.52 48.4577
2.525 48.5591
2.53 48.6605
2.535 48.7619
2.54 48.8634
2.545 48.9648
2.55 49.0662
2.555 49.1677
2.56 49.2692
2.565 49.3707
2.57 49.4721
2.575 49.5736
2.58 49.6751
2.585 49.7767
2.59 49.8782
2.595 49.9797
2.6 50.0813
2.605 50.1828
2.61 50.2844
2.615 50.386
2.62 50.4876
2.625 50.5892
2.63 50.6908
2.635 50.7924
2.64 50.894
2.645 50.9957
2.65 51.0973
2.655 51.199
2.66 51.3007
2.665 51.4023
2.67 51.504
2.675 51.6057
2.68 51.7074
2.685 51.8092
2.69 51.9109
2.695 52.0126
2.7 52.1144
2.705 52.2161
2.71 52.3179
2.715 52.4197
2.72 52.5215
2.725 52.6233
2.73 52.7251
2.735 52.8269
2.74 52.9287
2.745 53.0305
2.75 53.1324
2.755 53.2342
2.76 53.3361
2.765 53.438
2.77 53.5399
2.775 53.6417
2.78 53.7436
2.785 53.8456
2.79 53.9475
2.795 54.0494
2.8 54.1514
2.805 54.2533
2.81 54.3553
2.815 54.4572
2.82 54.5592
2.825 54.6612
2.83 54.7632
2.835 54.8652
2.84 54.9672
2.845 55.0692
2.85 55.1713
2.855 55.2733
2.86 55.3754
2.865 55.4774
2.87 55.5795
2.875 55.6816
2.88 55.7837
2.885 55.8858
2.89 55.9879
2.895 56.09
2.9 56.1921
2.905 56.2942
2.91 56.3964
2.915 56.4985
2.92 56.6007
2.925 56.7029
2.93 56.805
2.935 56.9072
2.94 57.0094
2.945 57.1116
2.95 57.2138
2.955 57.3161
2.96 57.4183
2.965 57.5205
2.97 57.6228
2.975 57.7251
2.98 57.8273
2.985 57.9296
2.99 58.0319
2.995 58.1342
3 58.2365
3.005 58.3388
3.01 58.4411
3.015 58.5434
3.02 58.6458
3.025 58.7481
3.03 58.8505
3.035 58.9529
3.04 59.0552
3.045 59.1576
3.05 59.26
3.055 59.3624
3.06 59.4648
3.065 59.5672
3.07 59.6696
3.075 59.7721
3.08 59.8745
3.085 59.977
3.09 60.0794
3.095 60.1819
3.1 60.2844
3.105 60.3869
3.11 60.4894
3.115 60.5919
3.12 60.6944
3.125 60.7969
3.13 60.8994
3.135 61.0019
3.14 61.1045
3.145 61.207
3.15 61.3096
3.155 61.4122
3.16 61.5148
3.165 61.6173
3.17 61.7199
3.175 61.8225
3.18 61.9251
3.185 62.0278
3.19 62.1304
3.195 62.233
3.2 62.3357
3.205 62.4383
3.21 62.541
3.215 62.6436
3.22 62.7463
3.225 62.849
3.23 62.9517
3.235 63.0544
3.24 63.1571
3.245 63.2598
3.25 63.3626
3.255 63.4653
3.26 63.568
3.265 63.6708
3.27 63.7735
3.275 63.8763
3.28 63.9791
3.285 64.0819
3.29 64.1846
3.295 64.2874
3.3 64.3903
3.305 64.4931
3.31 64.5959
3.315 64.6987
3.32 64.8016
3.325 64.9044
3.33 65.0073
3.335 65.1101
3.34 65.213
3.345 65.3159
3.35 65.4187
3.355 65.5216
3.36 65.6245
3.365 65.7275
3.37 65.8304
3.375 65.9333
3.38 66.0362
3.385 66.1392
3.39 66.2421
3.395 66.3451
3.4 66.448
3.405 66.551
3.41 66.654
3.415 66.757
3.42 66.86
3.425 66.963
3.43 67.066
3.435 67.169
3.44 67.272
3.445 67.375
3.45 67.4781
3.455 67.5811
3.46 67.6842
3.465 67.7872
3.47 67.8903
3.475 67.9934
3.48 68.0965
3.485 68.1996
3.49 68.3027
3.495 68.4058
3.5 68.5089
3.505 68.612
3.51 68.7152
3.515 68.8183
3.52 68.9214
3.525 69.0246
3.53 69.1278
3.535 69.2309
3.54 69.3341
3.545 69.4373
3.55 69.5405
3.555 69.6437
3.56 69.7469
3.565 69.8501
3.57 69.9533
3.575 70.0565
3.58 70.1598
3.585 70.263
3.59 70.3663
3.595 70.4695
3.6 70.5728
3.605 70.6761
3.61 70.7793
3.615 70.8826
3.62 70.9859
3.625 71.0892
3.63 71.1925
3.635 71.2958
3.64 71.3992
3.645 71.5025
3.65 71.6058
3.655 71.7092
3.66 71.8125
3.665 71.9159
3.67 72.0192
3.675 72.1226
3.68 72.226
3.685 72.3294
3.69 72.4328
3.695 72.5362
3.7 72.6396
3.705 72.743
3.71 72.8464
3.715 72.9499
3.72 73.0533
3.725 73.1567
3.73 73.2602
3.735 73.3636
3.74 73.4671
3.745 73.5706
3.75 73.6741
3.755 73.7776
3.76 73.881
3.765 73.9845
3.77 74.0881
3.775 74.1916
3.78 74.2951
3.785 74.3986
3.79 74.5022
3.795 74.6057
3.8 74.7092
3.805 74.8128
3.81 74.9164
3.815 75.0199
3.82 75.1235
3.825 75.2271
3.83 75.3307
3.835 75.4343
3.84 75.5379
3.845 75.6415
3.85 75.7451
3.855 75.8487
3.86 75.9524
3.865 76.056
3.87 76.1597
3.875 76.2633
3.88 76.367
3.885 76.4706
3.89 76.5743
3.895 76.678
3.9 76.7817
3.905 76.8854
3.91 76.9891
3.915 77.0928
3.92 77.1965
3.925 77.3002
3.93 77.4039
3.935 77.5077
3.94 77.6114
3.945 77.7151
3.95 77.8189
3.955 77.9227
3.96 78.0264
3.965 78.1302
3.97 78.234
3.975 78.3378
3.98 78.4416
3.985 78.5454
3.99 78.6492
3.995 78.753
4 78.8568
4.005 78.9606
4.01 79.0645
4.015 79.1683
4.02 79.2721
4.025 79.376
4.03 79.4798
4.035 79.5837
4.04 79.6876
4.045 79.7915
4.05 79.8953
4.055 79.9992
4.06 80.1031
4.065 80.207
4.07 80.3109
4.075 80.4149
4.08 80.5188
4.085 80.6227
4.09 80.7267
4.095 80.8306
4.1 80.9345
4.105 81.0385
4.11 81.1425
4.115 81.2464
4.12 81.3504
4.125 81.4544
4.13 81.5584
4.135 81.6624
4.14 81.7664
4.145 81.8704
4.15 81.9744
4.155 82.0784
4.16 82.1824
4.165 82.2865
4.17 82.3905
4.175 82.4946
4.18 82.5986
4.185 82.7027
4.19 82.8067
4.195 82.9108
4.2 83.0149
4.205 83.119
4.21 83.223
4.215 83.3271
4.22 83.4312
4.225 83.5353
4.23 83.6395
4.235 83.7436
4.24 83.8477
4.245 83.9518
4.25 84.056
4.255 84.1601
4.26 84.2643
4.265 84.3684
4.27 84.4726
4.275 84.5768
4.28 84.6809
4.285 84.7851
4.29 84.8893
4.295 84.9935
4.3 85.0977
4.305 85.2019
4.31 85.3061
4.315 85.4103
4.32 85.5146
4.325 85.6188
4.33 85.723
4.335 85.8273
4.34 85.9315
4.345 86.0358
4.35 86.14
4.355 86.2443
4.36 86.3486
4.365 86.4529
4.37 86.5571
4.375 86.6614
4.38 86.7657
4.385 86.87
4.39 86.9743
4.395 87.0787
4.4 87.183
4.405 87.2873
4.41 87.3916
4.415 87.496
4.42 87.6003
4.425 87.7047
4.43 87.809
4.435 87.9134
4.44 88.0178
4.445 88.1221
4.45 88.2265
4.455 88.3309
4.46 88.4353
4.465 88.5397
4.47 88.6441
4.475 88.7485
4.48 88.8529
4.485 88.9573
4.49 89.0618
4.495 89.1662
4.5 89.2706
4.505 89.3751
4.51 89.4795
4.515 89.584
4.52 89.6885
4.525 89.7929
4.53 89.8974
4.535 90.0019
4.54 90.1064
4.545 90.2109
4.55 90.3154
4.555 90.4199
4.56 90.5244
4.565 90.6289
4.57 90.7334
4.575 90.8379
4.58 90.9425
4.585 91.047
4.59 91.1516
4.595 91.2561
4.6 91.3607
4.605 91.4652
4.61 91.5698
4.615 91.6744
4.62 91.7789
4.625 91.8835
4.63 91.9881
4.635 92.0927
4.64 92.1973
4.645 92.3019
4.65 92.4065
4.655 92.5111
4.66 92.6158
4.665 92.7204
4.67 92.825
4.675 92.9297
4.68 93.0343
4.685 93.139
4.69 93.2436
4.695 93.3483
4.7 93.453
4.705 93.5576
4.71 93.6623
4.715 93.767
4.72 93.8717
4.725 93.9764
4.73 94.0811
4.735 94.1858
4.74 94.2905
4.745 94.3952
4.75 94.4999
4.755 94.6047
4.76 94.7094
4.765 94.8142
4.77 94.9189
4.775 95.0237
4.78 95.1284
4.785 95.2332
4.79 95.3379
4.795 95.4427
4.8 95.5475
4.805 95.6523
4.81 95.7571
4.815 95.8619
4.82 95.9667
4.825 96.0715
4.83 96.1763
4.835 96.2811
4.84 96.3859
4.845 96.4908
4.85 96.5956
4.855 96.7004
4.86 96.8053
4.865 96.9101
4.87 97.015
4.875 97.1198
4.88 97.2247
4.885 97.3296
4.89 97.4345
4.895 97.5393
4.9 97.6442
4.905 97.7491
4.91 97.854
4.915 97.9589
4.92 98.0638
4.925 98.1687
4.93 98.2737
4.935 98.3786
4.94 98.4835
4.945 98.5885
4.95 98.6934
4.955 98.7983
4.96 98.9033
4.965 99.0082
4.97 99.1132
4.975 99.2182
4.98 99.3232
4.985 99.4281
4.99 99.5331
4.995 99.6381
5 99.7431


0 0
0.005 0.0695534
0.01 0.142281
0.015 0.217004
0.02 0.293181
0.025 0.3705
0.03 0.448762
0.035 0.527824
0.04 0.607582
0.045 0.687956
0.05 0.768882
0.055 0.850309
0.06 0.932192
0.065 1.0145
0.07 1.09719
0.075 1.18025
0.08 1.26365
0.085 1.34737
0.09 1.43139
0.095 1.5157
0.1 1.60027
0.105 1.68511
0.11 1.77019
0.115 1.8555
0.12 1.94104
0.125 2.0268
0.13 2.11277
0.135 2.19893
0.14 2.28529
0.145 2.37183
0.15 2.45855
0.155 2.54544
0.16 2.63251
0.165 2.71973
0.17 2.80712
0.175 2.89465
0.18 2.98234
0.185 3.07017
0.19 3.15814
0.195 3.24625
0.2 3.3345
0.205 3.42287
0.21 3.51138
0.215 3.6
0.22 3.68875
0.225 3.77762
0.23 3.8666
0.235 3.9557
0.24 4.04491
0.245 4.13423
0.25 4.22366
0.255 4.31319
0.26 4.40282
0.265 4.49256
0.27 4.58239
0.275 4.67232
0.28 4.76235
0.285 4.85247
0.29 4.94268
0.295 5.03298
0.3 5.12337
0.305 5.21385
0.31 5.30442
0.315 5.39507
0.32 5.4858
0.325 5.57662
0.33 5.66751
0.335 5.75849
0.34 5.84954
0.345 5.94067
0.35 6.03188
0.355 6.12316
0.36 6.21452
0.365 6.30595
0.37 6.39745
0.375 6.48903
0.38 6.58067
0.385 6.67238
0.39 6.76416
0.395 6.85601
0.4 6.94792
0.405 7.03991
0.41 7.13195
0.415 7.22406
0.42 7.31623
0.425 7.40847
0.43 7.50077
0.435 7.59313
0.44 7.68554
0.445 7.77802
0.45 7.87056
0.455 7.96316
0.46 8.05581
0.465 8.14853
0.47 8.24129
0.475 8.33412
0.48 8.427
0.485 8.51993
0.49 8.61292
0.495 8.70596
0.5 8.79906
0.505 8.89221
0.51 8.98541
0.515 9.07866
0.52 9.17197
0.525 9.26532
0.53 9.35872
0.535 9.45218
0.54 9.54568
0.545 9.63923
0.55 9.73283
0.555 9.82648
0.56 9.92018
0.565 10.0139
0.57 10.1077
0.575 10.2015
0.58 10.2954
0.585 10.3894
0.59 10.4833
0.595 10.5773
0.6 10.6714
0.605 10.7655
0.61 10.8597
0.615 10.9538
0.62 11.0481
0.625 11.1424
0.63 11.2367
0.635 11.331
0.64 11.4254
0.645 11.5199
0.65 11.6144
0.655 11.7089
0.66 11.8035
0.665 11.8981
0.67 11.9927
0.675 12.0874
0.68 12.1821
0.685 12.2769
0.69 12.3717
0.695 12.4665
0.7 12.5614
0.705 12.6563
0.71 12.7513
0.715 12.8462
0.72 12.9413
0.725 13.0363
0.73 13.1314
0.735 13.2266
0.74 13.3217
0.745 13.4169
0.75 13.5122
0.755 13.6075
0.76 13.7028
0.765 13.7981
0.77 13.8935
0.775 13.9889
0.78 14.0844
0.785 14.1798
0.79 14.2754
0.795 14.3709
0.8 14.4665
0.805 14.5621
0.81 14.6577
0.815 14.7534
0.82 14.8491
0.825 14.9449
0.83 15.0407
0.835 15.1365
0.84 15.2323
0.845 15.3282
0.85 15.4241
0.855 15.52
0.86 15.616
0.865 15.712
0.87 15.808
0.875 15.9041
0.88 16.0001
0.885 16.0963
0.89 16.1924
0.895 16.2886
0.9 16.3848
0.905 16.481
0.91 16.5773
0.915 16.6736
0.92 16.7699
0.925 16.8663
0.93 16.9626
0.935 17.059
0.94 17.1555
0.945 17.2519
0.95 17.3484
0.955 17.4449
0.96 17.5415
0.965 17.6381
0.97 17.7347
0.975 17.8313
0.98 17.9279
0.985 18.0246
0.99 18.1213
0.995 18.2181
1 18.3148
1.005 18.4116
1.01 18.5084
1.015 18.6053
1.02 18.7021
1.025 18.799
1.03 18.896
1.035 18.9929
1.04 19.0899
1.045 19.1869
1.05 19.2839
1.055 19.3809
1.06 19.478
1.065 19.5751
1.07 19.6722
1.075 19.7694
1.08 19.8665
1.085 19.9637
1.09 20.0609
1.095 20.1582
1.1 20.2554
1.105 20.3527
1.11 20.45
1.115 20.5474
1.12 20.6447
1.125 20.7421
1.13 20.8395
1.135 20.937
1.14 21.0344
1.145 21.1319
1.15 21.2294
1.155 21.3269
1.16 21.4245
1.165 21.522
1.17 21.6196
1.175 21.7172
1.18 21.8149
1.185 21.9125
1.19 22.0102
1.195 22.1079
1.2 22.2056
1.205 22.3034
1.21 22.4012
1.215 22.499
1.22 22.5968
1.225 22.6946
1.23 22.7925
1.235 22.8903
1.24 22.9882
1.245 23.0862
1.25 23.1841
1.255 23.2821
1.26 23.38
1.265 23.478
1.27 23.5761
1.275 23.6741
1.28 23.7722
1.285 23.8703
1.29 23.9684
1.295 24.0665
1.3 24.1647
1.305 24.2628
1.31 24.361
1.315 24.4592
1.32 24.5574
1.325 24.6557
1.33 24.754
1.335 24.8523
1.34 24.9506
1.345 25.0489
1.35 25.1472
1.355 25.2456
1.36 25.344
1.365 25.4424
1.37 25.5408
1.375 25.6393
1.38 25.7377
1.385 25.8362
1.39 25.9347
1.395 26.0332
1.4 26.1318
1.405 26.2303
1.41 26.3289
1.415 26.4275
1.42 26.5261
1.425 26.6247
1.43 26.7234
1.435 26.8221
1.44 26.9208
1.445 27.0195
1.45 27.1182
1.455 27.2169
1.46 27.3157
1.465 27.4145
1.47 27.5133
1.475 27.6121
1.48 27.7109
1.485 27.8098
1.49 27.9086
1.495 28.0075
1.5 28.1064
1.505 28.2053
1.51 28.3043
1.515 28.4032
1.52 28.5022
1.525 28.6012
1.53 28.7002
1.535 28.7992
1.54 28.8983
1.545 28.9973
1.55 29.0964
1.555 29.1955
1.56 29.2946
1.565 29.3938
1.57 29.4929
1.575 29.5921
1.58 29.6912
1.585 29.7904
1.59 29.8896
1.595 29.9889
1.6 30.0881
1.605 30.1874
1.61 30.2867
1.615 30.3859
1.62 30.4853
1.625 30.5846
1.63 30.6839
1.635 30.7833
1.64 30.8827
1.645 30.9821
1.65 31.0815
1.655 31.1809
1.66 31.2803
1.665 31.3798
1.67 31.4792
1.675 31.5787
1.68 31.6782
1.685 31.7777
1.69 31.8773
1.695 31.9768
1.7 32.0764
1.705 32.176
1.71 32.2756
1.715 32.3752
1.72 32.4748
1.725 32.5745
1.73 32.6741
1.735 32.7738
1.74 32.8735
1.745 32.9732
1.75 33.0729
1.755 33.1726
1.76 33.2724
1.765 33.3721
1.77 33.4719
1.775 33.5717
1.78 33.6715
1.785 33.7713
1.79 33.8712
1.795 33.971
1.8 34.0709
1.805 34.1708
1.81 34.2707
1.815 34.3706
1.82 34.4705
1.825 34.5704
1.83 34.6704
1.835 34.7704
1.84 34.8703
1.845 34.9703
1.85 35.0703
1.855 35.1704
1.86 35.2704
1.865 35.3705
1.87 35.4705
1.875 35.5706
1.88 35.6707
1.885 35.7708
1.89 35.8709
1.895 35.9711
1.9 36.0712
1.905 36.1714
1.91 36.2716
1.915 36.3718
1.92 36.472
1.925 36.5722
1.93 36.6724
1.935 36.7727
1.94 36.8729
1.945 36.9732
1.95 37.0735
1.955 37.1738
1.96 37.2741
1.965 37.3744
1.97 37.4748
1.975 37.5751
1.98 37.6755
1.985 37.7759
1.99 37.8763
1.995 37.9767
2 38.0771
2.005 38.1776
2.01 38.278
2.015 38.3785
2.02 38.4789
2.025 38.5794
2.03 38.6799
2.035 38.7804
2.04 38.881
2.045 38.9815
2.05 39.0821
2.055 39.1826
2.06 39.2832
2.065 39.3838
2.07 39.4844
2.075 39.585
2.08 39.6856
2.085 39.7863
2.09 39.8869
2.095 39.9876
2.1 40.0883
2.105 40.189
2.11 40.2897
2.115 40.3904
2.12 40.4911
2.125 40.5919
2.13 40.6926
2.135 40.7934
2.14 40.8942
2.145 40.995
2.15 41.0958
2.155 41.1966
2.16 41.2974
2.165 41.3982
2.17 41.4991
2.175 41.6
2.18 41.7008
2.185 41.8017
2.19 41.9026
2.195 42.0035
2.2 42.1045
2.205 42.2054
2.21 42.3064
2.215 42.4073
2.22 42.5083
2.225 42.6093
2.23 42.7103
2.235 42.8113
2.24 42.9123
2.245 43.0133
2.25 43.1144
2.255 43.2154
2.26 43.3165
2.265 43.4176
2.27 43.5187
2.275 43.6198
2.28 43.7209
2.285 43.822
2.29 43.9231
2.295 44.0243
2.3 44.1254
2.305 44.2266
2.31 44.3278
2.315 44.429
2.32 44.5302
2.325 44.6314
2.33 44.7326
2.335 44.8339
2.34 44.9351
2.345 45.0364
2.35 45.1377
2.355 45.2389
2.36 45.3402
2.365 45.4415
2.37 45.5429
2.375 45.6442
2.38 45.7455
2.385 45.8469
2.39 45.9482
2.395 46.0496
2.4 46.151
2.405 46.2524
2.41 46.3538
2.415 46.4552
2.42 46.5566
2.425 46.6581
2.43 46.7595
2.435 46.861
2.44 46.9625
2.445 47.0639
2.45 47.1654
2.455 47.2669
2.46 47.3685
2.465 47.47
2.47 47.5715
2.475 47.6731
2.48 47.7746
2.485 47.8762
2.49 47.9778
2.495 48.0793
2.5 48.1809
2.505 48.2826
2.51 48.3842
2.515 48.4858
2.52 48.5874
2.525 48.6891
2.53 48.7908
2.535 48.8924
2.54 48.9941
2.545 49.0958
2.55 49.1975
2.555 49.2992
2.56 49.401
2.565 49.5027
2.57 49.6044
2.575 49.7062
2.58 49.8079
2.585 49.9097
2.59 50.0115
2.595 50.1133
2.6 50.2151
2.605 50.3169
2.61 50.4188
2.615 50.5206
2.62 50.6224
2.625 50.7243
2.63 50.8262
2.635 50.928
2.64 51.0299
2.645 51.1318
2.65 51.2337
2.655 51.3356
2.66 51.4376
2.665 51.5395
2.67 51.6414
2.675 51.7434
2.68 51.8454
2.685 51.9473
2.69 52.0493
2.695 52.1513
2.7 52.2533
2.705 52.3553
2.71 52.4574
2.715 52.5594
2.72 52.6614
2.725 52.7635
2.73 52.8656
2.735 52.9676
2.74 53.0697
2.745 53.1718
2.75 53.2739
2.755 53.376
2.76 53.4781
2.765 53.5803
2.77 53.6824
2.775 53.7846
2.78 53.8867
2.785 53.9889
2.79 54.0911
2.795 54.1932
2.8 54.2954
2.805 54.3977
2.81 54.4999
2.815 54.6021
2.82 54.7043
2.825 54.8066
2.83 54.9088
2.835 55.0111
2.84 55.1134
2.845 55.2156
2.85 55.3179
2.855 55.4202
2.86 55.5225
2.865 55.6248
2.87 55.7272
2.875 55.8295
2.88 55.9319
2.885 56.0342
2.89 56.1366
2.895 56.2389
2.9 56.3413
2.905 56.4437
2.91 56.5461
2.915 56.6485
2.92 56.7509
2.925 56.8534
2.93 56.9558
2.935 57.0583
2.94 57.1607
2.945 57.2632
2.95 57.3656
2.955 57.4681
2.96 57.5706
2.965 57.6731
2.97 57.7756
2.975 57.8781
2.98 57.9807
2.985 58.0832
2.99 58.1857
2.995 58.2883
3 58.3908
3.005 58.4934
3.01 58.596
3.015 58.6986
3.02 58.8012
3.025 58.9038
3.03 59.0064
3.035 59.109
3.04 59.2116
3.045 59.3143
3.05 59.4169
3.055 59.5196
3.06 59.6222
3.065 59.7249
3.07 59.8276
3.075 59.9303
3.08 60.033
3.085 60.1357
3.09 60.2384
3.095 60.3411
3.1 60.4439
3.105 60.5466
3.11 60.6494
3.115 60.7521
3.12 60.8549
3.125 60.9577
3.13 61.0604
3.135 61.1632
3.14 61.266
3.145 61.3688
3.15 61.4717
3.155 61.5745
3.16 61.6773
3.165 61.7802
3.17 61.883
3.175 61.9859
3.18 62.0887
3.185 62.1916
3.19 62.2945
3.195 62.3974
3.2 62.5003
3.205 62.6032
3.21 62.7061
3.215 62.809
3.22 62.912
3.225 63.0149
3.23 63.1179
3.235 63.2208
3.24 63.3238
3.245 63.4268
3.25 63.5297
3.255 63.6327
3.26 63.7357
3.265 63.8387
3.27 63.9417
3.275 64.0448
3.28 64.1478
3.285 64.2508
3.29 64.3539
3.295 64.4569
3.3 64.56
3.305 64.6631
3.31 64.7661
3.315 64.8692
3.32 64.9723
3.325 65.0754
3.33 65.1785
3.335 65.2817
3.34 65.3848
3.345 65.4879
3.35 65.5911
3.355 65.6942
3.36 65.7974
3.365 65.9005
3.37 66.0037
3.375 66.1069
3.38 66.2101
3.385 66.3133
3.39 66.4165
3.395 66.5197
3.4 66.6229
3.405 66.7261
3.41 66.8294
3.415 66.9326
3.42 67.0359
3.425 67.1391
3.43 67.2424
3.435 67.3457
3.44 67.4489
3.445 67.5522
3.45 67.6555
3.455 67.7588
3.46 67.8621
3.465 67.9655
3.47 68.0688
3.475 68.1721
3.48 68.2755
3.485 68.3788
3.49 68.4822
3.495 68.5855
3.5 68.6889
3.505 68.7923
3.51 68.8957
3.515 68.9991
3.52 69.1025
3.525 69.2059
3.53 69.3093
3.535 69.4127
3.54 69.5162
3.545 69.6196
3.55 69.723
3.555 69.8265
3.56 69.93
3.565 70.0334
3.57 70.1369
3.575 70.2404
3.58 70.3439
3.585 70.4474
3.59 70.5509
3.595 70.6544
3.6 70.7579
3.605 70.8614
3.61 70.965
3.615 71.0685
3.62 71.1721
3.625 71.2756
3.63 71.3792
3.635 71.4828
3.64 71.5863
3.645 71.6899
3.65 71.7935
3.655 71.8971
3.66 72.0007
3.665 72.1043
3.67 72.208
3.675 72.3116
3.68 72.4152
3.685 72.5189
3.69 72.6225
3.695 72.7262
3.7 72.8299
3.705 72.9335
3.71 73.0372
3.715 73.1409
3.72 73.2446
3.725 73.3483
3.73 73.452
3.735 73.5557
3.74 73.6594
3.745 73.7632
3.75 73.8669
3.755 73.9706
3.76 74.0744
3.765 74.1781
3.77 74.2819
3.775 74.3857
3.78 74.4895
3.785 74.5932
3.79 74.697
3.795 74.8008
3.8 74.9046
3.805 75.0084
3.81 75.1123
3.815 75.2161
3.82 75.3199
3.825 75.4238
3.83 75.5276
3.835 75.6315
3.84 75.7353
3.845 75.8392
3.85 75.9431
3.855 76.0469
3.86 76.1508
3.865 76.2547
3.87 76.3586
3.875 76.4625
3.88 76.5665
3.885 76.6704
3.89 76.7743
3.895 76.8782
3.9 76.9822
3.905 77.0861
3.91 77.1901
3.915 77.2941
3.92 77.398
3.925 77.502
3.93 77.606
3.935 77.71
3.94 77.814
3.945 77.918
3.95 78.022
3.955 78.126
3.96 78.23
3.965 78.334
3.97 78.4381
3.975 78.5421
3.98 78.6462
3.985 78.7502
3.99 78.8543
3.995 78.9584
4 79.0624
4.005 79.1665
4.01 79.2706
4.015 79.3747
4.02 79.4788
4.025 79.5829
4.03 79.687
4.035 79.7911
4.04 79.8953
4.045 79.9994
4.05 80.1036
4.055 80.2077
4.06 80.3119
4.065 80.416
4.07 80.5202
4.075 80.6244
4.08 80.7285
4.085 80.8327
4.09 80.9369
4.095 81.0411
4.1 81.1453
4.105 81.2495
4.11 81.3537
4.115 81.458
4.12 81.5622
4.125 81.6664
4.13 81.7707
4.135 81.8749
4.14 81.9792
4.145 82.0835
4.15 82.1877
4.155 82.292
4.16 82.3963
4.165 82.5006
4.17 82.6049
4.175 82.7092
4.18 82.8135
4.185 82.9178
4.19 83.0221
4.195 83.1264
4.2 83.2308
4.205 83.3351
4.21 83.4394
4.215 83.5438
4.22 83.6482
4.225 83.7525
4.23 83.8569
4.235 83.9613
4.24 84.0657
4.245 84.17
4.25 84.2744
4.255 84.3788
4.26 84.4832
4.265 84.5877
4.27 84.6921
4.275 84.7965
4.28 84.9009
4.285 85.0054
4.29 85.1098
4.295 85.2143
4.3 85.3187
4.305 85.4232
4.31 85.5277
4.315 85.6321
4.32 85.7366
4.325 85.8411
4.33 85.9456
4.335 86.0501
4.34 86.1546
4.345 86.2591
4.35 86.3636
4.355 86.4681
4.36 86.5727
4.365 86.6772
4.37 86.7817
4.375 86.8863
4.38 86.9909
4.385 87.0954
4.39 87.2
4.395 87.3045
4.4 87.4091
4.405 87.5137
4.41 87.6183
4.415 87.7229
4.42 87.8275
4.425 87.9321
4.43 88.0367
4.435 88.1413
4.44 88.246
4.445 88.3506
4.45 88.4552
4.455 88.5599
4.46 88.6645
4.465 88.7692
4.47 88.8738
4.475 88.9785
4.48 89.0832
4.485 89.1878
4.49 89.2925
4.495 89.3972
4.5 89.5019
4.505 89.6066
4.51 89.7113
4.515 89.816
4.52 89.9208
4.525 90.0255
4.53 90.1302
4.535 90.235
4.54 90.3397
4.545 90.4444
4.55 90.5492
4.555 90.654
4.56 90.7587
4.565 90.8635
4.57 90.9683
4.575 91.0731
4.58 91.1778
4.585 91.2826
4.59 91.3874
4.595 91.4922
4.6 91.5971
4.605 91.7019
4.61 91.8067
4.615 91.9115
4.62 92.0164
4.625 92.1212
4.63 92.226
4.635 92.3309
4.64 92.4358
4.645 92.5406
4.65 92.6455
4.655 92.7504
4.66 92.8552
4.665 92.9601
4.67 93.065
4.675 93.1699
4.68 93.2748
4.685 93.3797
4.69 93.4846
4.695 93.5896
4.7 93.6945
4.705 93.7994
4.71 93.9043
4.715 94.0093
4.72 94.1142
4.725 94.2192
4.73 94.3241
4.735 94.4291
4.74 94.5341
4.745 94.639
4.75 94.744
4.755 94.849
4.76 94.954
4.765 95.059
4.77 95.164
4.775 95.269
4.78 95.374
4.785 95.479
4.79 95.5841
4.795 95.6891
4.8 95.7941
4.805 95.8992
4.81 96.0042
4.815 96.1093
4.82 96.2143
4.825 96.3194
4.83 96.4245
4.835 96.5295
4.84 96.6346
4.845 96.7397
4.85 96.8448
4.855 96.9499
4.86 97.055
4.865 97.1601
4.87 97.2652
4.875 97.3703
4.88 97.4754
4.885 97.5806
4.89 97.6857
4.895 97.7908
4.9 97.896
4.905 98.0011
4.91 98.1063
4.915 98.2115
4.92 98.3166
4.925 98.4218
4.93 98.527
4.935 98.6321
4.94 98.7373
4.945 98.8425
4.95 98.9477
4.955 99.0529
4.96 99.1581
4.965 99.2633
4.97 99.3686
4.975 99.4738
4.98 99.579
4.985 99.6843
4.99 99.7895
4.995 99.8947
5 100


0 0
0.005 0.0695535
0.01 0.142281
0.015 0.217004
0.02 0.293181
0.025 0.3705
0.03 0.448762
0.035 0.527824
0.04 0.607582
0.045 0.687956
0.05 0.768882
0.055 0.850309
0.06 0.932192
0.065 1.0145
0.07 1.09719
0.075 1.18025
0.08 1.26365
0.085 1.34737
0.09 1.43139
0.095 1.5157
0.1 1.60027
0.105 1.68511
0.11 1.77019
0.115 1.8555
0.12 1.94104
0.125 2.0268
0.13 2.11277
0.135 2.19893
0.14 2.28529
0.145 2.37183
0.15 2.45855
0.155 2.54544
0.16 2.63251
0.165 2.71973
0.17 2.80712
0.175 2.89465
0.18 2.98234
0.185 3.07017
0.19 3.15814
0.195 3.24625
0.2 3.3345
0.205 3.42287
0.21 3.51138
0.215 3.6
0.22 3.68875
0.225 3.77762
0.23 3.86661
0.235 3.9557
0.24 4.04491
0.245 4.13423
0.25 4.22366
0.255 4.31319
0.26 4.40282
0.265 4.49256
0.27 4.58239
0.275 4.67232
0.28 4.76235
0.285 4.85247
0.29 4.94268
0.295 5.03298
0.3 5.12337
0.305 5.21385
0.31 5.30442
0.315 5.39507
0.32 5.4858
0.325 5.57662
0.33 5.66751
0.335 5.75849
0.34 5.84954
0.345 5.94067
0.35 6.03188
0.355 6.12316
0.36 6.21452
0.365 6.30595
0.37 6.39745
0.375 6.48903
0.38 6.58067
0.385 6.67238
0.39 6.76416
0.395 6.85601
0.4 6.94793
0.405 7.03991
0.41 7.13195
0.415 7.22406
0.42 7.31623
0.425 7.40847
0.43 7.50077
0.435 7.59313
0.44 7.68555
0.445 7.77802
0.45 7.87056
0.455 7.96316
0.46 8.05581
0.465 8.14853
0.47 8.24129
0.475 8.33412
0.48 8.427
0.485 8.51993
0.49 8.61292
0.495 8.70597
0.5 8.79906
0.505 8.89221
0.51 8.98541
0.515 9.07866
0.52 9.17197
0.525 9.26532
0.53 9.35873
0.535 9.45218
0.54 9.54568
0.545 9.63923
0.55 9.73283
0.555 9.82648
0.56 9.92018
0.565 10.0139
0.57 10.1077
0.575 10.2015
0.58 10.2954
0.585 10.3894
0.59 10.4833
0.595 10.5773
0.6 10.6714
0.605 10.7655
0.61 10.8597
0.615 10.9538
0.62 11.0481
0.625 11.1424
0.63 11.2367
0.635 11.331
0.64 11.4254
0.645 11.5199
0.65 11.6144
0.655 11.7089
0.66 11.8035
0.665 11.8981
0.67 11.9927
0.675 12.0874
0.68 12.1821
0.685 12.2769
0.69 12.3717
0.695 12.4665
0.7 12.5614
0.705 12.6563
0.71 12.7513
0.715 12.8462
0.72 12.9413
0.725 13.0363
0.73 13.1314
0.735 13.2266
0.74 13.3217
0.745 13.4169
0.75 13.5122
0.755 13.6075
0.76 13.7028
0.765 13.7981
0.77 13.8935
0.775 13.9889
0.78 14.0844
0.785 14.1798
0.79 14.2754
0.795 14.3709
0.8 14.4665
0.805 14.5621
0.81 14.6577
0.815 14.7534
0.82 14.8491
0.825 14.9449
0.83 15.0407
0.835 15.1365
0.84 15.2323
0.845 15.3282
0.85 15.4241
0.855 15.52
0.86 15.616
0.865 15.712
0.87 15.808
0.875 15.9041
0.88 16.0001
0.885 16.0963
0.89 16.1924
0.895 16.2886
0.9 16.3848
0.905 16.481
0.91 16.5773
0.915 16.6736
0.92 16.7699
0.925 16.8663
0.93 16.9626
0.935 17.059
0.94 17.1555
0.945 17.2519
0.95 17.3484
0.955 17.4449
0.96 17.5415
0.965 17.6381
0.97 17.7347
0.975 17.8313
0.98 17.928
0.985 18.0246
0.99 18.1213
0.995 18.2181
1 18.3148
1.005 18.4116
1.01 18.5084
1.015 18.6053
1.02 18.7021
1.025 18.799
1.03 18.896
1.035 18.9929
1.04 19.0899
1.045 19.1869
1.05 19.2839
1.055 19.3809
1.06 19.478
1.065 19.5751
1.07 19.6722
1.075 19.7694
1.08 19.8665
1.085 19.9637
1.09 20.0609
1.095 20.1582
1.1 20.2554
1.105 20.3527
1.11 20.45
1.115 20.5474
1.12 20.6447
1.125 20.7421
1.13 20.8395
1.135 20.937
1.14 21.0344
1.145 21.1319
1.15 21.2294
1.155 21.3269
1.16 21.4245
1.165 21.522
1.17 21.6196
1.175 21.7172
1.18 21.8149
1.185 21.9125
1.19 22.0102
1.195 22.1079
1.2 22.2057
1.205 22.3034
1.21 22.4012
1.215 22.499
1.22 22.5968
1.225 22.6946
1.23 22.7925
1.235 22.8903
1.24 22.9882
1.245 23.0862
1.25 23.1841
1.255 23.2821
1.26 23.38
1.265 23.478
1.27 23.5761
1.275 23.6741
1.28 23.7722
1.285 23.8703
1.29 23.9684
1.295 24.0665
1.3 24.1647
1.305 24.2628
1.31 24.361
1.315 24.4592
1.32 24.5574
1.325 24.6557
1.33 24.754
1.335 24.8523
1.34 24.9506
1.345 25.0489
1.35 25.1472
1.355 25.2456
1.36 25.344
1.365 25.4424
1.37 25.5408
1.375 25.6393
1.38 25.7377
1.385 25.8362
1.39 25.9347
1.395 26.0332
1.4 26.1318
1.405 26.2303
1.41 26.3289
1.415 26.4275
1.42 26.5261
1.425 26.6248
1.43 26.7234
1.435 26.8221
1.44 26.9208
1.445 27.0195
1.45 27.1182
1.455 27.2169
1.46 27.3157
1.465 27.4145
1.47 27.5133
1.475 27.6121
1.48 27.7109
1.485 27.8098
1.49 27.9086
1.495 28.0075
1.5 28.1064
1.505 28.2054
1.51 28.3043
1.515 28.4032
1.52 28.5022
1.525 28.6012
1.53 28.7002
1.535 28.7992
1.54 28.8983
1.545 28.9973
1.55 29.0964
1.555 29.1955
1.56 29.2946
1.565 29.3938
1.57 29.4929
1.575 29.5921
1.58 29.6912
1.585 29.7904
1.59 29.8896
1.595 29.9889
1.6 30.0881
1.605 30.1874
1.61 30.2867
1.615 30.386
1.62 30.4853
1.625 30.5846
1.63 30.6839
1.635 30.7833
1.64 30.8827
1.645 30.9821
1.65 31.0815
1.655 31.1809
1.66 31.2803
1.665 31.3798
1.67 31.4792
1.675 31.5787
1.68 31.6782
1.685 31.7778
1.69 31.8773
1.695 31.9768
1.7 32.0764
1.705 32.176
1.71 32.2756
1.715 32.3752
1.72 32.4748
1.725 32.5745
1.73 32.6741
1.735 32.7738
1.74 32.8735
1.745 32.9732
1.75 33.0729
1.755 33.1726
1.76 33.2724
1.765 33.3721
1.77 33.4719
1.775 33.5717
1.78 33.6715
1.785 33.7713
1.79 33.8712
1.795 33.971
1.8 34.0709
1.805 34.1708
1.81 34.2707
1.815 34.3706
1.82 34.4705
1.825 34.5704
1.83 34.6704
1.835 34.7704
1.84 34.8703
1.845 34.9703
1.85 35.0703
1.855 35.1704
1.86 35.2704
1.865 35.3705
1.87 35.4705
1.875 35.5706
1.88 35.6707
1.885 35.7708
1.89 35.8709
1.895 35.9711
1.9 36.0712
1.905 36.1714
1.91 36.2716
1.915 36.3718
1.92 36.472
1.925 36.5722
1.93 36.6724
1.935 36.7727
1.94 36.8729
1.945 36.9732
1.95 37.0735
1.955 37.1738
1.96 37.2741
1.965 37.3744
1.97 37.4748
1.975 37.5751
1.98 37.6755
1.985 37.7759
1.99 37.8763
1.995 37.9767
2 38.0771
2.005 38.1776
2.01 38.278
2.015 38.3785
2.02 38.4789
2.025 38.5794
2.03 38.6799
2.035 38.7804
2.04 38.881
2.045 38.9815
2.05 39.0821
2.055 39.1826
2.06 39.2832
2.065 39.3838
2.07 39.4844
2.075 39.585
2.08 39.6856
2.085 39.7863
2.09 39.8869
2.095 39.9876
2.1 40.0883
2.105 40.189
2.11 40.2897
2.115 40.3904
2.12 40.4911
2.125 40.5919
2.13 40.6926
2.135 40.7934
2.14 40.8942
2.145 40.995
2.15 41.0958
2.155 41.1966
2.16 41.2974
2.165 41.3983
2.17 41.4991
2.175 41.6
2.18 41.7008
2.185 41.8017
2.19 41.9026
2.195 42.0035
2.2 42.1045
2.205 42.2054
2.21 42.3064
2.215 42.4073
2.22 42.5083
2.225 42.6093
2.23 42.7103
2.235 42.8113
2.24 42.9123
2.245 43.0133
2.25 43.1144
2.255 43.2154
2.26 43.3165
2.265 43.4176
2.27 43.5187
2.275 43.6198
2.28 43.7209
2.285 43.822
2.29 43.9231
2.295 44.0243
2.3 44.1254
2.305 44.2266
2.31 44.3278
2.315 44.429
2.32 44.5302
2.325 44.6314
2.33 44.7326
2.335 44.8339
2.34 44.9351
2.345 45.0364
2.35 45.1377
2.355 45.2389
2.36 45.3402
2.365 45.4416
2.37 45.5429
2.375 45.6442
2.38 45.7455
2.385 45.8469
2.39 45.9482
2.395 46.0496
2.4 46.151
2.405 46.2524
2.41 46.3538
2.415 46.4552
2.42 46.5566
2.425 46.6581
2.43 46.7595
2.435 46.861
2.44 46.9625
2.445 47.0639
2.45 47.1654
2.455 47.2669
2.46 47.3685
2.465 47.47
2.47 47.5715
2.475 47.6731
2.48 47.7746
2.485 47.8762
2.49 47.9778
2.495 48.0794
2.5 48.181
2.505 48.2826
2.51 48.3842
2.515 48.4858
2.52 48.5875
2.525 48.6891
2.53 48.7908
2.535 48.8924
2.54 48.9941
2.545 49.0958
2.55 49.1975
2.555 49.2992
2.56 49.401
2.565 49.5027
2.57 49.6044
2.575 49.7062
2.58 49.808
2.585 49.9097
2.59 50.0115
2.595 50.1133
2.6 50.2151
2.605 50.3169
2.61 50.4188
2.615 50.5206
2.62 50.6224
2.625 50.7243
2.63 50.8262
2.635 50.928
2.64 51.0299
2.645 51.1318
2.65 51.2337
2.655 51.3356
2.66 51.4376
2.665 51.5395
2.67 51.6415
2.675 51.7434
2.68 51.8454
2.685 51.9473
2.69 52.0493
2.695 52.1513
2.7 52.2533
2.705 52.3553
2.71 52.4574
2.715 52.5594
2.72 52.6615
2.725 52.7635
2.73 52.8656
2.735 52.9676
2.74 53.0697
2.745 53.1718
2.75 53.2739
2.755 53.376
2.76 53.4781
2.765 53.5803
2.77 53.6824
2.775 53.7846
2.78 53.8867
2.785 53.9889
2.79 54.0911
2.795 54.1933
2.8 54.2955
2.805 54.3977
2.81 54.4999
2.815 54.6021
2.82 54.7043
2.825 54.8066
2.83 54.9088
2.835 55.0111
2.84 55.1134
2.845 55.2156
2.85 55.3179
2.855 55.4202
2.86 55.5225
2.865 55.6249
2.87 55.7272
2.875 55.8295
2.88 55.9319
2.885 56.0342
2.89 56.1366
2.895 56.239
2.9 56.3413
2.905 56.4437
2.91 56.5461
2.915 56.6485
2.92 56.751
2.925 56.8534
2.93 56.9558
2.935 57.0583
2.94 57.1607
2.945 57.2632
2.95 57.3656
2.955 57.4681
2.96 57.5706
2.965 57.6731
2.97 57.7756
2.975 57.8781
2.98 57.9807
2.985 58.0832
2.99 58.1857
2.995 58.2883
3 58.3908
3.005 58.4934
3.01 58.596
3.015 58.6986
3.02 58.8012
3.025 58.9038
3.03 59.0064
3.035 59.109
3.04 59.2116
3.045 59.3143
3.05 59.4169
3.055 59.5196
3.06 59.6222
3.065 59.7249
3.07 59.8276
3.075 59.9303
3.08 60.033
3.085 60.1357
3.09 60.2384
3.095 60.3411
3.1 60.4439
3.105 60.5466
3.11 60.6494
3.115 60.7521
3.12 60.8549
3.125 60.9577
3.13 61.0604
3.135 61.1632
3.14 61.266
3.145 61.3688
3.15 61.4717
3.155 61.5745
3.16 61.6773
3.165 61.7802
3.17 61.883
3.175 61.9859
3.18 62.0887
3.185 62.1916
3.19 62.2945
3.195 62.3974
3.2 62.5003
3.205 62.6032
3.21 62.7061
3.215 62.809
3.22 62.912
3.225 63.0149
3.23 63.1179
3.235 63.2208
3.24 63.3238
3.245 63.4268
3.25 63.5297
3.255 63.6327
3.26 63.7357
3.265 63.8387
3.27 63.9418
3.275 64.0448
3.28 64.1478
3.285 64.2508
3.29 64.3539
3.295 64.4569
3.3 64.56
3.305 64.6631
3.31 64.7662
3.315 64.8692
3.32 64.9723
3.325 65.0754
3.33 65.1785
3.335 65.2817
3.34 65.3848
3.345 65.4879
3.35 65.5911
3.355 65.6942
3.36 65.7974
3.365 65.9005
3.37 66.0037
3.375 66.1069
3.38 66.2101
3.385 66.3133
3.39 66.4165
3.395 66.5197
3.4 66.6229
3.405 66.7261
3.41 66.8294
3.415 66.9326
3.42 67.0359
3.425 67.1391
3.43 67.2424
3.435 67.3457
3.44 67.4489
3.445 67.5522
3.45 67.6555
3.455 67.7588
3.46 67.8621
3.465 67.9655
3.47 68.0688
3.475 68.1721
3.48 68.2755
3.485 68.3788
3.49 68.4822
3.495 68.5855
3.5 68.6889
3.505 68.7923
3.51 68.8957
3.515 68.9991
3.52 69.1025
3.525 69.2059
3.53 69.3093
3.535 69.4127
3.54 69.5162
3.545 69.6196
3.55 69.723
3.555 69.8265
3.56 69.93
3.565 70.0334
3.57 70.1369
3.575 70.2404
3.58 70.3439
3.585 70.4474
3.59 70.5509
3.595 70.6544
3.6 70.7579
3.605 70.8615
3.61 70.965
3.615 71.0685
3.62 71.1721
3.625 71.2756
3.63 71.3792
3.635 71.4828
3.64 71.5864
3.645 71.6899
3.65 71.7935
3.655 71.8971
3.66 72.0007
3.665 72.1044
3.67 72.208
3.675 72.3116
3.68 72.4152
3.685 72.5189
3.69 72.6225
3.695 72.7262
3.7 72.8299
3.705 72.9335
3.71 73.0372
3.715 73.1409
3.72 73.2446
3.725 73.3483
3.73 73.452
3.735 73.5557
3.74 73.6594
3.745 73.7632
3.75 73.8669
3.755 73.9706
3.76 74.0744
3.765 74.1781
3.77 74.2819
3.775 74.3857
3.78 74.4895
3.785 74.5932
3.79 74.697
3.795 74.8008
3.8 74.9046
3.805 75.0085
3.81 75.1123
3.815 75.2161
3.82 75.3199
3.825 75.4238
3.83 75.5276
3.835 75.6315
3.84 75.7353
3.845 75.8392
3.85 75.9431
3.855 76.047
3.86 76.1508
3.865 76.2547
3.87 76.3586
3.875 76.4625
3.88 76.5665
3.885 76.6704
3.89 76.7743
3.895 76.8783
3.9 76.9822
3.905 77.0861
3.91 77.1901
3.915 77.2941
3.92 77.398
3.925 77.502
3.93 77.606
3.935 77.71
3.94 77.814
3.945 77.918
3.95 78.022
3.955 78.126
3.96 78.23
3.965 78.3341
3.97 78.4381
3.975 78.5421
3.98 78.6462
3.985 78.7502
3.99 78.8543
3.995 78.9584
4 79.0624
4.005 79.1665
4.01 79.2706
4.015 79.3747
4.02 79.4788
4.025 79.5829
4.03 79.687
4.035 79.7912
4.04 79.8953
4.045 79.9994
4.05 80.1036
4.055 80.2077
4.06 80.3119
4.065 80.416
4.07 80.5202
4.075 80.6244
4.08 80.7285
4.085 80.8327
4.09 80.9369
4.095 81.0411
4.1 81.1453
4.105 81.2495
4.11 81.3538
4.115 81.458
4.12 81.5622
4.125 81.6664
4.13 81.7707
4.135 81.8749
4.14 81.9792
4.145 82.0835
4.15 82.1877
4.155 82.292
4.16 82.3963
4.165 82.5006
4.17 82.6049
4.175 82.7092
4.18 82.8135
4.185 82.9178
4.19 83.0221
4.195 83.1264
4.2 83.2308
4.205 83.3351
4.21 83.4395
4.215 83.5438
4.22 83.6482
4.225 83.7525
4.23 83.8569
4.235 83.9613
4.24 84.0657
4.245 84.17
4.25 84.2744
4.255 84.3788
4.26 84.4833
4.265 84.5877
4.27 84.6921
4.275 84.7965
4.28 84.9009
4.285 85.0054
4.29 85.1098
4.295 85.2143
4.3 85.3187
4.305 85.4232
4.31 85.5277
4.315 85.6321
4.32 85.7366
4.325 85.8411
4.33 85.9456
4.335 86.0501
4.34 86.1546
4.345 86.2591
4.35 86.3636
4.355 86.4682
4.36 86.5727
4.365 86.6772
4.37 86.7818
4.375 86.8863
4.38 86.9909
4.385 87.0954
4.39 87.2
4.395 87.3046
4.4 87.4091
4.405 87.5137
4.41 87.6183
4.415 87.7229
4.42 87.8275
4.425 87.9321
4.43 88.0367
4.435 88.1413
4.44 88.246
4.445 88.3506
4.45 88.4552
4.455 88.5599
4.46 88.6645
4.465 88.7692
4.47 88.8738
4.475 88.9785
4.48 89.0832
4.485 89.1879
4.49 89.2925
4.495 89.3972
4.5 89.5019
4.505 89.6066
4.51 89.7113
4.515 89.8161
4.52 89.9208
4.525 90.0255
4.53 90.1302
4.535 90.235
4.54 90.3397
4.545 90.4445
4.55 90.5492
4.555 90.654
4.56 90.7587
4.565 90.8635
4.57 90.9683
4.575 91.0731
4.58 91.1779
4.585 91.2826
4.59 91.3874
4.595 91.4923
4.6 91.5971
4.605 91.7019
4.61 91.8067
4.615 91.9115
4.62 92.0164
4.625 92.1212
4.63 92.2261
4.635 92.3309
4.64 92.4358
4.645 92.5406
4.65 92.6455
4.655 92.7504
4.66 92.8552
4.665 92.9601
4.67 93.065
4.675 93.1699
4.68 93.2748
4.685 93.3797
4.69 93.4846
4.695 93.5896
4.7 93.6945
4.705 93.7994
4.71 93.9044
4.715 94.0093
4.72 94.1142
4.725 94.2192
4.73 94.3242
4.735 94.4291
4.74 94.5341
4.745 94.6391
4.75 94.744
4.755 94.849
4.76 94.954
4.765 95.059
4.77 95.164
4.775 95.269
4.78 95.374
4.785 95.4791
4.79 95.5841
4.795 95.6891
4.8 95.7941
4.805 95.8992
4.81 96.0042
4.815 96.1093
4.82 96.2143
4.825 96.3194
4.83 96.4245
4.835 96.5295
4.84 96.6346
4.845 96.7397
4.85 96.8448
4.855 96.9499
4.86 97.055
4.865 97.1601
4.87 97.2652
4.875 97.3703
4.88 97.4755
4.885 97.5806
4.89 97.6857
4.895 97.7909
4.9 97.896
4.905 98.0011
4.91 98.1063
4.915 98.2115
4.92 98.3166
4.925 98.4218
4.93 98.527
4.935 98.6322
4.94 98.7373
4.945 98.8425
4.95 98.9477
4.955 99.0529
4.96 99.1581
4.965 99.2634
4.97 99.3686
4.975 99.4738
4.98 99.579
4.985 99.6843
4.99 99.7895
4.995 99.8947
5 100


0 0
0.005 0.0695535
0.01 0.142281
0.015 0.217004
0.02 0.293181
0.025 0.3705
0.03 0.448762
0.035 0.527824
0.04 0.607582
0.045 0.687956
0.05 0.768882
0.055 0.850309
0.06 0.932192
0.065 1.0145
0.07 1.09719
0.075 1.18025
0.08 1.26365
0.085 1.34737
0.09 1.43139
0.095 1.5157
0.1 1.60027
0.105 1.68511
0.11 1.77019
0.115 1.8555
0.12 1.94104
0.125 2.0268
0.13 2.11277
0.135 2.19893
0.14 2.28529
0.145 2.37183
0.15 2.45855
0.155 2.54544
0.16 2.63251
0.165 2.71973
0.17 2.80712
0.175 2.89465
0.18 2.98234
0.185 3.07017
0.19 3.15814
0.195 3.24625
0.2 3.3345
0.205 3.42287
0.21 3.51138
0.215 3.6
0.22 3.68875
0.225 3.77762
0.23 3.86661
0.235 3.9557
0.24 4.04491
0.245 4.13423
0.25 4.22366
0.255 4.31319
0.26 4.40282
0.265 4.49256
0.27 4.58239
0.275 4.67232
0.28 4.76235
0.285 4.85247
0.29 4.94268
0.295 5.03298
0.3 5.12337
0.305 5.21385
0.31 5.30442
0.315 5.39507
0.32 5.4858
0.325 5.57662
0.33 5.66751
0.335 5.75849
0.34 5.84954
0.345 5.94067
0.35 6.03188
0.355 6.12316
0.36 6.21452
0.365 6.30595
0.37 6.39745
0.375 6.48903
0.38 6.58067
0.385 6.67238
0.39 6.76416
0.395 6.85601
0.4 6.94793
0.405 7.03991
0.41 7.13195
0.415 7.22406
0.42 7.31623
0.425 7.40847
0.43 7.50077
0.435 7.59313
0.44 7.68555
0.445 7.77802
0.45 7.87056
0.455 7.96316
0.46 8.05581
0.465 8.14853
0.47 8.24129
0.475 8.33412
0.48 8.427
0.485 8.51993
0.49 8.61292
0.495 8.70597
0.5 8.79906
0.505 8.89221
0.51 8.98541
0.515 9.07866
0.52 9.17197
0.525 9.26532
0.53 9.35873
0.535 9.45218
0.54 9.54568
0.545 9.63923
0.55 9.73283
0.555 9.82648
0.56 9.92018
0.565 10.0139
0.57 10.1077
0.575 10.2015
0.58 10.2954
0.585 10.3894
0.59 10.4833
0.595 10.5773
0.6 10.6714
0.605 10.7655
0.61 10.8597
0.615 10.9538
0.62 11.0481
0.625 11.1424
0.63 11.2367
0.635 11.331
0.64 11.4254
0.645 11.5199
0.65 11.6144
0.655 11.7089
0.66 11.8035
0.665 11.8981
0.67 11.9927
0.675 12.0874
0.68 12.1821
0.685 12.2769
0.69 12.3717
0.695 12.4665
0.7 12.5614
0.705 12.6563
0.71 12.7513
0.715 12.8462
0.72 12.9413
0.725 13.0363
0.73 13.1314
0.735 13.2266
0.74 13.3217
0.745 13.4169
0.75 13.5122
0.755 13.6075
0.76 13.7028
0.765 13.7981
0.77 13.8935
0.775 13.9889
0.78 14.0844
0.785 14.1798
0.79 14.2754
0.795 14.3709
0.8 14.4665
0.805 14.5621
0.81 14.6577
0.815 14.7534
0.82 14.8491
0.825 14.9449
0.83 15.0407
0.835 15.1365
0.84 15.2323
0.845 15.3282
0.85 15.4241
0.855 15.52
0.86 15.616
0.865 15.712
0.87 15.808
0.875 15.9041
0.88 16.0001
0.885 16.0963
0.89 16.1924
0.895 16.2886
0.9 16.3848
0.905 16.481
0.91 16.5773
0.915 16.6736
0.92 16.7699
0.925 16.8663
0.93 16.9626
0.935 17.059
0.94 17.1555
0.945 17.2519
0.95 17.3484
0.955 17.4449
0.96 17.5415
0.965 17.6381
0.97 17.7347
0.975 17.8313
0.98 17.928
0.985 18.0246
0.99 18.1213
0.995 18.2181
1 18.3148
1.005 18.4116
1.01 18.5084
1.015 18.6053
1.02 18.7021
1.025 18.799
1.03 18.896
1.035 18.9929
1.04 19.0899
1.045 19.1869
1.05 19.2839
1.055 19.3809
1.06 19.478
1.065 19.5751
1.07 19.6722
1.075 19.7694
1.08 19.8665
1.085 19.9637
1.09 20.0609
1.095 20.1582
1.1 20.2554
1.105 20.3527
1.11 20.45
1.115 20.5474
1.12 20.6447
1.125 20.7421
1.13 20.8395
1.135 20.937
1.14 21.0344
1.145 21.1319
1.15 21.2294
1.155 21.3269
1.16 21.4245
1.165 21.522
1.17 21.6196
1.175 21.7172
1.18 21.8149
1.185 21.9125
1.19 22.0102
1.195 22.1079
1.2 22.2057
1.205 22.3034
1.21 22.4012
1.215 22.499
1.22 22.5968
1.225 22.6946
1.23 22.7925
1.235 22.8903
1.24 22.9882
1.245 23.0862
1.25 23.1841
1.255 23.2821
1.26 23.38
1.265 23.478
1.27 23.5761
1.275 23.6741
1.28 23.7722
1.285 23.8703
1.29 23.9684
1.295 24.0665
1.3 24.1647
1.305 24.2628
1.31 24.361
1.315 24.4592
1.32 24.5574
1.325 24.6557
1.33 24.754
1.335 24.8523
1.34 24.9506
1.345 25.0489
1.35 25.1472
1.355 25.2456
1.36 25.344
1.365 25.4424
1.37 25.5408
1.375 25.6393
1.38 25.7377
1.385 25.8362
1.39 25.9347
1.395 26.0332
1.4 26.1318
1.405 26.2303
1.41 26.3289
1.415 26.4275
1.42 26.5261
1.425 26.6248
1.43 26.7234
1.435 26.8221
1.44 26.9208
1.445 27.0195
1.45 27.1182
1.455 27.2169
1.46 27.3157
1.465 27.4145
1.47 27.5133
1.475 27.6121
1.48 27.7109
1.485 27.8098
1.49 27.9086
1.495 28.0075
1.5 28.1064
1.505 28.2054
1.51 28.3043
1.515 28.4032
1.52 28.5022
1.525 28.6012
1.53 28.7002
1.535 28.7992
1.54 28.8983
1.545 28.9973
1.55 29.0964
1.555 29.1955
1.56 29.2946
1.565 29.3938
1.57 29.4929
1.575 29.5921
1.58 29.6912
1.585 29.7904
1.59 29.8896
1.595 29.9889
1.6 30.0881
1.605 30.1874
1.61 30.2867
1.615 30.386
1.62 30.4853
1.625 30.5846
1.63 30.6839
1.635 30.7833
1.64 30.8827
1.645 30.9821
1.65 31.0815
1.655 31.1809
1.66 31.2803
1.665 31.3798
1.67 31.4792
1.675 31.5787
1.68 31.6782
1.685 31.7778
1.69 31.8773
1.695 31.9768
1.7 32.0764
1.705 32.176
1.71 32.2756
1.715 32.3752
1.72 32.4748
1.725 32.5745
1.73 32.6741
1.735 32.7738
1.74 32.8735
1.745 32.9732
1.75 33.0729
1.755 33.1726
1.76 33.2724
1.765 33.3721
1.77 33.4719
1.775 33.5717
1.78 33.6715
1.785 33.7713
1.79 33.8712
1.795 33.971
1.8 34.0709
1.805 34.1708
1.81 34.2707
1.815 34.3706
1.82 34.4705
1.825 34.5704
1.83 34.6704
1.835 34.7704
1.84 34.8703
1.845 34.9703
1.85 35.0703
1.855 35.1704
1.86 35.2704
1.865 35.3705
1.87 35.4705
1.875 35.5706
1.88 35.6707
1.885 35.7708
1.89 35.8709
1.895 35.9711
1.9 36.0712
1.905 36.1714
1.91 36.2716
1.915 36.3718
1.92 36.472
1.925 36.5722
1.93 36.6724
1.935 36.7727
1.94 36.8729
1.945 36.9732
1.95 37.0735
1.955 37.1738
1.96 37.2741
1.965 37.3744
1.97 37.4748
1.975 37.5751
1.98 37.6755
1.985 37.7759
1.99 37.8763
1.995 37.9767
2 38.0771
2.005 38.1776
2.01 38.278
2.015 38.3785
2.02 38.4789
2.025 38.5794
2.03 38.6799
2.035 38.7804
2.04 38.881
2.045 38.9815
2.05 39.0821
2.055 39.1826
2.06 39.2832
2.065 39.3838
2.07 39.4844
2.075 39.585
2.08 39.6856
2.085 39.7863
2.09 39.8869
2.095 39.9876
2.1 40.0883
2.105 40.189
2.11 40.2897
2.115 40.3904
2.12 40.4911
2.125 40.5919
2.13 40.6926
2.135 40.7934
2.14 40.8942
2.145 40.995
2.15 41.0958
2.155 41.1966
2.16 41.2974
2.165 41.3983
2.17 41.4991
2.175 41.6
2.18 41.7008
2.185 41.8017
2.19 41.9026
2.195 42.0035
2.2 42.1045
2.205 42.2054
2.21 42.3064
2.215 42.4073
2.22 42.5083
2.225 42.6093
2.23 42.7103
2.235 42.8113
2.24 42.9123
2.245 43.0133
2.25 43.1144
2.255 43.2154
2.26 43.3165
2.265 43.4176
2.27 43.5187
2.275 43.6198
2.28 43.7209
2.285 43.822
2.29 43.9231
2.295 44.0243
2.3 44.1254
2.305 44.2266
2.31 44.3278
2.315 44.429
2.32 44.5302
2.325 44.6314
2.33 44.7326
2.335 44.8339
2.34 44.9351
2.345 45.0364
2.35 45.1377
2.355 45.2389
2.36 45.3402
2.365 45.4416
2.37 45.5429
2.375 45.6442
2.38 45.7455
2.385 45.8469
2.39 45.9482
2.395 46.0496
2.4 46.151
2.405 46.2524
2.41 46.3538
2.415 46.4552
2.42 46.5566
2.425 46.6581
2.43 46.7595
2.435 46.861
2.44 46.9625
2.445 47.0639
2.45 47.1654
2.455 47.2669
2.46 47.3685
2.465 47.47
2.47 47.5715
2.475 47.6731
2.48 47.7746
2.485 47.8762
2.49 47.9778
2.495 48.0794
2.5 48.181
2.505 48.2826
2.51 48.3842
2.515 48.4858
2.52 48.5875
2.525 48.6891
2.53 48.7908
2.535 48.8924
2.54 48.9941
2.545 49.0958
2.55 49.1975
2.555 49.2992
2.56 49.401
2.565 49.5027
2.57 49.6044
2.575 49.7062
2.58 49.808
2.585 49.9097
2.59 50.0115
2.595 50.1133
2.6 50.2151
2.605 50.3169
2.61 50.4188
2.615 50.5206
2.62 50.6224
2.625 50.7243
2.63 50.8262
2.635 50.928
2.64 51.0299
2.645 51.1318
2.65 51.2337
2.655 51.3356
2.66 51.4376
2.665 51.5395
2.67 51.6415
2.675 51.7434
2.68 51.8454
2.685 51.9473
2.69 52.0493
2.695 52.1513
2.7 52.2533
2.705 52.3553
2.71 52.4574
2.715 52.5594
2.72 52.6615
2.725 52.7635
2.73 52.8656
2.735 52.9676
2.74 53.0697
2.745 53.1718
2.75 53.2739
2.755 53.376
2.76 53.4781
2.765 53.5803
2.77 53.6824
2.775 53.7846
2.78 53.8867
2.785 53.9889
2.79 54.0911
2.795 54.1933
2.8 54.2955
2.805 54.3977
2.81 54.4999
2.815 54.6021
2.82 54.7043
2.825 54.8066
2.83 54.9088
2.835 55.0111
2.84 55.1134
2.845 55.2156
2.85 55.3179
2.855 55.4202
2.86 55.5225
2.865 55.6249
2.87 55.7272
2.875 55.8295
2.88 55.9319
2.885 56.0342
2.89 56.1366
2.895 56.239
2.9 56.3413
2.905 56.4437
2.91 56.5461
2.915 56.6485
2.92 56.751
2.925 56.8534
2.93 56.9558
2.935 57.0583
2.94 57.1607
2.945 57.2632
2.95 57.3656
2.955 57.4681
2.96 57.5706
2.965 57.6731
2.97 57.7756
2.975 57.8781
2.98 57.9807
2.985 58.0832
2.99 58.1857
2.995 58.2883
3 58.3908
3.005 58.4934
3.01 58.596
3.015 58.6986
3.02 58.8012
3.025 58.9038
3.03 59.0064
3.035 59.109
3.04 59.2116
3.045 59.3143
3.05 59.4169
3.055 59.5196
3.06 59.6222
3.065 59.7249
3.07 59.8276
3.075 59.9303
3.08 60.033
3.085 60.1357
3.09 60.2384
3.095 60.3411
3.1 60.4439
3.105 60.5466
3.11 60.6494
3.115 60.7521
3.12 60.8549
3.125 60.9577
3.13 61.0604
3.135 61.1632
3.14 61.266
3.145 61.3688
3.15 61.4717
3.155 61.5745
3.16 61.6773
3.165 61.7802
3.17 61.883
3.175 61.9859
3.18 62.0887
3.185 62.1916
3.19 62.2945
3.195 62.3974
3.2 62.5003
3.205 62.6032
3.21 62.7061
3.215 62.809
3.22 62.912
3.225 63.0149
3.23 63.1179
3.235 63.2208
3.24 63.3238
3.245 63.4268
3.25 63.5297
3.255 63.6327
3.26 63.7357
3.265 63.8387
3.27 63.9418
3.275 64.0448
3.28 64.1478
3.285 64.2508
3.29 64.3539
3.295 64.4569
3.3 64.56
3.305 64.6631
3.31 64.7662
3.315 64.8692
3.32 64.9723
3.325 65.0754
3.33 65.1785
3.335 65.2817
3.34 65.3848
3.345 65.4879
3.35 65.5911
3.355 65.6942
3.36 65.7974
3.365 65.9005
3.37 66.0037
3.375 66.1069
3.38 66.2101
3.385 66.3133
3.39 66.4165
3.395 66.5197
3.4 66.6229
3.405 66.7261
3.41 66.8294
3.415 66.9326
3.42 67.0359
3.425 67.1391
3.43 67.2424
3.435 67.3457
3.44 67.4489
3.445 67.5522
3.45 67.6555
3.455 67.7588
3.46 67.8621
3.465 67.9655
3.47 68.0688
3.475 68.1721
3.48 68.2755
3.485 68.3788
3.49 68.4822
3.495 68.5855
3.5 68.6889
3.505 68.7923
3.51 68.8957
3.515 68.9991
3.52 69.1025
3.525 69.2059
3.53 69.3093
3.535 69.4127
3.54 69.5162
3.545 69.6196
3.55 69.723
3.555 69.8265
3.56 69.93
3.565 70.0334
3.57 70.1369
3.575 70.2404
3.58 70.3439
3.585 70.4474
3.59 70.5509
3.595 70.6544
3.6 70.7579
3.605 70.8615
3.61 70.965
3.615 71.0685
3.62 71.1721
3.625 71.2756
3.63 71.3792
3.635 71.4828
3.64 71.5864
3.645 71.6899
3.65 71.7935
3.655 71.8971
3.66 72.0007
3.665 72.1044
3.67 72.208
3.675 72.3116
3.68 72.4152
3.685 72.5189
3.69 72.6225
3.695 72.7262
3.7 72.8299
3.705 72.9335
3.71 73.0372
3.715 73.1409
3.72 73.2446
3.725 73.3483
3.73 73.452
3.735 73.5557
3.74 73.6594
3.745 73.7632
3.75 73.8669
3.755 73.9706
3.76 74.0744
3.765 74.1781
3.77 74.2819
3.775 74.3857
3.78 74.4895
3.785 74.5932
3.79 74.697
3.795 74.8008
3.8 74.9046
3.805 75.0085
3.81 75.1123
3.815 75.2161
3.82 75.3199
3.825 75.4238
3.83 75.5276
3.835 75.6315
3.84 75.7353
3.845 75.8392
3.85 75.9431
3.855 76.047
3.86 76.1508
3.865 76.2547
3.87 76.3586
3.875 76.4625
3.88 76.5665
3.885 76.6704
3.89 76.7743
3.895 76.8783
3.9 76.9822
3.905 77.0861
3.91 77.1901
3.915 77.2941
3.92 77.398
3.925 77.502
3.93 77.606
3.935 77.71
3.94 77.814
3.945 77.918
3.95 78.022
3.955 78.126
3.96 78.23
3.965 78.3341
3.97 78.4381
3.975 78.5421
3.98 78.6462
3.985 78.7502
3.99 78.8543
3.995 78.9584
4 79.0624
4.005 79.1665
4.01 79.2706
4.015 79.3747
4.02 79.4788
4.025 79.5829
4.03 79.687
4.035 79.7912
4.04 79.8953
4.045 79.9994
4.05 80.1036
4.055 80.2077
4.06 80.3119
4.065 80.416
4.07 80.5202
4.075 80.6244
4.08 80.7285
4.085 80.8327
4.09 80.9369
4.095 81.0411
4.1 81.1453
4.105 81.2495
4.11 81.3538
4.115 81.458
4.12 81.5622
4.125 81.6664
4.13 81.7707
4.135 81.8749
4.14 81.9792
4.145 82.0835
4.15 82.1877
4.155 82.292
4.16 82.3963
4.165 82.5006
4.17 82.6049
4.175 82.7092
4.18 82.8135
4.185 82.9178
4.19 83.0221
4.195 83.1264
4.2 83.2308
4.205 83.3351
4.21 83.4395
4.215 83.5438
4.22 83.6482
4.225 83.7525
4.23 83.8569
4.235 83.9613
4.24 84.0657
4.245 84.17
4.25 84.2744
4.255 84.3788
4.26 84.4833
4.265 84.5877
4.27 84.6921
4.275 84.7965
4.28 84.9009
4.285 85.0054
4.29 85.1098
4.295 85.2143
4.3 85.3187
4.305 85.4232
4.31 85.5277
4.315 85.6321
4.32 85.7366
4.325 85.8411
4.33 85.9456
4.335 86.0501
4.34 86.1546
4.345 86.2591
4.35 86.3636
4.355 86.4682
4.36 86.5727
4.365 86.6772
4.37 86.7818
4.375 86.8863
4.38 86.9909
4.385 87.0954
4.39 87.2
4.395 87.3046
4.4 87.4091
4.405 87.5137
4.41 87.6183
4.415 87.7229
4.42 87.8275
4.425 87.9321
4.43 88.0367
4.435 88.1413
4.44 88.246
4.445 88.3506
4.45 88.4552
4.455 88.5599
4.46 88.6645
4.465 88.7692
4.47 88.8738
4.475 88.9785
4.48 89.0832
4.485 89.1879
4.49 89.2925
4.495 89.3972
4.5 89.5019
4.505 89.6066
4.51 89.7113
4.515 89.8161
4.52 89.9208
4.525 90.0255
4.53 90.1302
4.535 90.235
4.54 90.3397
4.545 90.4445
4.55 90.5492
4.555 90.654
4.56 90.7587
4.565 90.8635
4.57 90.9683
4.575 91.0731
4.58 91.1779
4.585 91.2826
4.59 91.3874
4.595 91.4923
4.6 91.5971
4.605 91.7019
4.61 91.8067
4.615 91.9115
4.62 92.0164
4.625 92.1212
4.63 92.2261
4.635 92.3309
4.64 92.4358
4.645 92.5406
4.65 92.6455
4.655 92.7504
4.66 92.8552
4.665 92.9601
4.67 93.065
4.675 93.1699
4.68 93.2748
4.685 93.3797
4.69 93.4846
4.695 93.5896
4.7 93.6945
4.705 93.7994
4.71 93.9044
4.715 94.0093
4.72 94.1142
4.725 94.2192
4.73 94.3242
4.735 94.4291
4.74 94.5341
4.745 94.6391
4.75 94.744
4.755 94.849
4.76 94.954
4.765 95.059
4.77 95.164
4.775 95.269
4.78 95.374
4.785 95.4791
4.79 95.5841
4.795 95.6891
4.8 95.7941
4.805 95.8992
4.81 96.0042
4.815 96.1093
4.82 96.2143
4.825 96.3194
4.83 96.4245
4.835 96.5295
4.84 96.6346
4.845 96.7397
4.85 96.8448
4.855 96.9499
4.86 97.055
4.865 97.1601
4.87 97.2652
4.875 97.3703
4.88 97.4755
4.885 97.5806
4.89 97.6857
4.895 97.7909
4.9 97.896
4.905 98.0011
4.91 98.1063
4.915 98.2115
4.92 98.3166
4.925 98.4218
4.93 98.527
4.935 98.6322
4.94 98.7373
4.945 98.8425
4.95 98.9477
4.955 99.0529
4.96 99.1581
4.965 99.2634
4.97 99.3686
4.975 99.4738
4.98 99.579
4.985 99.6843
4.99 99.7895
4.995 99.8947
5 100


0 0
0.005 0.0695535
0.01 0.142281
0.015 0.217004
0.02 0.293181
0.025 0.3705
0.03 0.448762
0.035 0.527824
0.04 0.607582
0.045 0.687956
0.05 0.768882
0.055 0.850309
0.06 0.932192
0.065 1.0145
0.07 1.09719
0.075 1.18025
0.08 1.26365
0.085 1.34737
0.09 1.43139
0.095 1.5157
0.1 1.60027
0.105 1.68511
0.11 1.77019
0.115 1.8555
0.12 1.94104
0.125 2.0268
0.13 2.11277
0.135 2.19893
0.14 2.28529
0.145 2.37183
0.15 2.45855
0.155 2.54544
0.16 2.63251
0.165 2.71973
0.17 2.80712
0.175 2.89465
0.18 2.98234
0.185 3.07017
0.19 3.15814
0.195 3.24625
0.2 3.3345
0.205 3.42287
0.21 3.51138
0.215 3.6
0.22 3.68875
0.225 3.77762
0.23 3.86661
0.235 3.9557
0.24 4.04491
0.245 4.13423
0.25 4.22366
0.255 4.31319
0.26 4.40282
0.265 4.49256
0.27 4.58239
0.275 4.67232
0.28 4.76235
0.285 4.85247
0.29 4.94268
0.295 5.03298
0.3 5.12337
0.305 5.21385
0.31 5.30442
0.315 5.39507
0.32 5.4858
0.325 5.57662
0.33 5.66751
0.335 5.75849
0.34 5.84954
0.345 5.94067
0.35 6.03188
0.355 6.12316
0.36 6.21452
0.365 6.30595
0.37 6.39745
0.375 6.48903
0.38 6.58067
0.385 6.67238
0.39 6.76416
0.395 6.85601
0.4 6.94793
0.405 7.03991
0.41 7.13195
0.415 7.22406
0.42 7.31623
0.425 7.40847
0.43 7.50077
0.435 7.59313
0.44 7.68555
0.445 7.77802
0.45 7.87056
0.455 7.96316
0.46 8.05581
0.465 8.14853
0.47 8.24129
0.475 8.33412
0.48 8.427
0.485 8.51993
0.49 8.61292
0.495 8.70597
0.5 8.79906
0.505 8.89221
0.51 8.98541
0.515 9.07866
0.52 9.17197
0.525 9.26532
0.53 9.35873
0.535 9.45218
0.54 9.54568
0.545 9.63923
0.55 9.73283
0.555 9.82648
0.56 9.92018
0.565 10.0139
0.57 10.1077
0.575 10.2015
0.58 10.2954
0.585 10.3894
0.59 10.4833
0.595 10.5773
0.6 10.6714
0.605 10.7655
0.61 10.8597
0.615 10.9538
0.62 11.0481
0.625 11.1424
0.63 11.2367
0.635 11.331
0.64 11.4254
0.645 11.5199
0.65 11.6144
0.655 11.7089
0.66 11.8035
0.665 11.8981
0.67 11.9927
0.675 12.0874
0.68 12.1821
0.685 12.2769
0.69 12.3717
0.695 12.4665
0.7 12.5614
0.705 12.6563
0.71 12.7513
0.715 12.8462
0.72 12.9413
0.725 13.0363
0.73 13.1314
0.735 13.2266
0.74 13.3217
0.745 13.4169
0.75 13.5122
0.755 13.6075
0.76 13.7028
0.765 13.7981
0.77 13.8935
0.775 13.9889
0.78 14.0844
0.785 14.1798
0.79 14.2754
0.795 14.3709
0.8 14.4665
0.805 14.5621
0.81 14.6577
0.815 14.7534
0.82 14.8491
0.825 14.9449
0.83 15.0407
0.835 15.1365
0.84 15.2323
0.845 15.3282
0.85 15.4241
0.855 15.52
0.86 15.616
0.865 15.712
0.87 15.808
0.875 15.9041
0.88 16.0001
0.885 16.0963
0.89 16.1924
0.895 16.2886
0.9 16.3848
0.905 16.481
0.91 16.5773
0.915 16.6736
0.92 16.7699
0.925 16.8663
0.93 16.9626
0.935 17.059
0.94 17.1555
0.945 17.2519
0.95 17.3484
0.955 17.4449
0.96 17.5415
0.965 17.6381
0.97 17.7347
0.975 17.8313
0.98 17.928
0.985 18.0246
0.99 18.1213
0.995 18.2181
1 18.3148
1.005 18.4116
1.01 18.5084
1.015 18.6053
1.02 18.7021
1.025 18.799
1.03 18.896
1.035 18.9929
1.04 19.0899
1.045 19.1869
1.05 19.2839
1.055 19.3809
1.06 19.478
1.065 19.5751
1.07 19.6722
1.075 19.7694
1.08 19.8665
1.085 19.9637
1.09 20.0609
1.095 20.1582
1.1 20.2554
1.105 20.3527
1.11 20.45
1.115 20.5474
1.12 20.6447
1.125 20.7421
1.13 20.8395
1.135 20.937
1.14 21.0344
1.145 21.1319
1.15 21.2294
1.155 21.3269
1.16 21.4245
1.165 21.522
1.17 21.6196
1.175 21.7172
1.18 21.8149
1.185 21.9125
1.19 22.0102
1.195 22.1079
1.2 22.2057
1.205 22.3034
1.21 22.4012
1.215 22.499
1.22 22.5968
1.225 22.6946
1.23 22.7925
1.235 22.8903
1.24 22.9882
1.245 23.0862
1.25 23.1841
1.255 23.2821
1.26 23.38
1.265 23.478
1.27 23.5761
1.275 23.6741
1.28 23.7722
1.285 23.8703
1.29 23.9684
1.295 24.0665
1.3 24.1647
1.305 24.2628
1.31 24.361
1.315 24.4592
1.32 24.5574
1.325 24.6557
1.33 24.754
1.335 24.8523
1.34 24.9506
1.345 25.0489
1.35 25.1472
1.355 25.2456
1.36 25.344
1.365 25.4424
1.37 25.5408
1.375 25.6393
1.38 25.7377
1.385 25.8362
1.39 25.9347
1.395 26.0332
1.4 26.1318
1.405 26.2303
1.41 26.3289
1.415 26.4275
1.42 26.5261
1.425 26.6248
1.43 26.7234
1.435 26.8221
1.44 26.9208
1.445 27.0195
1.45 27.1182
1.455 27.2169
1.46 27.3157
1.465 27.4145
1.47 27.5133
1.475 27.6121
1.48 27.7109
1.485 27.8098
1.49 27.9086
1.495 28.0075
1.5 28.1064
1.505 28.2054
1.51 28.3043
1.515 28.4032
1.52 28.5022
1.525 28.6012
1.53 28.7002
1.535 28.7992
1.54 28.8983
1.545 28.9973
1.55 29.0964
1.555 29.1955
1.56 29.2946
1.565 29.3938
1.57 29.4929
1.575 29.5921
1.58 29.6912
1.585 29.7904
1.59 29.8896
1.595 29.9889
1.6 30.0881
1.605 30.1874
1.61 30.2867
1.615 30.386
1.62 30.4853
1.625 30.5846
1.63 30.6839
1.635 30.7833
1.64 30.8827
1.645 30.9821
1.65 31.0815
1.655 31.1809
1.66 31.2803
1.665 31.3798
1.67 31.4792
1.675 31.5787
1.68 31.6782
1.685 31.7778
1.69 31.8773
1.695 31.9768
1.7 32.0764
1.705 32.176
1.71 32.2756
1.715 32.3752
1.72 32.4748
1.725 32.5745
1.73 32.6741
1.735 32.7738
1.74 32.8735
1.745 32.9732
1.75 33.0729
1.755 33.1726
1.76 33.2724
1.765 33.3721
1.77 33.4719
1.775 33.5717
1.78 33.6715
1.785 33.7713
1.79 33.8712
1.795 33.971
1.8 34.0709
1.805 34.1708
1.81 34.2707
1.815 34.3706
1.82 34.4705
1.825 34.5704
1.83 34.6704
1.835 34.7704
1.84 34.8703
1.845 34.9703
1.85 35.0703
1.855 35.1704
1.86 35.2704
1.865 35.3705
1.87 35.4705
1.875 35.5706
1.88 35.6707
1.885 35.7708
1.89 35.8709
1.895 35.9711
1.9 36.0712
1.905 36.1714
1.91 36.2716
1.915 36.3718
1.92 36.472
1.925 36.5722
1.93 36.6724
1.935 36.7727
1.94 36.8729
1.945 36.9732
1.95 37.0735
1.955 37.1738
1.96 37.2741
1.965 37.3744
1.97 37.4748
1.975 37.5751
1.98 37.6755
1.985 37.7759
1.99 37.8763
1.995 37.9767
2 38.0771
2.005 38.1776
2.01 38.278
2.015 38.3785
2.02 38.4789
2.025 38.5794
2.03 38.6799
2.035 38.7804
2.04 38.881
2.045 38.9815
2.05 39.0821
2.055 39.1826
2.06 39.2832
2.065 39.3838
2.07 39.4844
2.075 39.585
2.08 39.6856
2.085 39.7863
2.09 39.8869
2.095 39.9876
2.1 40.0883
2.105 40.189
2.11 40.2897
2.115 40.3904
2.12 40.4911
2.125 40.5919
2.13 40.6926
2.135 40.7934
2.14 40.8942
2.145 40.995
2.15 41.0958
2.155 41.1966
2.16 41.2974
2.165 41.3983
2.17 41.4991
2.175 41.6
2.18 41.7008
2.185 41.8017
2.19 41.9026
2.195 42.0035
2.2 42.1045
2.205 42.2054
2.21 42.3064
2.215 42.4073
2.22 42.5083
2.225 42.6093
2.23 42.7103
2.235 42.8113
2.24 42.9123
2.245 43.0133
2.25 43.1144
2.255 43.2154
2.26 43.3165
2.265 43.4176
2.27 43.5187
2.275 43.6198
2.28 43.7209
2.285 43.822
2.29 43.9231
2.295 44.0243
2.3 44.1254
2.305 44.2266
2.31 44.3278
2.315 44.429
2.32 44.5302
2.325 44.6314
2.33 44.7326
2.335 44.8339
2.34 44.9351
2.345 45.0364
2.35 45.1377
2.355 45.2389
2.36 45.3402
2.365 45.4416
2.37 45.5429
2.375 45.6442
2.38 45.7455
2.385 45.8469
2.39 45.9482
2.395 46.0496
2.4 46.151
2.405 46.2524
2.41 46.3538
2.415 46.4552
2.42 46.5566
2.425 46.6581
2.43 46.7595
2.435 46.861
2.44 46.9625
2.445 47.0639
2.45 47.1654
2.455 47.2669
2.46 47.3685
2.465 47.47
2.47 47.5715
2.475 47.6731
2.48 47.7746
2.485 47.8762
2.49 47.9778
2.495 48.0794
2.5 48.181
2.505 48.2826
2.51 48.3842
2.515 48.4858
2.52 48.5875
2.525 48.6891
2.53 48.7908
2.535 48.8924
2.54 48.9941
2.545 49.0958
2.55 49.1975
2.555 49.2992
2.56 49.401
2.565 49.5027
2.57 49.6044
2.575 49.7062
2.58 49.808
2.585 49.9097
2.59 50.0115
2.595 50.1133
2.6 50.2151
2.605 50.3169
2.61 50.4188
2.615 50.5206
2.62 50.6224
2.625 50.7243
2.63 50.8262
2.635 50.928
2.64 51.0299
2.645 51.1318
2.65 51.2337
2.655 51.3356
2.66 51.4376
2.665 51.5395
2.67 51.6415
2.675 51.7434
2.68 51.8454
2.685 51.9473
2.69 52.0493
2.695 52.1513
2.7 52.2533
2.705 52.3553
2.71 52.4574
2.715 52.5594
2.72 52.6615
2.725 52.7635
2.73 52.8656
2.735 52.9676
2.74 53.0697
2.745 53.1718
2.75 53.2739
2.755 53.376
2.76 53.4781
2.765 53.5803
2.77 53.6824
2.775 53.7846
2.78 53.8867
2.785 53.9889
2.79 54.0911
2.795 54.1933
2.8 54.2955
2.805 54.3977
2.81 54.4999
2.815 54.6021
2.82 54.7043
2.825 54.8066
2.83 54.9088
2.835 55.0111
2.84 55.1134
2.845 55.2156
2.85 55.3179
2.855 55.4202
2.86 55.5225
2.865 55.6249
2.87 55.7272
2.875 55.8295
2.88 55.9319
2.885 56.0342
2.89 56.1366
2.895 56.239
2.9 56.3413
2.905 56.4437
2.91 56.5461
2.915 56.6485
2.92 56.751
2.925 56.8534
2.93 56.9558
2.935 57.0583
2.94 57.1607
2.945 57.2632
2.95 57.3656
2.955 57.4681
2.96 57.5706
2.965 57.6731
2.97 57.7756
2.975 57.8781
2.98 57.9807
2.985 58.0832
2.99 58.1857
2.995 58.2883
3 58.3908
3.005 58.4934
3.01 58.596
3.015 58.6986
3.02 58.8012
3.025 58.9038
3.03 59.0064
3.035 59.109
3.04 59.2116
3.045 59.3143
3.05 59.4169
3.055 59.5196
3.06 59.6222
3.065 59.7249
3.07 59.8276
3.075 59.9303
3.08 60.033
3.085 60.1357
3.09 60.2384
3.095 60.3411
3.1 60.4439
3.105 60.5466
3.11 60.6494
3.115 60.7521
3.12 60.8549
3.125 60.9577
3.13 61.0604
3.135 61.1632
3.14 61.266
3.145 61.3688
3.15 61.4717
3.155 61.5745
3.16 61.6773
3.165 61.7802
3.17 61.883
3.175 61.9859
3.18 62.0887
3.185 62.1916
3.19 62.2945
3.195 62.3974
3.2 62.5003
3.205 62.6032
3.21 62.7061
3.215 62.809
3.22 62.912
3.225 63.0149
3.23 63.1179
3.235 63.2208
3.24 63.3238
3.245 63.4268
3.25 63.5297
3.255 63.6327
3.26 63.7357
3.265 63.8387
3.27 63.9418
3.275 64.0448
3.28 64.1478
3.285 64.2508
3.29 64.3539
3.295 64.4569
3.3 64.56
3.305 64.6631
3.31 64.7662
3.315 64.8692
3.32 64.9723
3.325 65.0754
3.33 65.1785
3.335 65.2817
3.34 65.3848
3.345 65.4879
3.35 65.5911
3.355 65.6942
3.36 65.7974
3.365 65.9005
3.37 66.0037
3.375 66.1069
3.38 66.2101
3.385 66.3133
3.39 66.4165
3.395 66.5197
3.4 66.6229
3.405 66.7261
3.41 66.8294
3.415 66.9326
3.42 67.0359
3.425 67.1391
3.43 67.2424
3.435 67.3457
3.44 67.4489
3.445 67.5522
3.45 67.6555
3.455 67.7588
3.46 67.8621
3.465 67.9655
3.47 68.0688
3.475 68.1721
3.48 68.2755
3.485 68.3788
3.49 68.4822
3.495 68.5855
3.5 68.6889
3.505 68.7923
3.51 68.8957
3.515 68.9991
3.52 69.1025
3.525 69.2059
3.53 69.3093
3.535 69.4127
3.54 69.5162
3.545 69.6196
3.55 69.723
3.555 69.8265
3.56 69.93
3.565 70.0334
3.57 70.1369
3.575 70.2404
3.58 70.3439
3.585 70.4474
3.59 70.5509
3.595 70.6544
3.6 70.7579
3.605 70.8615
3.61 70.965
3.615 71.0685
3.62 71.1721
3.625 71.2756
3.63 71.3792
3.635 71.4828
3.64 71.5864
3.645 71.6899
3.65 71.7935
3.655 71.8971
3.66 72.0007
3.665 72.1044
3.67 72.208
3.675 72.3116
3.68 72.4152
3.685 72.5189
3.69 72.6225
3.695 72.7262
3.7 72.8299
3.705 72.9335
3.71 73.0372
3.715 73.1409
3.72 73.2446
3.725 73.3483
3.73 73.452
3.735 73.5557
3.74 73.6594
3.745 73.7632
3.75 73.8669
3.755 73.9706
3.76 74.0744
3.765 74.1781
3.77 74.2819
3.775 74.3857
3.78 74.4895
3.785 74.5932
3.79 74.697
3.795 74.8008
3.8 74.9046
3.805 75.0085
3.81 75.1123
3.815 75.2161
3.82 75.3199
3.825 75.4238
3.83 75.5276
3.835 75.6315
3.84 75.7353
3.845 75.8392
3.85 75.9431
3.855 76.047
3.86 76.1508
3.865 76.2547
3.87 76.3586
3.875 76.4625
3.88 76.5665
3.885 76.6704
3.89 76.7743
3.895 76.8783
3.9 76.9822
3.905 77.0861
3.91 77.1901
3.915 77.2941
3.92 77.398
3.925 77.502
3.93 77.606
3.935 77.71
3.94 77.814
3.945 77.918
3.95 78.022
3.955 78.126
3.96 78.23
3.965 78.3341
3.97 78.4381
3.975 78.5421
3.98 78.6462
3.985 78.7502
3.99 78.8543
3.995 78.9584
4 79.0624
4.005 79.1665
4.01 79.2706
4.015 79.3747
4.02 79.4788
4.025 79.5829
4.03 79.687
4.035 79.7912
4.04 79.8953
4.045 79.9994
4.05 80.1036
4.055 80.2077
4.06 80.3119
4.065 80.416
4.07 80.5202
4.075 80.6244
4.08 80.7285
4.085 80.8327
4.09 80.9369
4.095 81.0411
4.1 81.1453
4.105 81.2495
4.11 81.3538
4.115 81.458
4.12 81.5622
4.125 81.6664
4.13 81.7707
4.135 81.8749
4.14 81.9792
4.145 82.0835
4.15 82.1877
4.155 82.292
4.16 82.3963
4.165 82.5006
4.17 82.6049
4.175 82.7092
4.18 82.8135
4.185 82.9178
4.19 83.0221
4.195 83.1264
4.2 83.2308
4.205 83.3351
4.21 83.4395
4.215 83.5438
4.22 83.6482
4.225 83.7525
4.23 83.8569
4.235 83.9613
4.24 84.0657
4.245 84.17
4.25 84.2744
4.255 84.3788
4.26 84.4833
4.265 84.5877
4.27 84.6921
4.275 84.7965
4.28 84.9009
4.285 85.0054
4.29 85.1098
4.295 85.2143
4.3 85.3187
4.305 85.4232
4.31 85.5277
4.315 85.6321
4.32 85.7366
4.325 85.8411
4.33 85.9456
4.335 86.0501
4.34 86.1546
4.345 86.2591
4.35 86.3636
4.355 86.4682
4.36 86.5727
4.365 86.6772
4.37 86.7818
4.375 86.8863
4.38 86.9909
4.385 87.0954
4.39 87.2
4.395 87.3046
4.4 87.4091
4.405 87.5137
4.41 87.6183
4.415 87.7229
4.42 87.8275
4.425 87.9321
4.43 88.0367
4.435 88.1413
4.44 88.246
4.445 88.3506
4.45 88.4552
4.455 88.5599
4.46 88.6645
4.465 88.7692
4.47 88.8738
4.475 88.9785
4.48 89.0832
4.485 89.1879
4.49 89.2925
4.495 89.3972
4.5 89.5019
4.505 89.6066
4.51 89.7113
4.515 89.8161
4.52 89.9208
4.525 90.0255
4.53 90.1302
4.535 90.235
4.54 90.3397
4.545 90.4445
4.55 90.5492
4.555 90.654
4.56 90.7587
4.565 90.8635
4.57 90.9683
4.575 91.0731
4.58 91.1779
4.585 91.2826
4.59 91.3874
4.595 91.4923
4.6 91.5971
4.605 91.7019
4.61 91.8067
4.615 91.9115
4.62 92.0164
4.625 92.1212
4.63 92.2261
4.635 92.3309
4.64 92.4358
4.645 92.5406
4.65 92.6455
4.655 92.7504
4.66 92.8552
4.665 92.9601
4.67 93.065
4.675 93.1699
4.68 93.2748
4.685 93.3797
4.69 93.4846
4.695 93.5896
4.7 93.6945
4.705 93.7994
4.71 93.9044
4.715 94.0093
4.72 94.1142
4.725 94.2192
4.73 94.3242
4.735 94.4291
4.74 94.5341
4.745 94.6391
4.75 94.744
4.755 94.849
4.76 94.954
4.765 95.059
4.77 95.164
4.775 95.269
4.78 95.374
4.785 95.4791
4.79 95.5841
4.795 95.6891
4.8 95.7941
4.805 95.8992
4.81 96.0042
4.815 96.1093
4.82 96.2143
4.825 96.3194
4.83 96.4245
4.835 96.5295
4.84 96.6346
4.845 96.7397
4.85 96.8448
4.855 96.9499
4.86 97.055
4.865 97.1601
4.87 97.2652
4.875 97.3703
4.88 97.4755
4.885 97.5806
4.89 97.6857
4.895 97.7909
4.9 97.896
4.905 98.0011
4.91 98.1063
4.915 98.2115
4.92 98.3166
4.925 98.4218
4.93 98.527
4.935 98.6322
4.94 98.7373
4.945 98.8425
4.95 98.9477
4.955 99.0529
4.96 99.1581
4.965 99.2634
4.97 99.3686
4.975 99.4738
4.98 99.579
4.985 99.6843
4.99 99.7895
4.995 99.8947
5 100
