1.76801 0 1.58213 0 1.47888 0 1.47888 0 1.58209 0 1.76808 0 
5.41799 0 5.52105 0 5.23192 0 4.76808 0 4.47888 0 4.58209 0 
7.47884 0 7.76816 0 8.41791 0 8.41791 0 7.76808 0 7.47888 0 
11.5211 0 10.768 0 10.5821 0 11.4179 0 11.2319 0 10.4789 0 
13.5822 0 14.5212 0 13.7681 0 13.7681 0 14.5211 0 13.5821 0 
17.2319 0 16.5821 0 17.5211 0 16.4789 0 17.4179 0 16.7681 0 


1.77241 0 1.5889 0 1.48524 0 1.48293 0 1.58367 0 1.76831 0 
5.41007 0 5.51262 0 5.22909 0 4.76988 0 4.48084 0 4.58251 0 
7.48872 0 7.77192 0 8.41281 0 8.41466 0 7.76895 0 7.4794 0 
11.5112 0 10.7718 0 10.5872 0 11.4147 0 11.231 0 10.4794 0 
13.5901 0 14.5128 0 13.7709 0 13.7699 0 14.5192 0 13.5825 0 
17.2275 0 16.5888 0 17.5148 0 16.4829 0 17.4163 0 16.7683 0 


1.78543 0 1.60898 0 1.50416 0 1.495 0 1.58837 0 1.769 0 
5.38661 0 5.48758 0 5.22067 0 4.77525 0 4.48671 0 4.58375 0 
7.51797 0 7.78306 0 8.39764 0 8.40498 0 7.77156 0 7.48094 0 
11.482 0 10.7829 0 10.6024 0 11.405 0 11.2284 0 10.4809 0 
13.6135 0 14.4877 0 13.7793 0 13.7753 0 14.5133 0 13.5837 0 
17.2144 0 16.6089 0 17.4958 0 16.495 0 17.4116 0 16.769 0 


1.80658 0 1.64172 0 1.53517 0 1.51492 0 1.59617 0 1.77014 0 
5.34849 0 5.44676 0 5.20687 0 4.78412 0 4.49644 0 4.58581 0 
7.56549 0 7.80122 0 8.37276 0 8.389 0 7.77589 0 7.48352 0 
11.4344 0 10.8011 0 10.6272 0 11.389 0 11.2241 0 10.4835 0 
13.6516 0 14.4469 0 13.7931 0 13.7841 0 14.5036 0 13.5858 0 
17.1933 0 16.6417 0 17.4648 0 16.5149 0 17.4038 0 16.7701 0 


1.83507 0 1.68606 0 1.57753 0 1.54237 0 1.60702 0 1.77174 0 
5.29717 0 5.39146 0 5.18802 0 4.79634 0 4.50996 0 4.5887 0 
7.62948 0 7.82582 0 8.33879 0 8.36699 0 7.78191 0 7.48711 0 
11.3705 0 10.8257 0 10.6612 0 11.367 0 11.2181 0 10.4871 0 
13.7029 0 14.3916 0 13.812 0 13.7963 0 14.49 0 13.5887 0 
17.1648 0 16.686 0 17.4225 0 16.5424 0 17.393 0 16.7717 0 


1.8698 0 1.74057 0 1.6302 0 1.57693 0 1.62082 0 1.7738 0 
5.23459 0 5.3235 0 5.16458 0 4.81172 0 4.52717 0 4.5924 0 
7.70751 0 7.85606 0 8.29656 0 8.33928 0 7.78957 0 7.49173 0 
11.2924 0 10.856 0 10.7034 0 11.3393 0 11.2104 0 10.4917 0 
13.7655 0 14.3236 0 13.8354 0 13.8117 0 14.4728 0 13.5924 0 
17.1301 0 16.7405 0 17.3698 0 16.5769 0 17.3792 0 16.7738 0 


1.90947 0 1.80348 0 1.69189 0 1.61806 0 1.63747 0 1.7763 0 
5.16311 0 5.24505 0 5.13712 0 4.83002 0 4.54793 0 4.5969 0 
7.79663 0 7.89097 0 8.24708 0 8.30629 0 7.79881 0 7.49735 0 
11.2033 0 10.8909 0 10.7529 0 11.3063 0 11.2012 0 10.4973 0 
13.837 0 14.2451 0 13.8629 0 13.83 0 14.4521 0 13.5969 0 
17.0905 0 16.8034 0 17.3081 0 16.6181 0 17.3625 0 16.7763 0 


1.95257 0 1.87275 0 1.7611 0 1.66512 0 1.65685 0 1.77924 0 
5.08546 0 5.15867 0 5.10632 0 4.85096 0 4.5721 0 4.60221 0 
7.89345 0 7.9294 0 8.19158 0 8.26855 0 7.80957 0 7.50396 0 
11.1065 0 10.9293 0 10.8084 0 11.2686 0 11.1904 0 10.504 0 
13.9146 0 14.1587 0 13.8937 0 13.851 0 14.4279 0 13.6022 0 
17.0474 0 16.8727 0 17.2389 0 16.6651 0 17.3431 0 16.7792 0 


1.99747 0 1.94614 0 1.83614 0 1.71738 0 1.67882 0 1.78262 0 
5.00456 0 5.06716 0 5.07292 0 4.87422 0 4.59949 0 4.6083 0 
7.99431 0 7.97012 0 8.13141 0 8.22664 0 7.82176 0 7.51156 0 
11.0057 0 10.9701 0 10.8686 0 11.2266 0 11.1782 0 10.5116 0 
13.9954 0 14.0672 0 13.9271 0 13.8742 0 14.4005 0 13.6083 0 
17.0025 0 16.9461 0 17.1639 0 16.7174 0 17.3212 0 16.7826 0 


2.04246 0 2.02128 0 1.91518 0 1.77403 0 1.7032 0 1.78644 0 
4.92349 0 4.97347 0 5.03775 0 4.89943 0 4.62989 0 4.61517 0 
8.09539 0 8.01181 0 8.06802 0 8.18122 0 7.83529 0 7.52013 0 
10.9046 0 11.0118 0 10.932 0 11.1812 0 11.1647 0 10.5201 0 
14.0765 0 13.9735 0 13.9622 0 13.8994 0 14.3701 0 13.6152 0 
16.9576 0 17.0213 0 17.0848 0 16.774 0 17.2968 0 16.7864 0 


2.08585 0 2.09573 0 1.99628 0 1.83419 0 1.72981 0 1.79067 0 
4.84532 0 4.88063 0 5.00165 0 4.92621 0 4.66308 0 4.6228 0 
8.19285 0 8.05311 0 8.00298 0 8.13297 0 7.85006 0 7.52964 0 
10.8072 0 11.0531 0 10.997 0 11.133 0 11.1499 0 10.5296 0 
14.1546 0 13.8806 0 13.9983 0 13.9262 0 14.3369 0 13.6228 0 
16.9142 0 17.0957 0 17.0037 0 16.8342 0 17.2702 0 16.7907 0 


2.12598 0 2.16708 0 2.07748 0 1.89692 0 1.75846 0 1.79532 0 
4.77302 0 4.79167 0 4.96552 0 4.95412 0 4.6988 0 4.63118 0 
8.28301 0 8.0927 0 7.93787 0 8.08266 0 7.86595 0 7.54009 0 
10.717 0 11.0928 0 11.0621 0 11.0827 0 11.134 0 10.5401 0 
14.2269 0 13.7916 0 14.0345 0 13.9541 0 14.3012 0 13.6312 0 
16.8741 0 17.1671 0 16.9225 0 16.8969 0 17.2415 0 16.7953 0 


2.16133 0 2.23302 0 2.15679 0 1.96125 0 1.78892 0 1.80037 0 
4.70931 0 4.70944 0 4.93022 0 4.98276 0 4.73679 0 4.64029 0 
8.36243 0 8.12928 0 7.87427 0 8.03107 0 7.88286 0 7.55144 0 
10.6376 0 11.1294 0 11.1257 0 11.0311 0 11.1171 0 10.5514 0 
14.2906 0 13.7094 0 14.0698 0 13.9828 0 14.2632 0 13.6403 0 
16.8388 0 17.2331 0 16.8432 0 16.9613 0 17.2111 0 16.8004 0 


2.19058 0 2.29141 0 2.23227 0 2.02619 0 1.82098 0 1.80582 0 
4.65662 0 4.63663 0 4.89663 0 5.01166 0 4.77676 0 4.65011 0 
8.42813 0 8.16168 0 7.81374 0 7.979 0 7.90065 0 7.56369 0 
10.5719 0 11.1618 0 11.1863 0 10.979 0 11.0994 0 10.5637 0 
14.3432 0 13.6365 0 14.1034 0 14.0117 0 14.2232 0 13.6501 0 
16.8095 0 17.2915 0 16.7677 0 17.0262 0 17.179 0 16.8058 0 


2.2126 0 2.34037 0 2.30208 0 2.09072 0 1.85438 0 1.81166 0 
4.61695 0 4.57559 0 4.86556 0 5.04037 0 4.81841 0 4.66062 0 
8.47759 0 8.18884 0 7.75775 0 7.92725 0 7.91919 0 7.5768 0 
10.5225 0 11.189 0 11.2423 0 10.9272 0 11.0808 0 10.5768 0 
14.3829 0 13.5755 0 14.1344 0 14.0404 0 14.1816 0 13.6606 0 
16.7875 0 17.3404 0 16.6979 0 17.0907 0 17.1456 0 16.8117 0 


2.22656 0 2.3783 0 2.36452 0 2.15384 0 1.88888 0 1.81787 0 
4.59179 0 4.52829 0 4.83777 0 5.06846 0 4.86143 0 4.6718 0 
8.50896 0 8.20988 0 7.70767 0 7.87663 0 7.93833 0 7.59075 0 
10.4911 0 11.21 0 11.2923 0 10.8766 0 11.0617 0 10.5907 0 
14.408 0 13.5282 0 14.1622 0 14.0685 0 14.1386 0 13.6718 0 
16.7736 0 17.3784 0 16.6355 0 17.1538 0 17.1111 0 16.8179 0 


2.23193 0 2.40399 0 2.41807 0 2.21457 0 1.92421 0 1.82443 0 
4.58211 0 4.49626 0 4.81394 0 5.09549 0 4.90549 0 4.68364 0 
8.52103 0 8.22413 0 7.66473 0 7.82793 0 7.95794 0 7.6055 0 
10.479 0 11.2243 0 11.3353 0 10.8279 0 11.0421 0 10.6055 0 
14.4177 0 13.4961 0 14.1861 0 14.0955 0 14.0945 0 13.6836 0 
16.7682 0 17.4041 0 16.5819 0 17.2146 0 17.0758 0 16.8244 0 


2.22852 0 2.41659 0 2.46142 0 2.27197 0 1.96011 0 1.83135 0 
4.58826 0 4.48054 0 4.79465 0 5.12104 0 4.95026 0 4.6961 0 
8.51336 0 8.23113 0 7.62997 0 7.7819 0 7.97786 0 7.62104 0 
10.4867 0 11.2313 0 11.37 0 10.7819 0 11.0221 0 10.621 0 
14.4116 0 13.4804 0 14.2054 0 14.121 0 14.0497 0 13.6961 0 
16.7716 0 17.4167 0 16.5386 0 17.272 0 17.0399 0 16.8313 0 


2.21644 0 2.4157 0 2.49351 0 2.32515 0 1.99632 0 1.8386 0 
4.61002 0 4.48165 0 4.78037 0 5.1447 0 4.99541 0 4.70916 0 
8.48624 0 8.23063 0 7.60424 0 7.73925 0 7.99796 0 7.63733 0 
10.5138 0 11.2308 0 11.3958 0 10.7393 0 11.002 0 10.6373 0 
14.3898 0 13.4815 0 14.2196 0 14.1447 0 14.0046 0 13.7092 0 
16.7837 0 17.4158 0 16.5065 0 17.3251 0 17.0037 0 16.8386 0 


2.19617 0 2.40135 0 2.51355 0 2.37327 0 2.03255 0 1.84617 0 
4.64655 0 4.49954 0 4.77145 0 5.16612 0 5.04059 0 4.7228 0 
8.44068 0 8.22267 0 7.58816 0 7.70066 0 8.01806 0 7.65434 0 
10.5594 0 11.2228 0 11.4118 0 10.7007 0 10.9819 0 10.6543 0 
14.3533 0 13.4994 0 14.2286 0 14.1661 0 13.9594 0 13.7228 0 
16.8039 0 17.4014 0 16.4864 0 17.3733 0 16.9675 0 16.8462 0 


2.16845 0 2.37401 0 2.52107 0 2.4156 0 2.06853 0 1.85404 0 
4.69648 0 4.53364 0 4.7681 0 5.18496 0 5.08546 0 4.73699 0 
8.37843 0 8.2075 0 7.58214 0 7.66671 0 8.03803 0 7.67203 0 
10.6216 0 11.2077 0 11.4179 0 10.6667 0 10.962 0 10.672 0 
14.3034 0 13.5335 0 14.2319 0 14.185 0 13.9145 0 13.737 0 
16.8316 0 17.3741 0 16.4789 0 17.4156 0 16.9315 0 16.854 0 


2.13436 0 2.33455 0 2.51587 0 2.45148 0 2.10401 0 1.8622 0 
4.75792 0 4.58284 0 4.77042 0 5.20093 0 5.12969 0 4.7517 0 
8.30183 0 8.18561 0 7.58631 0 7.63794 0 8.05772 0 7.69038 0 
10.6982 0 11.1857 0 11.4137 0 10.6379 0 10.9423 0 10.6904 0 
14.242 0 13.5827 0 14.2296 0 14.2009 0 13.8703 0 13.7517 0 
16.8657 0 17.3346 0 16.4841 0 17.4515 0 16.896 0 16.8622 0 


2.09517 0 2.28426 0 2.49808 0 2.48034 0 2.13869 0 1.87064 0 
4.82853 0 4.64555 0 4.77833 0 5.21377 0 5.17295 0 4.7669 0 
8.21379 0 8.15771 0 7.60057 0 7.6148 0 8.07697 0 7.70933 0 
10.7862 0 11.1578 0 11.3994 0 10.6148 0 10.923 0 10.7093 0 
14.1714 0 13.6455 0 14.2217 0 14.2138 0 13.8271 0 13.7669 0 
16.9049 0 17.2843 0 16.5019 0 17.4803 0 16.8613 0 16.8706 0 


2.05237 0 2.22477 0 2.46814 0 2.50175 0 2.17234 0 1.87933 0 
4.90564 0 4.71973 0 4.79166 0 5.2233 0 5.2149 0 4.78256 0 
8.11766 0 8.1247 0 7.62458 0 7.59763 0 8.09564 0 7.72886 0 
10.8824 0 11.1248 0 11.3754 0 10.5976 0 10.9044 0 10.7289 0 
14.0943 0 13.7197 0 14.2083 0 14.2233 0 13.7851 0 13.7826 0 
16.9477 0 17.2248 0 16.5319 0 17.5017 0 16.8277 0 16.8793 0 


2.00759 0 2.15799 0 2.42678 0 2.51536 0 2.20469 0 1.88826 0 
4.98632 0 4.80299 0 4.81007 0 5.22936 0 5.25524 0 4.79866 0 
8.01706 0 8.08766 0 7.65775 0 7.58671 0 8.11359 0 7.74893 0 
10.9829 0 11.0877 0 11.3422 0 10.5867 0 10.8864 0 10.7489 0 
14.0137 0 13.8029 0 14.1899 0 14.2294 0 13.7448 0 13.7987 0 
16.9924 0 17.158 0 16.5732 0 17.5154 0 16.7953 0 16.8883 0 


1.96252 0 2.08611 0 2.375 0 2.52097 0 2.23549 0 1.89742 0 
5.06752 0 4.89263 0 4.83311 0 5.23185 0 5.29365 0 4.81515 0 
7.91581 0 8.04777 0 7.69927 0 7.58222 0 8.13069 0 7.76949 0 
11.0842 0 11.0478 0 11.3007 0 10.5822 0 10.8693 0 10.7695 0 
13.9325 0 13.8926 0 14.1669 0 14.2319 0 13.7063 0 13.8151 0 
17.0375 0 17.0861 0 16.625 0 17.521 0 16.7645 0 16.8974 0 


1.91888 0 2.01143 0 2.31407 0 2.51849 0 2.26453 0 1.90677 0 
5.14617 0 4.98575 0 4.86022 0 5.23075 0 5.32986 0 4.83201 0 
7.81776 0 8.00634 0 7.74813 0 7.5842 0 8.1468 0 7.79052 0 
11.1822 0 11.0063 0 11.2519 0 10.5842 0 10.8532 0 10.7905 0 
13.8539 0 13.9857 0 14.1398 0 14.2307 0 13.6701 0 13.832 0 
17.0811 0 17.0114 0 16.6859 0 17.5185 0 16.7355 0 16.9068 0 


1.8783 0 1.93638 0 2.24548 0 2.50796 0 2.29157 0 1.91631 0 
5.21927 0 5.07933 0 4.89075 0 5.22606 0 5.36358 0 4.8492 0 
7.72661 0 7.9647 0 7.80314 0 7.59265 0 8.16181 0 7.81195 0 
11.2733 0 10.9647 0 11.1969 0 10.5927 0 10.8382 0 10.812 0 
13.7808 0 14.0794 0 14.1092 0 14.2261 0 13.6364 0 13.8492 0 
17.1216 0 16.9364 0 16.7545 0 17.508 0 16.7084 0 16.9163 0 


1.84234 0 1.86339 0 2.1709 0 2.48954 0 2.31642 0 1.92602 0 
5.28406 0 5.17034 0 4.92394 0 5.21786 0 5.39457 0 4.86669 0 
7.64582 0 7.92421 0 7.86295 0 7.60742 0 8.1756 0 7.83376 0 
11.3541 0 10.9242 0 11.1371 0 10.6074 0 10.8244 0 10.8338 0 
13.7161 0 14.1704 0 14.0761 0 14.2179 0 13.6054 0 13.8667 0 
17.1576 0 16.8634 0 16.8291 0 17.4895 0 16.6836 0 16.926 0 


1.81236 0 1.79483 0 2.09215 0 2.46351 0 2.33889 0 1.93587 0 
5.33809 0 5.25583 0 4.95899 0 5.20628 0 5.42259 0 4.88444 0 
7.57846 0 7.88617 0 7.9261 0 7.62829 0 8.18807 0 7.8559 0 
11.4215 0 10.8861 0 11.0739 0 10.6283 0 10.8119 0 10.8559 0 
13.662 0 14.2559 0 14.041 0 14.2063 0 13.5774 0 13.8844 0 
17.1875 0 16.7948 0 16.9078 0 17.4635 0 16.6611 0 16.9359 0 


1.78948 0 1.73291 0 2.01115 0 2.43029 0 2.35881 0 1.94585 0 
5.37931 0 5.33304 0 4.99504 0 5.1915 0 5.44743 0 4.90242 0 
7.52707 0 7.85182 0 7.99106 0 7.65493 0 8.19912 0 7.87832 0 
11.4729 0 10.8517 0 11.0089 0 10.6549 0 10.8009 0 10.8783 0 
13.6208 0 14.3331 0 14.005 0 14.1915 0 13.5526 0 13.9024 0 
17.2104 0 16.7329 0 16.9888 0 17.4303 0 16.6412 0 16.9458 0 


1.77459 0 1.67964 0 1.92988 0 2.39039 0 2.37603 0 1.95593 0 
5.40615 0 5.39947 0 5.03121 0 5.17374 0 5.4689 0 4.9206 0 
7.49361 0 7.82226 0 8.05623 0 7.68693 0 8.20868 0 7.90098 0 
11.5063 0 10.8221 0 10.9438 0 10.6869 0 10.7913 0 10.901 0 
13.594 0 14.3996 0 13.9688 0 14.1737 0 13.5311 0 13.9206 0 
17.2253 0 16.6796 0 17.0701 0 17.3904 0 16.624 0 16.9559 0 


1.76823 0 1.63674 0 1.85032 0 2.34442 0 2.39042 0 1.96611 0 
5.41759 0 5.45296 0 5.06661 0 5.15328 0 5.48684 0 4.93893 0 
7.47934 0 7.79846 0 8.12003 0 7.72379 0 8.21666 0 7.92384 0 
11.5206 0 10.7983 0 10.88 0 10.7238 0 10.7833 0 10.9238 0 
13.5826 0 14.4531 0 13.9334 0 14.1533 0 13.5132 0 13.9389 0 
17.2316 0 16.6367 0 17.1497 0 17.3444 0 16.6096 0 16.9661 0 


1.77066 0 1.60561 0 1.77441 0 2.29311 0 2.40187 0 1.97635 0 
5.41321 0 5.49178 0 5.1004 0 5.13045 0 5.50112 0 4.95738 0 
7.4848 0 7.78119 0 8.18091 0 7.76494 0 8.22302 0 7.94686 0 
11.5151 0 10.781 0 10.8191 0 10.7649 0 10.777 0 10.9469 0 
13.587 0 14.4919 0 13.8996 0 14.1304 0 13.4989 0 13.9574 0 
17.2292 0 16.6055 0 17.2256 0 17.2931 0 16.5981 0 16.9763 0 


1.78179 0 1.58724 0 1.70401 0 2.23724 0 2.41029 0 1.98664 0 
5.39317 0 5.51468 0 5.13173 0 5.10558 0 5.51163 0 4.97592 0 
7.50978 0 7.771 0 8.23737 0 7.80975 0 8.2277 0 7.96997 0 
11.4901 0 10.7708 0 10.7626 0 10.8097 0 10.7723 0 10.97 0 
13.607 0 14.5148 0 13.8683 0 14.1056 0 13.4884 0 13.9759 0 
17.2181 0 16.5872 0 17.296 0 17.2372 0 16.5897 0 16.9866 0 


1.80118 0 1.58225 0 1.64083 0 2.17769 0 2.41563 0 1.99695 0 
5.35823 0 5.52091 0 5.15985 0 5.07908 0 5.51828 0 4.9945 0 
7.55335 0 7.76823 0 8.28804 0 7.8575 0 8.23066 0 7.99315 0 
11.4466 0 10.7681 0 10.712 0 10.8575 0 10.7693 0 10.9931 0 
13.6419 0 14.521 0 13.8402 0 14.0791 0 13.4817 0 13.9945 0 
17.1987 0 16.5822 0 17.3592 0 17.1777 0 16.5844 0 16.997 0 


1.82811 0 1.59078 0 1.58641 0 2.11538 0 2.41784 0 2.00727 0 
5.30972 0 5.51027 0 5.18407 0 5.05135 0 5.52104 0 5.0131 0 
7.61384 0 7.77296 0 8.33167 0 7.90747 0 8.23188 0 8.01634 0 
11.3861 0 10.7728 0 10.6683 0 10.9075 0 10.7681 0 11.0163 0 
13.6904 0 14.5104 0 13.8159 0 14.0514 0 13.479 0 14.0131 0 
17.1718 0 16.5907 0 17.4136 0 17.1154 0 16.5822 0 17.0073 0 


1.86155 0 1.61256 0 1.54208 0 2.05128 0 2.41691 0 2.01758 0 
5.24946 0 5.48311 0 5.20379 0 5.02282 0 5.51988 0 5.03167 0 
7.68897 0 7.78505 0 8.36722 0 7.95888 0 8.23137 0 8.03949 0 
11.311 0 10.7849 0 10.6328 0 10.9589 0 10.7686 0 11.0395 0 
13.7506 0 14.4832 0 13.7962 0 14.0228 0 13.4801 0 14.0317 0 
17.1384 0 16.6125 0 17.4579 0 17.0513 0 16.5831 0 17.0176 0 


1.90024 0 1.64689 0 1.50893 0 1.98638 0 2.41284 0 2.02785 0 
5.17975 0 5.4403 0 5.21855 0 4.99394 0 5.5148 0 5.05018 0 
7.77588 0 7.80409 0 8.39381 0 8.01092 0 8.22911 0 8.06257 0 
11.2241 0 10.8039 0 10.6062 0 11.0109 0 10.7709 0 11.0626 0 
13.8203 0 14.4404 0 13.7815 0 13.9939 0 13.4852 0 14.0502 0 
17.0997 0 16.6468 0 17.4911 0 16.9864 0 16.5872 0 17.0278 0 


1.94271 0 1.69265 0 1.48776 0 1.9217 0 2.40566 0 2.03806 0 
5.10323 0 5.38324 0 5.22797 0 4.96515 0 5.50585 0 5.06859 0 
7.87129 0 7.82948 0 8.41078 0 8.06279 0 8.22512 0 8.08553 0 
11.1287 0 10.8294 0 10.5892 0 11.0628 0 10.7749 0 11.0855 0 
13.8968 0 14.3833 0 13.772 0 13.9652 0 13.4942 0 14.0686 0 
17.0573 0 16.6926 0 17.5122 0 16.9217 0 16.5943 0 17.0381 0 


1.98735 0 1.74837 0 1.47909 0 1.85823 0 2.39543 0 2.0482 0 
5.02279 0 5.31377 0 5.23183 0 4.9369 0 5.49309 0 5.08686 0 
7.97158 0 7.86039 0 8.41774 0 8.11369 0 8.21945 0 8.10831 0 
11.0284 0 10.8603 0 10.5823 0 11.1137 0 10.7806 0 11.1083 0 
13.9772 0 14.3139 0 13.7682 0 13.9369 0 13.5069 0 14.0869 0 
17.0126 0 16.7483 0 17.5209 0 16.8582 0 16.6046 0 17.0482 0 


2.03247 0 1.81223 0 1.48313 0 1.79696 0 2.38222 0 2.05825 0 
4.9415 0 5.23413 0 5.23003 0 4.90964 0 5.47662 0 5.10496 0 
8.07294 0 7.89582 0 8.4145 0 8.16283 0 8.21212 0 8.13088 0 
10.9271 0 10.8957 0 10.5855 0 11.1628 0 10.7879 0 11.1309 0 
14.0585 0 14.2342 0 13.77 0 13.9096 0 13.5234 0 14.105 0 
16.9675 0 16.8122 0 17.5169 0 16.797 0 16.6178 0 17.0582 0 


2.07636 0 1.88218 0 1.49978 0 1.73884 0 2.36614 0 2.06818 0 
4.86241 0 5.14692 0 5.22262 0 4.88377 0 5.45657 0 5.12285 0 
8.17154 0 7.93463 0 8.40114 0 8.20943 0 8.20319 0 8.15319 0 
10.8285 0 10.9346 0 10.5989 0 11.2094 0 10.7968 0 11.1532 0 
14.1375 0 14.147 0 13.7774 0 13.8838 0 13.5434 0 14.1229 0 
16.9237 0 16.8822 0 17.5002 0 16.7388 0 16.6339 0 17.0682 0 


2.11736 0 1.95593 0 1.52864 0 1.68478 0 2.3473 0 2.07797 0 
4.78855 0 5.05495 0 5.20977 0 4.85971 0 5.43308 0 5.1405 0 
8.26364 0 7.97555 0 8.378 0 8.25279 0 8.19274 0 8.1752 0 
10.7364 0 10.9755 0 10.622 0 11.2528 0 10.8073 0 11.1752 0 
14.2114 0 14.055 0 13.7902 0 13.8597 0 13.5669 0 14.1405 0 
16.8827 0 16.9559 0 17.4714 0 16.6848 0 16.6527 0 17.078 0 


2.15391 0 2.03112 0 1.569 0 1.63562 0 2.32585 0 2.08761 0 
4.72269 0 4.96119 0 5.19181 0 4.83783 0 5.40633 0 5.15787 0 
8.34575 0 8.01727 0 8.34564 0 8.29221 0 8.18083 0 8.19686 0 
10.6543 0 11.0173 0 10.6544 0 11.2922 0 10.8192 0 11.1969 0 
14.2772 0 13.9612 0 13.8082 0 13.8378 0 13.5937 0 14.1579 0 
16.8462 0 17.0311 0 17.431 0 16.6356 0 16.6742 0 17.0876 0 


2.18462 0 2.1053 0 1.61988 0 1.59211 0 2.30194 0 2.09708 0 
4.66735 0 4.8687 0 5.16917 0 4.81847 0 5.37652 0 5.17493 0 
8.41475 0 8.05842 0 8.30484 0 8.3271 0 8.16757 0 8.21814 0 
10.5853 0 11.0585 0 10.6952 0 11.3271 0 10.8324 0 11.2181 0 
14.3325 0 13.8687 0 13.8308 0 13.8185 0 13.6235 0 14.1749 0 
16.8155 0 17.1053 0 17.3801 0 16.5921 0 16.6981 0 17.0971 0 


2.20834 0 2.17607 0 1.68003 0 1.55494 0 2.27577 0 2.10635 0 
4.62462 0 4.78046 0 5.1424 0 4.80193 0 5.34388 0 5.19164 0 
8.46804 0 8.09768 0 8.2566 0 8.35691 0 8.15304 0 8.23898 0 
10.532 0 11.0978 0 10.7434 0 11.3569 0 10.847 0 11.239 0 
14.3752 0 13.7804 0 13.8576 0 13.8019 0 13.6561 0 14.1916 0 
16.7918 0 17.1761 0 17.32 0 16.5549 0 16.7242 0 17.1064 0 


2.22416 0 2.24114 0 1.74798 0 1.52468 0 2.24752 0 2.11542 0 
4.59611 0 4.69932 0 5.11216 0 4.78846 0 5.30865 0 5.20798 0 
8.50358 0 8.13378 0 8.2021 0 8.38118 0 8.13736 0 8.25934 0 
10.4965 0 11.1339 0 10.7979 0 11.3812 0 10.8626 0 11.2593 0 
14.4037 0 13.6992 0 13.8878 0 13.7885 0 13.6914 0 14.208 0 
16.776 0 17.2412 0 17.252 0 16.5247 0 16.7525 0 17.1154 0 


2.23149 0 2.29839 0 1.82209 0 1.5018 0 2.2174 0 2.12425 0 
4.5829 0 4.62792 0 5.07918 0 4.77828 0 5.2711 0 5.2239 0 
8.52004 0 8.16555 0 8.14267 0 8.39953 0 8.12065 0 8.27919 0 
10.48 0 11.1657 0 10.8573 0 11.3995 0 10.8794 0 11.2792 0 
14.4169 0 13.6278 0 13.9208 0 13.7783 0 13.7289 0 14.2239 0 
16.7686 0 17.2984 0 17.1779 0 16.5018 0 16.7826 0 17.1243 0 


2.23005 0 2.34599 0 1.90054 0 1.48666 0 2.18565 0 2.13284 0 
4.58551 0 4.56857 0 5.04426 0 4.77154 0 5.2315 0 5.23937 0 
8.51679 0 8.19196 0 8.07976 0 8.41167 0 8.10303 0 8.29849 0 
10.4833 0 11.1921 0 10.9202 0 11.4117 0 10.897 0 11.2985 0 
14.4143 0 13.5685 0 13.9557 0 13.7715 0 13.7685 0 14.2394 0 
16.7701 0 17.3461 0 17.0995 0 16.4867 0 16.8143 0 17.1328 0 


2.21988 0 2.38238 0 1.98142 0 1.47949 0 2.1525 0 2.14117 0 
4.60382 0 4.52319 0 5.00827 0 4.76835 0 5.19017 0 5.25438 0 
8.49396 0 8.21215 0 8.0149 0 8.41742 0 8.08463 0 8.3172 0 
10.5061 0 11.2123 0 10.9851 0 11.4174 0 10.9154 0 11.3172 0 
14.396 0 13.5231 0 13.9917 0 13.7683 0 13.8098 0 14.2544 0 
16.7802 0 17.3825 0 17.0186 0 16.4795 0 16.8475 0 17.1412 0 


2.20138 0 2.40639 0 2.06275 0 1.4804 0 2.11821 0 2.14922 0 
4.63715 0 4.49326 0 4.97208 0 4.76876 0 5.1474 0 5.26888 0 
8.4524 0 8.22547 0 7.94968 0 8.41669 0 8.0656 0 8.33528 0 
10.5477 0 11.2256 0 11.0503 0 11.4167 0 10.9344 0 11.3353 0 
14.3627 0 13.4931 0 14.0279 0 13.7688 0 13.8526 0 14.2689 0 
16.7987 0 17.4065 0 16.9373 0 16.4804 0 16.8818 0 17.1492 0 


2.17525 0 2.41724 0 2.14254 0 1.48938 0 2.08302 0 2.15697 0 
4.68423 0 4.47973 0 4.93656 0 4.77275 0 5.10353 0 5.28284 0 
8.3937 0 8.23149 0 7.88569 0 8.40948 0 8.04608 0 8.3527 0 
10.6064 0 11.2317 0 11.1143 0 11.4095 0 10.9539 0 11.3527 0 
14.3156 0 13.4796 0 14.0634 0 13.7728 0 13.8965 0 14.2828 0 
16.8248 0 17.4173 0 16.8575 0 16.4894 0 16.917 0 17.157 0 


2.14248 0 2.41458 0 2.21886 0 1.50629 0 2.04721 0 2.16441 0 
4.74328 0 4.48304 0 4.9026 0 4.78028 0 5.05888 0 5.29625 0 
8.32008 0 8.23001 0 7.82448 0 8.39592 0 8.0262 0 8.36942 0 
10.68 0 11.2302 0 11.1755 0 11.3959 0 10.9738 0 11.3694 0 
14.2566 0 13.4829 0 14.0974 0 13.7803 0 13.9411 0 14.2963 0 
16.8576 0 17.4147 0 16.7811 0 16.5063 0 16.9528 0 17.1644 0 


2.10431 0 2.3985 0 2.28984 0 1.53087 0 2.01105 0 2.17152 0 
4.81206 0 4.5031 0 4.87101 0 4.79122 0 5.01378 0 5.30907 0 
8.23433 0 8.22109 0 7.76756 0 8.37621 0 8.00613 0 8.3854 0 
10.7657 0 11.2213 0 11.2324 0 11.3762 0 10.9939 0 11.3854 0 
14.1879 0 13.503 0 14.129 0 13.7912 0 13.9862 0 14.3091 0 
16.8958 0 17.3986 0 16.7102 0 16.5309 0 16.9889 0 17.1715 0 


2.06218 0 2.36951 0 2.35375 0 1.56274 0 1.9748 0 2.1783 0 
4.88796 0 4.53925 0 4.84257 0 4.8054 0 4.96858 0 5.32128 0 
8.1397 0 8.205 0 7.71631 0 8.35066 0 7.98602 0 8.40063 0 
10.8603 0 11.2052 0 11.2837 0 11.3507 0 11.014 0 11.4006 0 
14.112 0 13.5391 0 14.1574 0 13.8054 0 14.0314 0 14.3213 0 
16.9379 0 17.3696 0 16.6462 0 16.5627 0 17.0252 0 17.1783 0 


2.0177 0 2.32855 0 2.40903 0 1.60139 0 1.93874 0 2.18472 0 
4.9681 0 4.59032 0 4.81797 0 4.8226 0 4.92361 0 5.33285 0 
8.03977 0 8.18228 0 7.67199 0 8.31966 0 7.96601 0 8.41506 0 
10.9602 0 11.1824 0 11.328 0 11.3197 0 11.034 0 11.4151 0 
14.0319 0 13.5902 0 14.182 0 13.8226 0 14.0764 0 14.3329 0 
16.9823 0 17.3286 0 16.591 0 16.6014 0 17.0613 0 17.1847 0 


1.97255 0 2.27696 0 2.45432 0 1.64624 0 1.90315 0 2.19077 0 
5.04946 0 4.65466 0 4.79781 0 4.84256 0 4.87923 0 5.34376 0 
7.93833 0 8.15366 0 7.63566 0 8.2837 0 7.94625 0 8.42867 0 
11.0617 0 11.1538 0 11.3643 0 11.2837 0 11.0537 0 11.4287 0 
13.9506 0 13.6546 0 14.2022 0 13.8426 0 14.1208 0 14.3438 0 
17.0274 0 17.277 0 16.5457 0 16.6462 0 17.0969 0 17.1908 0 


1.92844 0 2.21639 0 2.48853 0 1.69657 0 1.86828 0 2.19645 0 
5.12894 0 4.73017 0 4.78258 0 4.86496 0 4.83575 0 5.354 0 
7.83924 0 8.12006 0 7.60823 0 8.24333 0 7.9269 0 8.44143 0 
11.1607 0 11.1201 0 11.3918 0 11.2433 0 11.0731 0 11.4414 0 
13.8711 0 13.7301 0 14.2174 0 13.865 0 14.1643 0 14.354 0 
17.0715 0 17.2164 0 16.5115 0 16.6966 0 17.1317 0 17.1965 0 


1.88704 0 2.14882 0 2.51082 0 1.75163 0 1.8344 0 2.20174 0 
5.20353 0 4.81443 0 4.77266 0 4.88946 0 4.7935 0 5.36353 0 
7.74623 0 8.08257 0 7.59035 0 8.19918 0 7.9081 0 8.45331 0 
11.2537 0 11.0826 0 11.4096 0 11.1992 0 11.0919 0 11.4533 0 
13.7965 0 13.8144 0 14.2273 0 13.8895 0 14.2065 0 14.3635 0 
17.1129 0 17.1488 0 16.4892 0 16.7516 0 17.1656 0 17.2017 0 


1.84992 0 2.07643 0 2.52064 0 1.81053 0 1.80177 0 2.20663 0 
5.27041 0 4.90469 0 4.76829 0 4.91568 0 4.75281 0 5.37234 0 
7.66284 0 8.04241 0 7.58248 0 8.15194 0 7.88999 0 8.4643 0 
11.3371 0 11.0424 0 11.4175 0 11.1519 0 11.11 0 11.4643 0 
13.7297 0 13.9047 0 14.2317 0 13.9157 0 14.2472 0 14.3723 0 
17.15 0 17.0764 0 16.4794 0 16.8105 0 17.1982 0 17.2066 0 


1.81849 0 2.00157 0 2.51776 0 1.87238 0 1.77063 0 2.21111 0 
5.32705 0 4.99804 0 4.76957 0 4.94321 0 4.71398 0 5.38041 0 
7.59223 0 8.00087 0 7.58479 0 8.10234 0 7.87271 0 8.47437 0 
11.4077 0 11.0009 0 11.4152 0 11.1023 0 11.1273 0 11.4744 0 
13.6731 0 13.998 0 14.2304 0 13.9432 0 14.286 0 14.3804 0 
17.1814 0 17.0016 0 16.4822 0 16.8724 0 17.2294 0 17.2111 0 


1.79393 0 1.92665 0 2.50225 0 1.93621 0 1.74122 0 2.21518 0 
5.37128 0 5.09146 0 4.77648 0 4.97161 0 4.6773 0 5.38773 0 
7.53708 0 7.95931 0 7.59723 0 8.05115 0 7.85639 0 8.48349 0 
11.4629 0 10.9593 0 11.4028 0 11.0512 0 11.1436 0 11.4835 0 
13.6289 0 14.0915 0 14.2235 0 13.9716 0 14.3227 0 14.3877 0 
17.2059 0 16.9266 0 16.4977 0 16.9362 0 17.2588 0 17.2152 0 


1.77719 0 1.85411 0 2.47448 0 2.00104 0 1.71375 0 2.21881 0 
5.40145 0 5.18191 0 4.78884 0 5.00046 0 4.64305 0 5.39428 0 
7.49947 0 7.91906 0 7.6195 0 7.99917 0 7.84114 0 8.49167 0 
11.5005 0 10.919 0 11.3805 0 10.9992 0 11.1589 0 11.4917 0 
13.5987 0 14.182 0 14.2112 0 14.0005 0 14.3569 0 14.3943 0 
17.2227 0 16.8541 0 16.5255 0 17.001 0 17.2862 0 17.2188 0 


1.76889 0 1.7863 0 2.43514 0 2.06584 0 1.68844 0 2.22201 0 
5.4164 0 5.26647 0 4.80635 0 5.0293 0 4.61149 0 5.40006 0 
7.48083 0 7.88144 0 7.65105 0 7.9472 0 7.8271 0 8.49886 0 
11.5191 0 10.8813 0 11.349 0 10.9472 0 11.1729 0 11.4989 0 
13.5838 0 14.2665 0 14.1937 0 14.0293 0 14.3885 0 14.4001 0 
17.231 0 16.7863 0 16.5649 0 17.0658 0 17.3116 0 17.222 0 


1.76936 0 1.7254 0 2.38517 0 2.12963 0 1.66547 0 2.22478 0 
5.41557 0 5.34241 0 4.82858 0 5.05769 0 4.58285 0 5.40504 0 
7.48186 0 7.84765 0 7.69112 0 7.89605 0 7.81435 0 8.50507 0 
11.5181 0 10.8475 0 11.3089 0 10.896 0 11.1856 0 11.5051 0 
13.5846 0 14.3425 0 14.1714 0 14.0577 0 14.4171 0 14.405 0 
17.2305 0 16.7254 0 16.6148 0 17.1296 0 17.3345 0 17.2248 0 


1.77856 0 1.6734 0 2.32581 0 2.1914 0 1.64502 0 2.2271 0 
5.39899 0 5.40725 0 4.855 0 5.08518 0 4.55735 0 5.40921 0 
7.50253 0 7.8188 0 7.73872 0 7.84651 0 7.803 0 8.51028 0 
11.4974 0 10.8187 0 11.2613 0 10.8465 0 11.197 0 11.5103 0 
13.6012 0 14.4074 0 14.145 0 14.0852 0 14.4426 0 14.4092 0 
17.2213 0 16.6733 0 16.6742 0 17.1914 0 17.355 0 17.2271 0 


1.79615 0 1.63197 0 2.2585 0 2.2502 0 1.62725 0 2.22897 0 
5.36729 0 5.45891 0 4.88496 0 5.11135 0 4.53518 0 5.41258 0 
7.54206 0 7.79581 0 7.7927 0 7.79936 0 7.79314 0 8.51448 0 
11.4579 0 10.7957 0 11.2073 0 10.7994 0 11.2069 0 11.5145 0 
13.6329 0 14.459 0 14.115 0 14.1113 0 14.4648 0 14.4126 0 
17.2037 0 16.6319 0 16.7415 0 17.2502 0 17.3728 0 17.229 0 


1.82147 0 1.60246 0 2.18488 0 2.30511 0 1.61227 0 2.23038 0 
5.32167 0 5.49571 0 4.91772 0 5.13579 0 4.51651 0 5.41513 0 
7.59894 0 7.77944 0 7.85174 0 7.75532 0 7.78483 0 8.51766 0 
11.401 0 10.7793 0 11.1483 0 10.7553 0 11.2152 0 11.5177 0 
13.6785 0 14.4958 0 14.0823 0 14.1358 0 14.4835 0 14.4151 0 
17.1784 0 16.6024 0 16.8151 0 17.3051 0 17.3877 0 17.2304 0 


1.85356 0 1.58582 0 2.10675 0 2.35528 0 1.60022 0 2.23134 0 
5.26386 0 5.51645 0 4.95249 0 5.15812 0 4.50148 0 5.41686 0 
7.67102 0 7.77021 0 7.9144 0 7.71508 0 7.77814 0 8.51982 0 
11.3289 0 10.77 0 11.0856 0 10.7151 0 11.2219 0 11.5198 0 
13.7363 0 14.5166 0 14.0475 0 14.1581 0 14.4985 0 14.4169 0 
17.1464 0 16.5857 0 16.8933 0 17.3553 0 17.3998 0 17.2313 0 


1.89119 0 1.5826 0 2.02601 0 2.39994 0 1.59117 0 2.23184 0 
5.19604 0 5.52047 0 4.98842 0 5.17799 0 4.4902 0 5.41776 0 
7.75557 0 7.76842 0 7.97914 0 7.67927 0 7.77312 0 8.52094 0 
11.2444 0 10.7683 0 11.0209 0 10.6793 0 11.2269 0 11.5209 0 
13.804 0 14.5206 0 14.0116 0 14.178 0 14.5098 0 14.4178 0 
17.1087 0 16.5825 0 16.974 0 17.3999 0 17.4088 0 17.2318 0 


1.93295 0 1.59289 0 1.94464 0 2.43839 0 1.5852 0 2.23188 0 
5.1208 0 5.50764 0 5.02464 0 5.1951 0 4.48275 0 5.41784 0 
7.84938 0 7.77413 0 8.0444 0 7.64844 0 7.7698 0 8.52103 0 
11.1506 0 10.774 0 10.9556 0 10.6484 0 11.2302 0 11.521 0 
13.8792 0 14.5078 0 13.9754 0 14.1951 0 14.5172 0 14.4178 0 
17.067 0 16.5928 0 17.0554 0 17.4384 0 17.4148 0 17.2319 0 


1.97725 0 1.61636 0 1.86462 0 2.47003 0 1.58235 0 2.23146 0 
5.04098 0 5.47837 0 5.06025 0 5.20918 0 4.4792 0 5.41709 0 
7.9489 0 7.78716 0 8.10857 0 7.62307 0 7.76822 0 8.5201 0 
11.0511 0 10.787 0 10.8914 0 10.6231 0 11.2318 0 11.5201 0 
13.959 0 14.4785 0 13.9398 0 14.2092 0 14.5208 0 14.4171 0 
17.0227 0 16.6163 0 17.1354 0 17.47 0 17.4176 0 17.2315 0 


2.02242 0 1.65226 0 1.7879 0 2.49437 0 1.58265 0 2.23059 0 
4.95961 0 5.43361 0 5.09439 0 5.22001 0 4.47957 0 5.41551 0 
8.05036 0 7.80707 0 8.17009 0 7.60355 0 7.76839 0 8.51813 0 
10.9496 0 10.8069 0 10.8299 0 10.6035 0 11.2316 0 11.5181 0 
14.0404 0 14.4337 0 13.9056 0 14.22 0 14.5204 0 14.4155 0 
16.9776 0 16.6522 0 17.2121 0 17.4944 0 17.4174 0 17.2306 0 


2.06673 0 1.69942 0 1.71636 0 2.51103 0 1.58608 0 2.22926 0 
4.87977 0 5.37481 0 5.12623 0 5.22743 0 4.48385 0 5.41311 0 
8.14991 0 7.83324 0 8.22746 0 7.59019 0 7.77029 0 8.51513 0 
10.8501 0 10.8331 0 10.7725 0 10.5902 0 11.2297 0 11.5151 0 
14.1202 0 14.3749 0 13.8738 0 14.2274 0 14.5161 0 14.4131 0 
16.9333 0 16.6994 0 17.2836 0 17.511 0 17.4139 0 17.2293 0 


2.10851 0 1.75631 0 1.65174 0 2.51975 0 1.59263 0 2.22747 0 
4.80448 0 5.30387 0 5.15499 0 5.23131 0 4.49202 0 5.40989 0 
8.24378 0 7.8648 0 8.27928 0 7.58319 0 7.77393 0 8.51112 0 
10.7563 0 10.8647 0 10.7207 0 10.5832 0 11.2261 0 11.5111 0 
14.1954 0 14.3039 0 13.845 0 14.2313 0 14.508 0 14.4099 0 
16.8915 0 16.7563 0 17.3483 0 17.5198 0 17.4074 0 17.2275 0 


2.14619 0 1.82109 0 1.59562 0 2.52041 0 1.60225 0 2.22523 0 
4.73661 0 5.22309 0 5.17997 0 5.2316 0 4.50401 0 5.40586 0 
8.3284 0 7.90074 0 8.32429 0 7.58266 0 7.77927 0 8.50609 0 
10.6716 0 10.9007 0 10.6757 0 10.5827 0 11.2207 0 11.5061 0 
14.2633 0 14.2231 0 13.82 0 14.2316 0 14.496 0 14.4059 0 
16.8539 0 16.8211 0 17.4044 0 17.5204 0 17.3978 0 17.2252 0 


2.17832 0 1.89167 0 1.54937 0 2.51298 0 1.61486 0 2.22255 0 
4.67871 0 5.13508 0 5.20055 0 5.2283 0 4.51974 0 5.40102 0 
8.40059 0 7.9399 0 8.36138 0 7.58862 0 7.78626 0 8.50007 0 
10.5995 0 10.9399 0 10.6386 0 10.5886 0 11.2137 0 11.5001 0 
14.3212 0 14.1351 0 13.7994 0 14.2283 0 14.4803 0 14.401 0 
16.8218 0 16.8916 0 17.4506 0 17.513 0 17.3851 0 17.2226 0 


2.20369 0 1.96575 0 1.51411 0 2.49759 0 1.63037 0 2.21943 0 
4.633 0 5.04271 0 5.21624 0 5.22145 0 4.53907 0 5.39539 0 
8.45759 0 7.981 0 8.38966 0 7.60096 0 7.79487 0 8.49305 0 
10.5425 0 10.981 0 10.6103 0 10.601 0 11.2051 0 11.493 0 
14.3669 0 14.0427 0 13.7838 0 14.2214 0 14.4609 0 14.3954 0 
16.7964 0 16.9657 0 17.4859 0 17.4976 0 17.3696 0 17.2194 0 


2.22134 0 2.04094 0 1.4907 0 2.47447 0 1.64866 0 2.21587 0 
4.60119 0 4.94895 0 5.22666 0 5.21116 0 4.56188 0 5.38898 0 
8.49725 0 8.02272 0 8.40842 0 7.61951 0 7.80502 0 8.48505 0 
10.5028 0 11.0227 0 10.5916 0 10.6195 0 11.195 0 11.4851 0 
14.3987 0 13.9489 0 13.7733 0 14.2112 0 14.4381 0 14.389 0 
16.7788 0 17.041 0 17.5093 0 17.4745 0 17.3513 0 17.2159 0 


2.23061 0 2.11481 0 1.47973 0 2.44398 0 1.66959 0 2.21188 0 
4.58449 0 4.85684 0 5.23154 0 5.19759 0 4.58798 0 5.3818 0 
8.51806 0 8.0637 0 8.41723 0 7.64396 0 7.81664 0 8.4761 0 
10.482 0 11.0637 0 10.5828 0 10.644 0 11.1834 0 11.4761 0 
14.4153 0 13.8568 0 13.7685 0 14.1976 0 14.412 0 14.3818 0 
16.7695 0 17.1148 0 17.5203 0 17.444 0 17.3304 0 17.2119 0 


2.23113 0 2.18496 0 1.48145 0 2.4066 0 1.69301 0 2.20748 0 
4.58355 0 4.76937 0 5.23078 0 5.18095 0 4.61719 0 5.37386 0 
8.51924 0 8.10262 0 8.41585 0 7.67394 0 7.82963 0 8.4662 0 
10.4808 0 11.1027 0 10.5842 0 10.6739 0 11.1704 0 11.4662 0 
14.4163 0 13.7693 0 13.7692 0 14.181 0 14.3828 0 14.3739 0 
16.769 0 17.185 0 17.5186 0 17.4066 0 17.307 0 17.2075 0 


2.2229 0 2.24912 0 1.49582 0 2.3629 0 1.71874 0 2.20266 0 
4.59839 0 4.68936 0 5.22438 0 5.1615 0 4.64927 0 5.36518 0 
8.50074 0 8.13821 0 8.40432 0 7.70898 0 7.84391 0 8.45538 0 
10.4993 0 11.1383 0 10.5957 0 10.709 0 11.1561 0 11.4554 0 
14.4015 0 13.6893 0 13.7756 0 14.1615 0 14.3507 0 14.3652 0 
16.7772 0 17.2492 0 17.5042 0 17.3629 0 17.2813 0 17.2027 0 


2.20622 0 2.30521 0 1.52249 0 2.31357 0 1.74659 0 2.19744 0 
4.62844 0 4.61942 0 5.21251 0 5.13955 0 4.684 0 5.35578 0 
8.46326 0 8.16933 0 8.38293 0 7.74854 0 7.85937 0 8.44365 0 
10.5368 0 11.1695 0 10.6171 0 10.7485 0 11.1406 0 11.4437 0 
14.3714 0 13.6193 0 13.7875 0 14.1395 0 14.316 0 14.3558 0 
16.7939 0 17.3053 0 17.4775 0 17.3136 0 17.2534 0 17.1974 0 


2.18172 0 2.35142 0 1.56082 0 2.25936 0 1.77634 0 2.19184 0 
4.67258 0 4.5618 0 5.19545 0 5.11543 0 4.7211 0 5.34568 0 
8.40823 0 8.19497 0 8.3522 0 7.79201 0 7.87588 0 8.43105 0 
10.5918 0 11.1951 0 10.6478 0 10.792 0 11.1241 0 11.4311 0 
14.3273 0 13.5617 0 13.8045 0 14.1154 0 14.2789 0 14.3457 0 
16.8184 0 17.3515 0 17.4392 0 17.2594 0 17.2237 0 17.1918 0 


2.15033 0 2.38625 0 1.60986 0 2.20113 0 1.80778 0 2.18585 0 
4.72913 0 4.51837 0 5.17363 0 5.08951 0 4.7603 0 5.33489 0 
8.33772 0 8.21429 0 8.31287 0 7.83871 0 7.89332 0 8.4176 0 
10.6623 0 11.2145 0 10.6871 0 10.8387 0 11.1067 0 11.4176 0 
14.2708 0 13.5182 0 13.8264 0 14.0895 0 14.2397 0 14.3349 0 
16.8498 0 17.3863 0 17.3901 0 17.2011 0 17.1922 0 17.1858 0 


2.11325 0 2.40858 0 1.66842 0 2.13978 0 1.84066 0 2.17949 0 
4.79595 0 4.49054 0 5.14757 0 5.06221 0 4.80131 0 5.32343 0 
8.25442 0 8.22668 0 8.26591 0 7.88791 0 7.91157 0 8.40331 0 
10.7456 0 11.2268 0 10.7341 0 10.8879 0 11.0884 0 11.4033 0 
14.204 0 13.4904 0 13.8524 0 14.0622 0 14.1987 0 14.3234 0 
16.8868 0 17.4086 0 17.3316 0 17.1398 0 17.1593 0 17.1795 0 


2.07188 0 2.41767 0 1.73507 0 2.07625 0 1.87474 0 2.17278 0 
4.87049 0 4.4792 0 5.1179 0 5.03394 0 4.84381 0 5.31134 0 
8.16147 0 8.23172 0 8.21245 0 7.93885 0 7.93049 0 8.38823 0 
10.8386 0 11.2319 0 10.7875 0 10.9389 0 11.0695 0 11.3882 0 
14.1295 0 13.4791 0 13.8821 0 14.0339 0 14.1562 0 14.3113 0 
16.9282 0 17.4177 0 17.2649 0 17.0763 0 17.1253 0 17.1728 0 


2.02778 0 2.41323 0 1.80819 0 2.01154 0 1.90977 0 2.16573 0 
4.94995 0 4.48473 0 5.08536 0 5.00514 0 4.88748 0 5.29863 0 
8.0624 0 8.22926 0 8.15382 0 7.99074 0 7.94993 0 8.37238 0 
10.9376 0 11.2294 0 10.8462 0 10.9907 0 11.0501 0 11.3724 0 
14.05 0 13.4846 0 13.9146 0 14.0051 0 14.1125 0 14.2986 0 
16.9722 0 17.4133 0 17.1918 0 17.0115 0 17.0902 0 17.1657 0 


1.98263 0 2.39542 0 1.88599 0 1.94666 0 1.94547 0 2.15834 0 
5.0313 0 4.50694 0 5.05074 0 4.97626 0 4.93201 0 5.28532 0 
7.96097 0 8.21938 0 8.09143 0 8.04278 0 7.96974 0 8.35579 0 
11.039 0 11.2195 0 10.9086 0 11.0428 0 11.0303 0 11.3558 0 
13.9687 0 13.5068 0 13.9493 0 13.9763 0 14.068 0 14.2853 0 
17.0174 0 17.3955 0 17.114 0 16.9467 0 17.0545 0 17.1583 0 


1.93813 0 2.3648 0 1.96657 0 1.8826 0 1.98159 0 2.15065 0 
5.11147 0 4.54512 0 5.01488 0 4.94775 0 4.97704 0 5.27146 0 
7.86102 0 8.20239 0 8.02681 0 8.09415 0 7.98978 0 8.3385 0 
11.139 0 11.2025 0 10.9732 0 11.0942 0 11.0102 0 11.3385 0 
13.8886 0 13.545 0 13.9851 0 13.9478 0 14.023 0 14.2715 0 
17.0618 0 17.3649 0 17.0334 0 16.8826 0 17.0184 0 17.1506 0 


1.89599 0 2.32237 0 2.04796 0 1.82036 0 2.01784 0 2.14265 0 
5.18741 0 4.59803 0 4.97866 0 4.92005 0 5.02225 0 5.25705 0 
7.76633 0 8.17885 0 7.96154 0 8.14406 0 8.0099 0 8.32054 0 
11.2336 0 11.179 0 11.0385 0 11.1441 0 10.9901 0 11.3205 0 
13.8127 0 13.5979 0 14.0213 0 13.9201 0 13.9778 0 14.2571 0 
17.104 0 17.3224 0 16.952 0 16.8204 0 16.9822 0 17.1427 0 


1.85778 0 2.2695 0 2.12819 0 1.76091 0 2.05396 0 2.13438 0 
5.25625 0 4.66396 0 4.94295 0 4.8936 0 5.06729 0 5.24214 0 
7.6805 0 8.14952 0 7.8972 0 8.19173 0 8.02995 0 8.30194 0 
11.3194 0 11.1496 0 11.1028 0 11.1917 0 10.9701 0 11.3019 0 
13.7439 0 13.6639 0 14.057 0 13.8936 0 13.9327 0 14.2421 0 
17.1421 0 17.2695 0 16.8718 0 16.7609 0 16.946 0 17.1344 0 


1.82496 0 2.2079 0 2.20528 0 1.70518 0 2.08967 0 2.12583 0 
5.31538 0 4.74077 0 4.90864 0 4.86879 0 5.11182 0 5.22675 0 
7.60678 0 8.11534 0 7.83538 0 8.23643 0 8.04976 0 8.28275 0 
11.3932 0 11.1154 0 11.1646 0 11.2364 0 10.9502 0 11.2827 0 
13.6848 0 13.7407 0 14.0914 0 13.8688 0 13.8882 0 14.2267 0 
17.1749 0 17.2079 0 16.7947 0 16.7052 0 16.9103 0 17.1258 0 


1.79878 0 2.13957 0 2.27737 0 1.65402 0 2.12471 0 2.11704 0 
5.36255 0 4.82597 0 4.87656 0 4.84603 0 5.15551 0 5.2109 0 
7.54796 0 8.07743 0 7.77757 0 8.27745 0 8.06921 0 8.26299 0 
11.452 0 11.0775 0 11.2224 0 11.2775 0 10.9308 0 11.263 0 
13.6376 0 13.8259 0 14.1234 0 13.846 0 13.8445 0 14.2109 0 
17.2011 0 17.1396 0 16.7226 0 16.654 0 16.8753 0 17.117 0 


1.78022 0 2.06672 0 2.34269 0 1.60824 0 2.15881 0 2.10802 0 
5.39599 0 4.91681 0 4.84749 0 4.82565 0 5.19803 0 5.19464 0 
7.50628 0 8.03702 0 7.72518 0 8.31417 0 8.08813 0 8.24272 0 
11.4937 0 11.037 0 11.2748 0 11.3142 0 10.9119 0 11.2427 0 
13.6042 0 13.9168 0 14.1525 0 13.8257 0 13.802 0 14.1946 0 
17.2196 0 17.0667 0 16.6573 0 16.6082 0 16.8412 0 17.108 0 


1.77 0 1.99171 0 2.39965 0 1.56854 0 2.19171 0 2.09878 0 
5.41441 0 5.01034 0 4.82214 0 4.80798 0 5.23906 0 5.178 0 
7.4833 0 7.9954 0 7.67951 0 8.346 0 8.10639 0 8.22196 0 
11.5166 0 10.9954 0 11.3205 0 11.346 0 10.8936 0 11.222 0 
13.5858 0 14.0103 0 14.1779 0 13.808 0 13.7609 0 14.178 0 
17.2299 0 16.9917 0 16.6004 0 16.5685 0 16.8083 0 17.0988 0 


1.76849 0 1.91697 0 2.44685 0 1.53554 0 2.22318 0 2.08935 0 
5.41713 0 5.10354 0 4.80113 0 4.7933 0 5.2783 0 5.161 0 
7.47991 0 7.95393 0 7.64165 0 8.37247 0 8.12385 0 8.20076 0 
11.52 0 10.9539 0 11.3583 0 11.3725 0 10.8761 0 11.2008 0 
13.583 0 14.1036 0 14.1989 0 13.7933 0 13.7217 0 14.161 0 
17.2314 0 16.917 0 16.5531 0 16.5355 0 16.7768 0 17.0893 0 


1.77575 0 1.84491 0 2.48316 0 1.50976 0 2.25296 0 2.07974 0 
5.40405 0 5.19338 0 4.78498 0 4.78182 0 5.31543 0 5.14368 0 
7.49623 0 7.91396 0 7.61254 0 8.39314 0 8.14038 0 8.17917 0 
11.5037 0 10.9139 0 11.3875 0 11.3931 0 10.8596 0 11.1792 0 
13.5961 0 14.1934 0 14.215 0 13.7818 0 13.6846 0 14.1437 0 
17.2241 0 16.8449 0 16.5168 0 16.5098 0 16.747 0 17.0797 0 


1.79151 0 1.77788 0 2.50767 0 1.49158 0 2.28084 0 2.06997 0 
5.37565 0 5.27696 0 4.77407 0 4.77373 0 5.3502 0 5.12608 0 
7.53164 0 7.87677 0 7.59288 0 8.40772 0 8.15585 0 8.15722 0 
11.4683 0 10.8767 0 11.4071 0 11.4077 0 10.8441 0 11.1572 0 
13.6245 0 14.277 0 14.2259 0 13.7737 0 13.6498 0 14.1261 0 
17.2084 0 16.7778 0 16.4923 0 16.4916 0 16.7192 0 17.07 0 


1.81518 0 1.71805 0 2.5198 0 1.48131 0 2.3066 0 2.06006 0 
5.33301 0 5.35158 0 4.76867 0 4.76916 0 5.38233 0 5.10823 0 
7.5848 0 7.84357 0 7.58316 0 8.41596 0 8.17015 0 8.13496 0 
11.4151 0 10.8435 0 11.4168 0 11.416 0 10.8298 0 11.135 0 
13.6671 0 14.3517 0 14.2313 0 13.7692 0 13.6177 0 14.1082 0 
17.1847 0 16.718 0 16.4802 0 16.4813 0 16.6934 0 17.0601 0 
