60.01 5.1024 1.9813 
60.02 5.2935 2.07186 
60.03 5.49245 2.14739 
60.04 5.69769 2.20497 
60.05 5.90741 2.24223 
60.06 6.11962 2.25759 
60.07 6.33221 2.25048 
60.08 6.54308 2.2214 
60.09 6.75024 2.17187 
60.1 6.95185 2.10429 
60.11 7.14635 2.02165 
60.12 7.33248 1.92723 
60.13 7.50929 1.82433 
60.14 7.67611 1.71603 
60.15 7.83259 1.60504 
60.16 7.97856 1.49357 
60.17 8.11407 1.38334 
60.18 8.2393 1.27556 
60.19 8.35452 1.17105 
60.2 8.46005 1.07021 
60.21 8.55627 0.973165 
60.22 8.64351 0.879817 
60.23 8.72211 0.789886 
60.24 8.79239 0.702976 
60.25 8.8546 0.618616 
60.26 8.90896 0.536287 
60.27 8.95563 0.455451 
60.28 8.99474 0.375568 
60.29 9.02634 0.296107 
60.3 9.05045 0.216553 
60.31 9.06704 0.136416 
60.32 9.07604 0.0552295 
60.33 9.07731 -0.0274456 
60.34 9.07072 -0.112023 
60.35 9.05604 -0.198887 
60.36 9.03306 -0.288396 
60.37 9.00151 -0.380876 
60.38 8.96109 -0.476614 
60.39 8.91149 -0.575855 
60.4 8.85237 -0.67878 
60.41 8.78337 -0.78549 
60.42 8.70414 -0.895981 
60.43 8.61432 -1.0101 
60.44 8.51359 -1.12752 
60.45 8.40167 -1.24766 
60.46 8.27833 -1.36964 
60.47 8.14345 -1.49225 
60.48 7.99706 -1.61386 
60.49 7.83933 -1.73241 
60.5 7.67068 -1.84544 
60.51 7.49174 -1.9501 
60.52 7.30346 -2.04333 
60.53 7.10706 -2.12198 
60.54 6.90405 -2.18313 
60.55 6.6962 -2.22433 
60.56 6.48549 -2.24387 
60.57 6.27399 -2.24099 
60.58 6.06382 -2.216 
60.59 5.85699 -2.17025 
60.6 5.65537 -2.10595 
60.61 5.46058 -2.02598 
60.62 5.27395 -1.93355 
60.63 5.09648 -1.83195 
60.64 4.9289 -1.7243 
60.65 4.77164 -1.61334 
60.66 4.62491 -1.50137 
60.67 4.4887 -1.39019 
60.68 4.36289 -1.2811 
60.69 4.24722 -1.17498 
60.7 4.1414 -1.0723 
60.71 4.04508 -0.973241 
60.72 3.95793 -0.877742 
60.73 3.87963 -0.785555 
60.74 3.80987 -0.696305 
60.75 3.7484 -0.609534 
60.76 3.69501 -0.52473 
60.77 3.64955 -0.44136 
60.78 3.61189 -0.358879 
60.79 3.58199 -0.276754 
60.8 3.55983 -0.194463 
60.81 3.54545 -0.111507 
60.82 3.53894 -0.0274135 
60.83 3.54043 0.0582663 
60.84 3.55008 0.145951 
60.85 3.5681 0.236031 
60.86 3.59473 0.328861 
60.87 3.63026 0.424761 
60.88 3.67498 0.524002 
60.89 3.72921 0.626799 
60.9 3.7933 0.733287 
60.91 3.86761 0.843502 
60.92 3.95247 0.957344 
60.93 4.04821 1.07454 
60.94 4.15514 1.19459 
60.95 4.27349 1.31672 
60.96 4.4034 1.43982 
60.97 4.5449 1.5624 
60.98 4.69785 1.68254 
60.99 4.86191 1.79791 
61 5.03651 1.9058 
61.01 5.22081 2.00322 
61.02 5.41367 2.08709 
61.03 5.61368 2.15442 
61.04 5.81915 2.20265 
61.05 6.02818 2.22985 
61.06 6.23874 2.235 
61.07 6.44873 2.2181 
61.08 6.65613 2.1802 
61.09 6.85904 2.12326 
61.1 7.05579 2.04998 
61.11 7.24497 1.96346 
61.12 7.42551 1.867 
61.13 7.59661 1.76374 
61.14 7.75777 1.65655 
61.15 7.90873 1.54786 
61.16 8.04946 1.43963 
61.17 8.18007 1.33329 
61.18 8.30078 1.22986 
61.19 8.41191 1.12994 
61.2 8.51379 1.03379 
61.21 8.6068 0.941447 
61.22 8.69127 0.852708 
61.23 8.76753 0.76725 
61.24 8.83588 0.68465 
61.25 8.89655 0.604421 
61.26 8.94976 0.526045 
61.27 8.99565 0.448992 
61.28 9.03432 0.372735 
61.29 9.06582 0.296762 
61.3 9.09015 0.220579 
61.31 9.10728 0.143717 
61.32 9.11711 0.0657309 
61.33 9.11953 -0.0137983 
61.34 9.11436 -0.0952646 
61.35 9.10142 -0.179037 
61.36 9.08045 -0.26546 
61.37 9.05121 -0.354852 
61.38 9.01339 -0.447499 
61.39 8.96668 -0.543652 
61.4 8.91073 -0.64351 
61.41 8.8452 -0.747208 
61.42 8.76971 -0.854791 
61.43 8.68391 -0.966182 
61.44 8.58744 -1.08114 
61.45 8.47999 -1.19922 
61.46 8.36129 -1.31971 
61.47 8.23116 -1.44157 
61.48 8.08954 -1.56337 
61.49 7.93652 -1.68328 
61.5 7.77238 -1.79902 
61.51 7.59763 -1.90792 
61.52 7.41306 -2.00697 
61.53 7.21975 -2.09301 
61.54 7.01907 -2.16294 
61.55 6.81267 -2.214 
61.56 6.60244 -2.24403 
61.57 6.39042 -2.25175 
61.58 6.17875 -2.23688 
61.59 5.96952 -2.20025 
61.6 5.7647 -2.14365 
61.61 5.56606 -2.06966 
61.62 5.37509 -1.98138 
61.63 5.19299 -1.8821 
61.64 5.02064 -1.77508 
61.65 4.85863 -1.66327 
61.66 4.70728 -1.54921 
61.67 4.5667 -1.43497 
61.68 4.43684 -1.3221 
61.69 4.31751 -1.21168 
61.7 4.20844 -1.10437 
61.71 4.10933 -1.00049 
61.72 4.01985 -0.900092 
61.73 3.93967 -0.802997 
61.74 3.86849 -0.708885 
61.75 3.80607 -0.617329 
61.76 3.75217 -0.527833 
61.77 3.70663 -0.439864 
61.78 3.66933 -0.352874 
61.79 3.6402 -0.266315 
61.8 3.61923 -0.179652 
61.81 3.60645 -0.0923688 
61.82 3.60195 -0.00397278 
61.83 3.60584 0.0859994 
61.84 3.61831 0.17798 
61.85 3.63955 0.272367 
61.86 3.66981 0.369517 
61.87 3.70938 0.46974 
61.88 3.75854 0.573286 
61.89 3.81762 0.680329 
61.9 3.88695 0.790943 
61.91 3.96687 0.905076 
61.92 4.05771 1.0225 
61.93 4.15975 1.1428 
61.94 4.27323 1.26526 
61.95 4.39831 1.38886 
61.96 4.53505 1.51224 
61.97 4.68332 1.63358 
61.98 4.84285 1.75071 
61.99 5.01312 1.86101 
62 5.19335 1.96162 
62.01 5.38247 2.04951 
62.02 5.57917 2.12171 
62.03 5.78181 2.17559 
62.04 5.98859 2.2091 
62.05 6.19751 2.22103 
62.06 6.40652 2.21114 
62.07 6.6136 2.18022 
62.08 6.81683 2.13002 
62.09 7.01452 2.06305 
62.1 7.20522 1.9823 
62.11 7.38778 1.891 
62.12 7.56136 1.79232 
62.13 7.72541 1.68918 
62.14 7.87963 1.58412 
62.15 8.02394 1.4792 
62.16 8.15842 1.37599 
62.17 8.28331 1.2756 
62.18 8.39889 1.17874 
62.19 8.50552 1.08579 
62.2 8.60358 0.996814 
62.21 8.69344 0.911703 
62.22 8.77545 0.830172 
62.23 8.84992 0.751835 
62.24 8.91715 0.676233 
62.25 8.97736 0.602868 
62.26 9.03074 0.531228 
62.27 9.07743 0.460799 
62.28 9.11752 0.391079 
62.29 9.15105 0.321585 
62.3 9.17803 0.25186 
62.31 9.19841 0.181469 
62.32 9.21211 0.110006 
62.33 9.21901 0.0370899 
62.34 9.21895 -0.0376389 
62.35 9.21176 -0.114517 
62.36 9.19721 -0.193862 
62.37 9.17506 -0.275972 
62.38 9.14502 -0.361129 
62.39 9.10681 -0.44959 
62.4 9.0601 -0.541589 
62.41 9.00455 -0.637322 
62.42 8.9398 -0.736935 
62.43 8.86547 -0.840506 
62.44 8.7812 -0.94801 
62.45 8.68662 -1.05929 
62.46 8.58139 -1.174 
62.47 8.46522 -1.29156 
62.48 8.33786 -1.41111 
62.49 8.19919 -1.5314 
62.5 8.04922 -1.65081 
62.51 7.88812 -1.76724 
62.52 7.71628 -1.87819 
62.53 7.53437 -1.98075 
62.54 7.34331 -2.07178 
62.55 7.14434 -2.14804 
62.56 6.939 -2.20651 
62.57 6.7291 -2.24463 
62.58 6.51665 -2.2606 
62.59 6.30376 -2.25361 
62.6 6.09262 -2.2239 
62.61 5.88531 -2.17281 
62.62 5.68373 -2.10255 
62.63 5.48957 -2.01602 
62.64 5.30421 -1.91646 
62.65 5.12871 -1.80719 
62.66 4.96385 -1.69134 
62.67 4.81011 -1.57167 
62.68 4.66773 -1.45049 
62.69 4.53678 -1.32958 
62.7 4.41716 -1.21023 
62.71 4.30868 -1.0933 
62.72 4.21109 -0.979237 
62.73 4.1241 -0.868202 
62.74 4.04744 -0.760106 
62.75 3.98085 -0.654679 
62.76 3.92407 -0.551526 
62.77 3.87693 -0.450167 
62.78 3.83928 -0.350077 
62.79 3.81102 -0.250702 
62.8 3.79212 -0.151489 
62.81 3.78257 -0.0518945 
62.82 3.78246 0.0486004 
62.83 3.79187 0.150482 
62.84 3.81097 0.254194 
62.85 3.83994 0.360127 
62.86 3.87901 0.468606 
62.87 3.92843 0.579871 
62.88 3.98848 0.694062 
62.89 4.05942 0.811182 
62.9 4.14153 0.931073 
62.91 4.23506 1.05337 
62.92 4.3402 1.17744 
62.93 4.45707 1.30238 
62.94 4.58572 1.4269 
62.95 4.72601 1.54937 
62.96 4.87766 1.66774 
62.97 5.04019 1.77963 
62.98 5.21285 1.88236 
62.99 5.39464 1.97311 
63 5.58431 2.04908 
63.01 5.78034 2.10777 
63.02 5.981 2.14718 
63.03 6.18441 2.16606 
63.04 6.38861 2.16406 
63.05 6.59166 2.14179 
63.06 6.7917 2.10075 
63.07 6.98708 2.04322 
63.08 7.17636 1.97198 
63.09 7.3584 1.89008 
63.1 7.53234 1.80058 
63.11 7.69759 1.70635 
63.12 7.85384 1.60993 
63.13 8.00098 1.51342 
63.14 8.13909 1.41849 
63.15 8.26837 1.32633 
63.16 8.38912 1.23776 
63.17 8.50172 1.15324 
63.18 8.60655 1.07297 
63.19 8.70401 0.996891 
63.2 8.79449 0.924816 
63.21 8.87835 0.856417 
63.22 8.95592 0.791296 
63.23 9.02749 0.729002 
63.24 9.09331 0.669065 
63.25 9.15356 0.611008 
63.26 9.20842 0.554365 
63.27 9.25799 0.498685 
63.28 9.30234 0.443543 
63.29 9.3415 0.388544 
63.3 9.37547 0.333319 
63.31 9.40421 0.277532 
63.32 9.42766 0.220875 
63.33 9.44572 0.163067 
63.34 9.45827 0.103851 
63.35 9.46516 0.0429932 
63.36 9.46623 -0.0197248 
63.37 9.4613 -0.084506 
63.38 9.45016 -0.151544 
63.39 9.43259 -0.221025 
63.4 9.40835 -0.293131 
63.41 9.37719 -0.368044 
63.42 9.33883 -0.445944 
63.43 9.29298 -0.527007 
63.44 9.23935 -0.611403 
63.45 9.17759 -0.699286 
63.46 9.10739 -0.790783 
63.47 9.0284 -0.885973 
63.48 8.94026 -0.984862 
63.49 8.84263 -1.08735 
63.5 8.73519 -1.19318 
63.51 8.61763 -1.30191 
63.52 8.48973 -1.41281 
63.53 8.35131 -1.52485 
63.54 8.20233 -1.63661 
63.55 8.04291 -1.74625 
63.56 7.87334 -1.85147 
63.57 7.69418 -1.94959 
63.58 7.50622 -2.03757 
63.59 7.31057 -2.11222 
63.6 7.10865 -2.17038 
63.61 6.90214 -2.20921 
63.62 6.69297 -2.2265 
63.63 6.48325 -2.22085 
63.64 6.27516 -2.19188 
63.65 6.07088 -2.1403 
63.66 5.87247 -2.06775 
63.67 5.68179 -1.97668 
63.68 5.50045 -1.87004 
63.69 5.32978 -1.75097 
63.7 5.17079 -1.62261 
63.71 5.02422 -1.48781 
63.72 4.89057 -1.34902 
63.73 4.7701 -1.20823 
63.74 4.66294 -1.06696 
63.75 4.56907 -0.926256 
63.76 4.48841 -0.786796 
63.77 4.42081 -0.648916 
63.78 4.36614 -0.512699 
63.79 4.32422 -0.378038 
63.8 4.29494 -0.244695 
63.81 4.27816 -0.112356 
63.82 4.27383 0.0193266 
63.83 4.28189 0.15069 
63.84 4.30232 0.282028 
63.85 4.33514 0.413554 
63.86 4.38037 0.545366 
63.87 4.43802 0.677413 
63.88 4.50813 0.809455 
63.89 4.59066 0.941028 
63.9 4.68553 1.07141 
63.91 4.7926 1.19958 
63.92 4.91159 1.32422 
63.93 5.04209 1.4437 
63.94 5.18354 1.55613 
63.95 5.33516 1.65937 
63.96 5.496 1.75123 
63.97 5.66486 1.82952 
63.98 5.84038 1.89229 
63.99 6.02102 1.93796 
64 6.20511 1.96554 
64.01 6.39093 1.97471 
64.02 6.57676 1.96589 
64.03 6.76094 1.94021 
64.04 6.94198 1.89943 
64.05 7.11854 1.84576 
64.06 7.28954 1.78168 
64.07 7.4541 1.70977 
64.08 7.61161 1.63251 
64.09 7.76167 1.55216 
64.1 7.90409 1.47068 
64.11 8.03884 1.38966 
64.12 8.16602 1.31037 
64.13 8.28585 1.23369 
64.14 8.39859 1.16024 
64.15 8.50458 1.09033 
64.16 8.60415 1.0241 
64.17 8.69764 0.961483 
64.18 8.7854 0.902299 
64.19 8.86773 0.846271 
64.2 8.94491 0.793058 
64.21 9.01719 0.74228 
64.22 9.08479 0.693534 
64.23 9.14787 0.646413 
64.24 9.20657 0.600515 
64.25 9.26099 0.555449 
64.26 9.31118 0.510847 
64.27 9.35718 0.46636 
64.28 9.39898 0.421668 
64.29 9.43655 0.376475 
64.3 9.46982 0.330512 
64.31 9.49872 0.283537 
64.32 9.52314 0.235333 
64.33 9.54294 0.185704 
64.34 9.558 0.134477 
64.35 9.56815 0.0814965 
64.36 9.57322 0.0266208 
64.37 9.57303 -0.0302793 
64.38 9.56738 -0.0893254 
64.39 9.55605 -0.150635 
64.4 9.53884 -0.214324 
64.41 9.51552 -0.280512 
64.42 9.48583 -0.349322 
64.43 9.44954 -0.420884 
64.44 9.40637 -0.495337 
64.45 9.35604 -0.572819 
64.46 9.29827 -0.653473 
64.47 9.23274 -0.737429 
64.48 9.15914 -0.824797 
64.49 9.07715 -0.915646 
64.5 8.98643 -1.00998 
64.51 8.88667 -1.10769 
64.52 8.77755 -1.20854 
64.53 8.6588 -1.31209 
64.54 8.53018 -1.41767 
64.55 8.39157 -1.52427 
64.56 8.24291 -1.63054 
64.57 8.08432 -1.7347 
64.58 7.91611 -1.83456 
64.59 7.73879 -1.92752 
64.6 7.55314 -2.01067 
64.61 7.36025 -2.0809 
64.62 7.16147 -2.13513 
64.63 6.95845 -2.17056 
64.64 6.75307 -2.18494 
64.65 6.54739 -2.17679 
64.66 6.34357 -2.14561 
64.67 6.14375 -2.09189 
64.68 5.95001 -2.01707 
64.69 5.76423 -1.92339 
64.7 5.58806 -1.81358 
64.71 5.42289 -1.69066 
64.72 5.2698 -1.55762 
64.73 5.12961 -1.41727 
64.74 5.0029 -1.27204 
64.75 4.89003 -1.12394 
64.76 4.79119 -0.974563 
64.77 4.70644 -0.825033 
64.78 4.63575 -0.676122 
64.79 4.57906 -0.528287 
64.8 4.53623 -0.38174 
64.81 4.50715 -0.236522 
64.82 4.4917 -0.0925593 
64.83 4.48976 0.0502736 
64.84 4.50124 0.192104 
64.85 4.52603 0.333014 
64.86 4.56406 0.472991 
64.87 4.61523 0.61189 
64.88 4.67943 0.749391 
64.89 4.75649 0.884962 
64.9 4.84622 1.01783 
64.91 4.94829 1.14694 
64.92 5.0623 1.271 
64.93 5.18771 1.38842 
64.94 5.32379 1.49742 
64.95 5.46967 1.59609 
64.96 5.62429 1.68246 
64.97 5.78639 1.75472 
64.98 5.95457 1.81128 
64.99 6.12729 1.851 
65 6.30292 1.87327 
65.01 6.47984 1.87812 
65.02 6.65641 1.86623 
65.03 6.83111 1.83886 
65.04 7.00257 1.79778 
65.05 7.16959 1.74512 
65.06 7.33119 1.68318 
65.07 7.4866 1.61428 
65.08 7.63528 1.54062 
65.09 7.77687 1.46422 
65.1 7.91119 1.38676 
65.11 8.03821 1.30963 
65.12 8.15802 1.23392 
65.13 8.27079 1.16037 
65.14 8.37676 1.0895 
65.15 8.47617 1.02157 
65.16 8.56933 0.956654 
65.17 8.6565 0.894681 
65.18 8.73797 0.835462 
65.19 8.81397 0.778725 
65.2 8.88472 0.724139 
65.21 8.95042 0.671335 
65.22 9.01121 0.619926 
65.23 9.06721 0.569516 
65.24 9.11848 0.519714 
65.25 9.16507 0.470137 
65.26 9.20699 0.420418 
65.27 9.2442 0.370208 
65.28 9.27665 0.319177 
65.29 9.30423 0.267018 
65.3 9.32684 0.213444 
65.31 9.34432 0.158185 
65.32 9.3565 0.100991 
65.33 9.36319 0.0416278 
65.34 9.36418 -0.020126 
65.35 9.35923 -0.0844811 
65.36 9.34809 -0.15164 
65.37 9.33048 -0.221799 
65.38 9.30611 -0.295151 
65.39 9.27467 -0.371884 
65.4 9.23583 -0.452181 
65.41 9.18926 -0.536217 
65.42 9.13459 -0.624152 
65.43 9.07144 -0.716119 
65.44 8.99943 -0.812209 
65.45 8.91817 -0.912447 
65.46 8.82728 -1.01676 
65.47 8.72638 -1.12494 
65.48 8.61511 -1.23659 
65.49 8.49318 -1.35107 
65.5 8.36038 -1.46744 
65.51 8.21656 -1.58438 
65.52 8.06177 -1.70016 
65.53 7.89621 -1.81262 
65.54 7.72031 -1.91911 
65.55 7.53478 -2.01667 
65.56 7.3406 -2.10206 
65.57 7.13907 -2.17203 
65.58 6.9318 -2.22356 
65.59 6.72065 -2.25414 
65.6 6.50768 -2.26211 
65.61 6.29505 -2.24675 
65.62 6.08496 -2.2085 
65.63 5.87951 -2.14881 
65.64 5.6806 -2.07002 
65.65 5.48991 -1.97508 
65.66 5.30879 -1.86726 
65.67 5.13833 -1.74982 
65.68 4.97926 -1.62584 
65.69 4.83208 -1.49799 
65.7 4.69704 -1.36846 
65.71 4.57423 -1.23893 
65.72 4.46357 -1.1106 
65.73 4.36492 -0.984246 
65.74 4.27807 -0.860255 
65.75 4.20279 -0.738731 
65.76 4.13885 -0.61955 
65.77 4.08605 -0.502422 
65.78 4.0442 -0.386944 
65.79 4.01317 -0.272641 
65.8 3.99288 -0.159003 
65.81 3.98329 -0.0455113 
65.82 3.98441 0.0683383 
65.83 3.99629 0.183015 
65.84 4.01903 0.298933 
65.85 4.05277 0.416435 
65.86 4.09767 0.535767 
65.87 4.1539 0.657051 
65.88 4.22165 0.780261 
65.89 4.3011 0.90518 
65.9 4.39238 1.03137 
65.91 4.49558 1.15811 
65.92 4.61071 1.28438 
65.93 4.73767 1.40882 
65.94 4.8762 1.52971 
65.95 5.02587 1.64498 
65.96 5.18605 1.75229 
65.97 5.35586 1.84908 
65.98 5.5342 1.93278 
65.99 5.7197 2.00096 
66 5.91082 2.05155 
66.01 6.10581 2.08309 
66.02 6.30284 2.09485 
66.03 6.50005 2.08697 
66.04 6.69562 2.06046 
66.05 6.88787 2.01709 
66.06 7.07534 1.9592 
66.07 7.25676 1.88955 
66.08 7.43118 1.81101 
66.09 7.59789 1.7264 
66.1 7.75643 1.63831 
66.11 7.9066 1.54897 
66.12 8.04836 1.46022 
66.13 8.18184 1.37348 
66.14 8.30727 1.28978 
66.15 8.42499 1.20978 
66.16 8.53536 1.13385 
66.17 8.63876 1.06212 
66.18 8.7356 0.994525 
66.19 8.82625 0.930845 
66.2 8.91108 0.870771 
66.21 8.99039 0.813921 
66.22 9.06449 0.759875 
66.23 9.1336 0.708195 
66.24 9.19794 0.658437 
66.25 9.25766 0.610169 
66.26 9.31288 0.562978 
66.27 9.36369 0.516471 
66.28 9.41014 0.470288 
66.29 9.45224 0.424095 
66.3 9.48998 0.377591 
66.31 9.5233 0.330505 
66.32 9.55215 0.282594 
66.33 9.57645 0.233647 
66.34 9.59607 0.183474 
66.35 9.6109 0.131911 
66.36 9.6208 0.0788135 
66.37 9.62563 0.0240526 
66.38 9.62521 -0.032488 
66.39 9.61938 -0.0909158 
66.4 9.60795 -0.151334 
66.41 9.59073 -0.213844 
66.42 9.56752 -0.278552 
66.43 9.5381 -0.345568 
66.44 9.50226 -0.415011 
66.45 9.45976 -0.487008 
66.46 9.41035 -0.561695 
66.47 9.35377 -0.639209 
66.48 9.28975 -0.719685 
66.49 9.21801 -0.803245 
66.5 9.13824 -0.889977 
66.51 9.05015 -0.97992 
66.52 8.95344 -1.07303 
66.53 8.84781 -1.16914 
66.54 8.733 -1.26791 
66.55 8.60878 -1.36882 
66.56 8.47498 -1.47102 
66.57 8.33153 -1.57338 
66.58 8.17849 -1.67436 
66.59 8.01608 -1.77204 
66.6 7.84471 -1.86408 
66.61 7.66503 -1.94779 
66.62 7.47798 -2.02023 
66.63 7.28475 -2.07839 
66.64 7.08683 -2.11939 
66.65 6.88595 -2.14075 
66.66 6.68407 -2.14062 
66.67 6.48325 -2.11798 
66.68 6.28564 -2.0728 
66.69 6.09331 -2.00595 
66.7 5.90825 -1.91916 
66.71 5.73221 -1.81482 
66.72 5.56673 -1.69569 
66.73 5.41305 -1.56468 
66.74 5.27218 -1.42461 
66.75 5.14483 -1.27805 
66.76 5.03151 -1.12722 
66.77 4.93253 -0.9739 
66.78 4.84807 -0.819488 
66.79 4.77816 -0.664992 
66.8 4.7228 -0.511101 
66.81 4.68189 -0.358247 
66.82 4.65532 -0.206673 
66.83 4.64298 -0.0565041 
66.84 4.64471 0.0921967 
66.85 4.66039 0.239366 
66.86 4.68986 0.384889 
66.87 4.73296 0.528549 
66.88 4.78949 0.669984 
66.89 4.85923 0.808647 
66.9 4.94187 0.943775 
66.91 5.03704 1.07437 
66.92 5.14426 1.19919 
66.93 5.2629 1.31677 
66.94 5.39222 1.42546 
66.95 5.5313 1.52352 
66.96 5.67904 1.60918 
66.97 5.8342 1.6808 
66.98 5.99539 1.737 
66.99 6.16111 1.77679 
67 6.32978 1.7997 
67.01 6.49981 1.8058 
67.02 6.66965 1.79577 
67.03 6.83782 1.77083 
67.04 7.003 1.73262 
67.05 7.16403 1.68312 
67.06 7.31994 1.62447 
67.07 7.46998 1.55882 
67.08 7.61357 1.48824 
67.09 7.75035 1.41459 
67.1 7.88011 1.33947 
67.11 8.00277 1.2642 
67.12 8.11837 1.18979 
67.13 8.22702 1.117 
67.14 8.32891 1.04629 
67.15 8.42424 0.977953 
67.16 8.51324 0.912063 
67.17 8.59614 0.848565 
67.18 8.67317 0.787286 
67.19 8.74451 0.727968 
67.2 8.81034 0.670295 
67.21 8.8708 0.613909 
67.22 8.92599 0.558432 
67.23 8.97598 0.50347 
67.24 9.02079 0.448632 
67.25 9.06043 0.39353 
67.26 9.09485 0.337788 
67.27 9.12397 0.281043 
67.28 9.14768 0.222947 
67.29 9.16584 0.163169 
67.3 9.17828 0.101394 
67.31 9.18479 0.0373217 
67.32 9.18514 -0.0293338 
67.33 9.17908 -0.098845 
67.34 9.16632 -0.171472 
67.35 9.14656 -0.247465 
67.36 9.11948 -0.327058 
67.37 9.08472 -0.410472 
67.38 9.04191 -0.497909 
67.39 8.99066 -0.589539 
67.4 8.93058 -0.685493 
67.41 8.86126 -0.785842 
67.42 8.78227 -0.890569 
67.43 8.69321 -0.99954 
67.44 8.59369 -1.11246 
67.45 8.48337 -1.22882 
67.46 8.36195 -1.34784 
67.47 8.22924 -1.46843 
67.48 8.08514 -1.58908 
67.49 7.92975 -1.70788 
67.5 7.76334 -1.82249 
67.51 7.58644 -1.93014 
67.52 7.39984 -2.02777 
67.53 7.20465 -2.11218 
67.54 7.00224 -2.18024 
67.55 6.79431 -2.22918 
67.56 6.58275 -2.25691 
67.57 6.36964 -2.26221 
67.58 6.1571 -2.24491 
67.59 5.94722 -2.20594 
67.6 5.74197 -2.14719 
67.61 5.54308 -2.07134 
67.62 5.35203 -1.98155 
67.63 5.16998 -1.88114 
67.64 4.99775 -1.77338 
67.65 4.83592 -1.6612 
67.66 4.68477 -1.54712 
67.67 4.54438 -1.43315 
67.68 4.41467 -1.32082 
67.69 4.29542 -1.21115 
67.7 4.18636 -1.10477 
67.71 4.08716 -1.00196 
67.72 3.99748 -0.902752 
67.73 3.91699 -0.806939 
67.74 3.84539 -0.714188 
67.75 3.78239 -0.624057 
67.76 3.72779 -0.536045 
67.77 3.6814 -0.449614 
67.78 3.64311 -0.364214 
67.79 3.61283 -0.279298 
67.8 3.59056 -0.194332 
67.81 3.57632 -0.108803 
67.82 3.57018 -0.0222193 
67.83 3.57227 0.0658791 
67.84 3.58275 0.155925 
67.85 3.60182 0.248317 
67.86 3.62972 0.34342 
67.87 3.66672 0.441553 
67.88 3.71313 0.542984 
67.89 3.76925 0.647917 
67.9 3.83543 0.756466 
67.91 3.91201 0.868632 
67.92 3.99933 0.98427 
67.93 4.09769 1.10304 
67.94 4.20737 1.22437 
67.95 4.32856 1.34737 
67.96 4.46138 1.47082 
67.97 4.60579 1.5931 
67.98 4.76159 1.71216 
67.99 4.92836 1.82557 
68 5.10544 1.93052 
68.01 5.29189 2.024 
68.02 5.48649 2.10295 
68.03 5.68773 2.16453 
68.04 5.89385 2.20639 
68.05 6.10292 2.2269 
68.06 6.31288 2.22539 
68.07 6.52167 2.2022 
68.08 6.7273 2.15872 
68.09 6.92796 2.09715 
68.1 7.12207 2.02035 
68.11 7.30834 1.9315 
68.12 7.4858 1.83384 
68.13 7.65376 1.73045 
68.14 7.81181 1.62404 
68.15 7.95978 1.51688 
68.16 8.09769 1.41075 
68.17 8.22569 1.30696 
68.18 8.34405 1.20637 
68.19 8.45311 1.10947 
68.2 8.55321 1.01645 
68.21 8.64472 0.927261 
68.22 8.72801 0.841672 
68.23 8.80338 0.759326 
68.24 8.87112 0.67978 
68.25 8.93148 0.602542 
68.26 8.98465 0.527096 
68.27 9.03077 0.452917 
68.28 9.06995 0.379488 
68.29 9.10221 0.30631 
68.3 9.12758 0.232903 
68.31 9.146 0.158814 
68.32 9.15739 0.0836126 
68.33 9.16162 0.00689666 
68.34 9.15854 -0.0717139 
68.35 9.14795 -0.152576 
68.36 9.12962 -0.236023 
68.37 9.10329 -0.322367 
68.38 9.06868 -0.411895 
68.39 9.02547 -0.504864 
68.4 8.97334 -0.601491 
68.41 8.91192 -0.701943 
68.42 8.84085 -0.806315 
68.43 8.75976 -0.9146 
68.44 8.66829 -1.02666 
68.45 8.5661 -1.14218 
68.46 8.45287 -1.2606 
68.47 8.32839 -1.3811 
68.48 8.1925 -1.50248 
68.49 8.04519 -1.62314 
68.5 7.88663 -1.74108 
68.51 7.71717 -1.85384 
68.52 7.53745 -1.95856 
68.53 7.34836 -2.05215 
68.54 7.1511 -2.1314 
68.55 6.94717 -2.19329 
68.56 6.73834 -2.23523 
68.57 6.52657 -2.25536 
68.58 6.31397 -2.25276 
68.59 6.10269 -2.2276 
68.6 5.89481 -2.1811 
68.61 5.69223 -2.1154 
68.62 5.49665 -2.03333 
68.63 5.30945 -1.93811 
68.64 5.13171 -1.83306 
68.65 4.96421 -1.72133 
68.66 4.80745 -1.60575 
68.67 4.66167 -1.48866 
68.68 4.52693 -1.37192 
68.69 4.40311 -1.25688 
68.7 4.29002 -1.14443 
68.71 4.18739 -1.0351 
68.72 4.09491 -0.929074 
68.73 4.01226 -0.826289 
68.74 3.93916 -0.726504 
68.75 3.87534 -0.629341 
68.76 3.82057 -0.534334 
68.77 3.77467 -0.440962 
68.78 3.73752 -0.348679 
68.79 3.70903 -0.25693 
68.8 3.68919 -0.165165 
68.81 3.67801 -0.0728535 
68.82 3.67558 0.0205117 
68.83 3.68202 0.115408 
68.84 3.69748 0.212277 
68.85 3.72219 0.311518 
68.86 3.75637 0.413482 
68.87 3.8003 0.518457 
68.88 3.85427 0.626654 
68.89 3.91859 0.738188 
68.9 3.99358 0.853046 
68.91 4.07955 0.971052 
68.92 4.17676 1.09183 
68.93 4.28547 1.21474 
68.94 4.40582 1.33885 
68.95 4.53787 1.46287 
68.96 4.68153 1.58511 
68.97 4.83655 1.7035 
68.98 5.00245 1.81555 
68.99 5.1785 1.9185 
69 5.36371 2.0094 
69.01 5.55679 2.08536 
69.02 5.75622 2.14371 
69.03 5.96024 2.18236 
69.04 6.1669 2.19995 
69.05 6.37421 2.19608 
69.06 6.58016 2.17134 
69.07 6.78285 2.12728 
69.08 6.98056 2.06622 
69.09 7.17183 1.99103 
69.1 7.35546 1.90487 
69.11 7.53058 1.81087 
69.12 7.69658 1.71199 
69.13 7.85314 1.61082 
69.14 8.00013 1.5095 
69.15 8.13764 1.40969 
69.16 8.26586 1.31261 
69.17 8.38508 1.21906 
69.18 8.49568 1.12948 
69.19 8.59802 1.04403 
69.2 8.6925 0.962642 
69.21 8.7795 0.885088 
69.22 8.85935 0.811016 
69.23 8.93237 0.74 
69.24 8.99881 0.671566 
69.25 9.05892 0.605219 
69.26 9.11284 0.540462 
69.27 9.16072 0.476807 
69.28 9.20264 0.413784 
69.29 9.23863 0.350948 
69.3 9.26868 0.287879 
69.31 9.29277 0.224188 
69.32 9.31082 0.15951 
69.33 9.32271 0.0935092 
69.34 9.3283 0.0258696 
69.35 9.32744 -0.0437025 
69.36 9.31992 -0.115484 
69.37 9.30552 -0.189737 
69.38 9.28399 -0.266713 
69.39 9.25508 -0.346651 
69.4 9.21849 -0.42978 
69.41 9.17391 -0.516314 
69.42 9.121 -0.606447 
69.43 9.05943 -0.700342 
69.44 8.98883 -0.798118 
69.45 8.90883 -0.899821 
69.46 8.81906 -1.0054 
69.47 8.71918 -1.11467 
69.48 8.60883 -1.22724 
69.49 8.48775 -1.3425 
69.5 8.35572 -1.45951 
69.51 8.21263 -1.57698 
69.52 8.05851 -1.6932 
69.53 7.89359 -1.80601 
69.54 7.7183 -1.9128 
69.55 7.53335 -2.01061 
69.56 7.33973 -2.09624 
69.57 7.13874 -2.16645 
69.58 6.93199 -2.21823 
69.59 6.72132 -2.24909 
69.6 6.50881 -2.25737 
69.61 6.29662 -2.24236 
69.62 6.08692 -2.20447 
69.63 5.88183 -2.14515 
69.64 5.68325 -2.06673 
69.65 5.49285 -1.97214 
69.66 5.312 -1.86463 
69.67 5.14177 -1.74747 
69.68 4.98291 -1.62371 
69.69 4.83592 -1.49602 
69.7 4.70107 -1.36659 
69.71 4.57842 -1.23712 
69.72 4.46794 -1.1088 
69.73 4.36946 -0.982409 
69.74 4.28279 -0.858341 
69.75 4.20769 -0.736704 
69.76 4.14395 -0.61738 
69.77 4.09136 -0.500082 
69.78 4.04974 -0.384411 
69.79 4.01896 -0.269896 
69.8 3.99894 -0.15603 
69.81 3.98964 -0.0422974 
69.82 3.99107 0.071802 
69.83 4.00329 0.186734 
69.84 4.0264 0.302908 
69.85 4.06053 0.420661 
69.86 4.10583 0.540231 
69.87 4.16249 0.661735 
69.88 4.2307 0.785133 
69.89 4.31061 0.910197 
69.9 4.40237 1.03647 
69.91 4.50605 1.16322 
69.92 4.62166 1.28941 
69.93 4.74908 1.41365 
69.94 4.88805 1.53421 
69.95 5.03813 1.649 
69.96 5.19866 1.75568 
69.97 5.36875 1.85169 
69.98 5.54729 1.93447 
69.99 5.73291 2.0016 
70 5.92403 2.05108 
70.01 6.11893 2.08147 
70.02 6.31575 2.09211 
70.03 6.51265 2.0832 
70.04 6.70782 2.05578 
70.05 6.8996 2.01166 
70.06 7.08652 1.95322 
70.07 7.26737 1.88321 
70.08 7.44118 1.80451 
70.09 7.60727 1.71991 
70.1 7.76521 1.63197 
70.11 7.91479 1.54291 
70.12 8.056 1.45453 
70.13 8.18896 1.36823 
70.14 8.31392 1.28501 
70.15 8.43122 1.20553 
70.16 8.5412 1.13012 
70.17 8.64428 1.05892 
70.18 8.74084 0.991832 
70.19 8.83127 0.928654 
70.2 8.91591 0.869065 
70.21 8.99508 0.812684 
70.22 9.06908 0.75909 
70.23 9.13814 0.707844 
70.24 9.20247 0.658506 
70.25 9.26221 0.610645 
70.26 9.3175 0.56385 
70.27 9.36841 0.517731 
70.28 9.415 0.47193 
70.29 9.45727 0.426117 
70.3 9.49521 0.379991 
70.31 9.52878 0.333286 
70.32 9.55792 0.285761 
70.33 9.58252 0.237207 
70.34 9.6025 0.187438 
70.35 9.61773 0.136293 
70.36 9.62806 0.0836296 
70.37 9.63336 0.0293228 
70.38 9.63346 -0.02674 
70.39 9.6282 -0.0846627 
70.4 9.61738 -0.144544 
70.41 9.60083 -0.206482 
70.42 9.57834 -0.270578 
70.43 9.54971 -0.336939 
70.44 9.51471 -0.405678 
70.45 9.47313 -0.476919 
70.46 9.4247 -0.550795 
70.47 9.36919 -0.627441 
70.48 9.30633 -0.706994 
70.49 9.23582 -0.789576 
70.5 9.15739 -0.875285 
70.51 9.07074 -0.964169 
70.52 8.97556 -1.0562 
70.53 8.87157 -1.15125 
70.54 8.75849 -1.24901 
70.55 8.6361 -1.34899 
70.56 8.50421 -1.45042 
70.57 8.36273 -1.55224 
70.58 8.21169 -1.653 
70.59 8.05129 -1.75086 
70.6 7.88188 -1.84356 
70.61 7.70409 -1.9285 
70.62 7.51877 -2.00279 
70.63 7.32707 -2.06342 
70.64 7.13042 -2.10749 
70.65 6.9305 -2.13243 
70.66 6.72922 -2.13625 
70.67 6.52862 -2.11777 
70.68 6.33083 -2.07673 
70.69 6.13795 -2.01382 
70.7 5.95197 -1.93059 
70.71 5.77471 -1.82931 
70.72 5.60773 -1.71265 
70.73 5.45237 -1.5835 
70.74 5.30966 -1.4447 
70.75 5.18038 -1.29887 
70.76 5.06508 -1.14829 
70.77 4.96412 -0.994842 
70.78 4.8777 -0.840004 
70.79 4.80589 -0.684864 
70.8 4.74869 -0.530182 
70.81 4.70602 -0.376452 
70.82 4.67778 -0.22397 
70.83 4.66385 -0.0728977 
70.84 4.66408 0.0766681 
70.85 4.67834 0.224641 
70.86 4.70645 0.370889 
70.87 4.74826 0.515185 
70.88 4.80356 0.657161 
70.89 4.87211 0.796269 
70.9 4.95361 0.93175 
70.91 5.04766 1.06261 
70.92 5.15377 1.18763 
70.93 5.27134 1.30535 
70.94 5.39959 1.41415 
70.95 5.5376 1.5123 
70.96 5.68429 1.59806 
70.97 5.83841 1.66981 
70.98 5.99857 1.7262 
70.99 6.16328 1.76626 
71 6.33098 1.78949 
71.01 6.50006 1.796 
71.02 6.669 1.78644 
71.03 6.83632 1.76201 
71.04 7.00069 1.72435 
71.05 7.16097 1.67541 
71.06 7.31618 1.61729 
71.07 7.46556 1.55214 
71.08 7.60854 1.482 
71.09 7.74476 1.40872 
71.1 7.87398 1.33389 
71.11 7.99612 1.25883 
71.12 8.11122 1.18454 
71.13 8.21938 1.11177 
71.14 8.32077 1.04101 
71.15 8.41559 0.972532 
71.16 8.50408 0.906421 
71.17 8.58643 0.842625 
71.18 8.66288 0.780974 
71.19 8.73361 0.721214 
71.2 8.79878 0.66303 
71.21 8.85853 0.606067 
71.22 8.91295 0.549946 
71.23 8.9621 0.494277 
71.24 9.00602 0.438665 
71.25 9.04468 0.382723 
71.26 9.07803 0.326073 
71.27 9.10601 0.26835 
71.28 9.12847 0.209202 
71.29 9.14528 0.148297 
71.3 9.15626 0.0853142 
71.31 9.16119 0.0199503 
71.32 9.15984 -0.0480845 
71.33 9.15195 -0.119067 
71.34 9.13721 -0.193261 
71.35 9.11532 -0.270917 
71.36 9.08595 -0.352271 
71.37 9.04872 -0.437542 
71.38 9.00327 -0.526922 
71.39 8.9492 -0.62057 
71.4 8.8861 -0.718594 
71.41 8.81355 -0.821031 
71.42 8.73115 -0.927819 
71.43 8.63848 -1.03876 
71.44 8.53519 -1.15346 
71.45 8.42093 -1.27132 
71.46 8.29545 -1.39142 
71.47 8.1586 -1.5125 
71.48 8.01035 -1.63288 
71.49 7.85088 -1.75048 
71.5 7.68056 -1.86276 
71.51 7.50002 -1.96685 
71.52 7.31018 -2.0596 
71.53 7.11227 -2.13783 
71.54 6.90779 -2.19856 
71.55 6.69851 -2.23928 
71.56 6.48641 -2.25827 
71.57 6.27358 -2.25476 
71.58 6.06214 -2.22904 
71.59 5.85413 -2.18249 
71.6 5.6514 -2.11736 
71.61 5.45557 -2.03655 
71.62 5.26797 -1.94333 
71.63 5.08962 -1.84102 
71.64 4.92121 -1.73275 
71.65 4.76318 -1.62131 
71.66 4.61571 -1.50899 
71.67 4.4788 -1.3976 
71.68 4.35229 -1.28844 
71.69 4.23593 -1.18238 
71.7 4.1294 -1.0799 
71.71 4.03236 -0.981162 
71.72 3.94444 -0.886093 
71.73 3.86533 -0.794441 
71.74 3.7947 -0.705824 
71.75 3.7323 -0.619778 
71.76 3.67791 -0.535789 
71.77 3.63136 -0.453318 
71.78 3.59254 -0.37182 
71.79 3.56136 -0.29076 
71.8 3.53783 -0.209617 
71.81 3.52197 -0.127893 
71.82 3.51385 -0.045115 
71.83 3.5136 0.0391648 
71.84 3.52138 0.125365 
71.85 3.53739 0.213876 
71.86 3.56186 0.305059 
71.87 3.59506 0.399238 
71.88 3.63729 0.496699 
71.89 3.68887 0.597674 
71.9 3.75013 0.702327 
71.91 3.82143 0.810735 
71.92 3.90312 0.922853 
71.93 3.99554 1.03848 
71.94 4.099 1.15721 
71.95 4.21378 1.27838 
71.96 4.34005 1.40102 
71.97 4.47789 1.52378 
71.98 4.62724 1.6449 
71.99 4.78784 1.76222 
72 4.95921 1.87313 
72.01 5.14062 1.97473 
72.02 5.33104 2.06391 
72.03 5.52916 2.13761 
72.04 5.73337 2.19303 
72.05 5.94186 2.22795 
72.06 6.15261 2.24097 
72.07 6.36353 2.23167 
72.08 6.57254 2.2007 
72.09 6.77767 2.1497 
72.1 6.97714 2.08112 
72.11 7.16943 1.99796 
72.12 7.35332 1.90348 
72.13 7.5279 1.80093 
72.14 7.69255 1.69331 
72.15 7.84692 1.58323 
72.16 7.99089 1.47284 
72.17 8.1245 1.36376 
72.18 8.24794 1.25717 
72.19 8.36148 1.15381 
72.2 8.46545 1.05406 
72.21 8.56019 0.958025 
72.22 8.64604 0.865575 
72.23 8.72335 0.776426 
72.24 8.79239 0.690179 
72.25 8.85342 0.606362 
72.26 8.90664 0.524458 
72.27 8.95221 0.443933 
72.28 8.99024 0.364252 
72.29 9.02078 0.284888 
72.3 9.04384 0.205332 
72.31 9.05937 0.125098 
72.32 9.06729 0.0437244 
72.33 9.06747 -0.0392246 
72.34 9.05975 -0.124158 
72.35 9.04391 -0.211456 
72.36 9.01972 -0.301473 
72.37 8.98691 -0.394528 
72.38 8.94518 -0.490903 
72.39 8.8942 -0.590829 
72.4 8.83363 -0.694477 
72.41 8.76312 -0.801929 
72.42 8.6823 -0.913155 
72.43 8.59083 -1.02797 
72.44 8.48839 -1.14601 
72.45 8.3747 -1.26663 
72.46 8.24955 -1.38891 
72.47 8.11286 -1.51154 
72.48 7.96466 -1.63284 
72.49 7.80518 -1.75067 
72.5 7.63485 -1.86248 
72.51 7.45439 -1.96539 
72.52 7.26477 -2.05631 
72.53 7.06727 -2.13212 
72.54 6.86346 -2.18998 
72.55 6.65514 -2.22757 
72.56 6.4443 -2.24333 
72.57 6.23303 -2.23671 
72.58 6.02342 -2.20821 
72.59 5.81748 -2.15936 
72.6 5.61702 -2.09251 
72.61 5.42359 -2.01061 
72.62 5.23846 -1.91691 
72.63 5.0626 -1.81468 
72.64 4.89665 -1.70697 
72.65 4.74101 -1.59646 
72.66 4.59583 -1.48535 
72.67 4.46108 -1.37534 
72.68 4.3366 -1.26767 
72.69 4.22213 -1.16313 
72.7 4.11734 -1.06214 
72.71 4.0219 -0.964837 
72.72 3.93546 -0.871114 
72.73 3.8577 -0.780704 
72.74 3.78831 -0.693218 
72.75 3.72705 -0.608188 
72.76 3.67371 -0.525099 
72.77 3.62813 -0.443418 
72.78 3.59021 -0.362604 
72.79 3.55987 -0.282127 
72.8 3.53713 -0.201474 
72.81 3.52201 -0.120152 
72.82 3.51461 -0.0376944 
72.83 3.51505 0.0463389 
72.84 3.5235 0.132362 
72.85 3.54016 0.22076 
72.86 3.56528 0.311887 
72.87 3.59912 0.406064 
72.88 3.64199 0.503569 
72.89 3.69422 0.604628 
72.9 3.75614 0.709399 
72.91 3.82812 0.817948 
72.92 3.91049 0.930219 
72.93 4.00361 1.046 
72.94 4.1078 1.16486 
72.95 4.2233 1.28612 
72.96 4.3503 1.40878 
72.97 4.48887 1.53147 
72.98 4.63893 1.6524 
72.99 4.80022 1.76936 
73 4.97225 1.87975 
73.01 5.15425 1.98063 
73.02 5.34518 2.0689 
73.03 5.54372 2.14149 
73.04 5.74824 2.19565 
73.05 5.95691 2.2292 
73.06 6.16771 2.24082 
73.07 6.37855 2.23014 
73.08 6.58735 2.19789 
73.09 6.79217 2.14578 
73.1 6.99122 2.0763 
73.11 7.18302 1.99247 
73.12 7.36638 1.89757 
73.13 7.54039 1.79482 
73.14 7.70446 1.68722 
73.15 7.85827 1.57734 
73.16 8.0017 1.46729 
73.17 8.13481 1.35867 
73.18 8.25779 1.25263 
73.19 8.37093 1.14986 
73.2 8.47455 1.05075 
73.21 8.56901 0.955377 
73.22 8.65465 0.863597 
73.23 8.7318 0.775122 
73.24 8.80075 0.689545 
73.25 8.86175 0.606392 
73.26 8.91501 0.525146 
73.27 8.96068 0.445272 
73.28 8.99886 0.366238 
73.29 9.02962 0.287518 
73.3 9.05296 0.208605 
73.31 9.06882 0.129018 
73.32 9.07714 0.0482964 
73.33 9.07779 -0.0339917 
73.34 9.07059 -0.118253 
73.35 9.05534 -0.204867 
73.36 9.0318 -0.294185 
73.37 8.99971 -0.386527 
73.38 8.95877 -0.482177 
73.39 8.90865 -0.581372 
73.4 8.849 -0.684287 
73.41 8.77948 -0.791018 
73.42 8.69973 -0.90155 
73.43 8.60939 -1.01573 
73.44 8.50812 -1.13319 
73.45 8.39566 -1.25337 
73.46 8.27178 -1.37536 
73.47 8.13637 -1.49792 
73.48 7.98945 -1.61941 
73.49 7.83121 -1.73775 
73.5 7.66206 -1.85046 
73.51 7.48268 -1.95466 
73.52 7.29399 -2.0473 
73.53 7.09725 -2.12523 
73.54 6.89397 -2.18554 
73.55 6.68594 -2.22581 
73.56 6.47514 -2.24437 
73.57 6.26364 -2.24053 
73.58 6.05355 -2.21462 
73.59 5.84689 -2.16805 
73.6 5.64552 -2.10306 
73.61 5.45103 -2.02255 
73.62 5.26473 -1.92976 
73.63 5.08763 -1.82796 
73.64 4.92043 -1.72026 
73.65 4.76355 -1.60939 
73.66 4.61718 -1.49761 
73.67 4.48131 -1.38671 
73.68 4.35581 -1.27798 
73.69 4.24042 -1.17225 
73.7 4.13483 -1.07001 
73.71 4.03871 -0.971402 
73.72 3.95172 -0.876368 
73.73 3.87352 -0.784649 
73.74 3.80382 -0.695869 
73.75 3.74237 -0.609565 
73.76 3.68896 -0.525226 
73.77 3.64343 -0.442317 
73.78 3.60566 -0.360295 
73.79 3.5756 -0.278627 
73.8 3.55324 -0.196794 
73.81 3.53863 -0.114298 
73.82 3.53183 -0.030667 
73.83 3.53299 0.0545442 
73.84 3.54226 0.141754 
73.85 3.55987 0.23135 
73.86 3.58604 0.32369 
73.87 3.62105 0.419091 
73.88 3.66521 0.51783 
73.89 3.71884 0.620123 
73.9 3.78228 0.726114 
73.91 3.85589 0.835847 
73.92 3.94 0.949237 
73.93 4.03497 1.06603 
73.94 4.14108 1.18574 
73.95 4.25858 1.30764 
73.96 4.38762 1.43063 
73.97 4.52826 1.55326 
73.98 4.68035 1.67367 
73.99 4.8436 1.78954 
74 5.01745 1.89821 
74.01 5.20108 1.99669 
74.02 5.39339 2.08189 
74.03 5.59298 2.1508 
74.04 5.79819 2.2008 
74.05 6.00714 2.22989 
74.06 6.21779 2.23694 
74.07 6.42805 2.22187 
74.08 6.63588 2.18561 
74.09 6.83937 2.13006 
74.1 7.03681 2.05786 
74.11 7.22678 1.9721 
74.12 7.40815 1.87606 
74.13 7.58011 1.77292 
74.14 7.74213 1.66558 
74.15 7.89393 1.55651 
74.16 8.03545 1.44772 
74.17 8.16679 1.3407 
74.18 8.28816 1.23648 
74.19 8.39988 1.13572 
74.2 8.50226 1.03869 
74.21 8.59568 0.945447 
74.22 8.68049 0.855809 
74.23 8.757 0.769459 
74.24 8.82552 0.685979 
74.25 8.88628 0.604886 
74.26 8.93949 0.525662 
74.27 8.98531 0.447776 
74.28 9.02382 0.370697 
74.29 9.05509 0.293911 
74.3 9.07912 0.216919 
74.31 9.09586 0.139248 
74.32 9.10523 0.0604491 
74.33 9.10711 -0.019901 
74.34 9.10133 -0.1022 
74.35 9.08769 -0.186821 
74.36 9.06595 -0.27411 
74.37 9.03585 -0.364386 
74.38 8.99709 -0.457936 
74.39 8.94936 -0.555006 
74.4 8.8923 -0.65579 
74.41 8.82556 -0.760411 
74.42 8.74879 -0.868897 
74.43 8.66162 -0.981149 
74.44 8.5637 -1.0969 
74.45 8.45473 -1.21565 
74.46 8.33445 -1.33664 
74.47 8.20272 -1.45877 
74.48 8.05948 -1.58056 
74.49 7.90485 -1.70008 
74.5 7.73916 -1.815 
74.51 7.56296 -1.92258 
74.52 7.3771 -2.01979 
74.53 7.18268 -2.10347 
74.54 6.98114 -2.17056 
74.55 6.77418 -2.2184 
74.56 6.56369 -2.24496 
74.57 6.35176 -2.24914 
74.58 6.14049 -2.23086 
74.59 5.93198 -2.19111 
74.6 5.72815 -2.13184 
74.61 5.53073 -2.05574 
74.62 5.34115 -1.96595 
74.63 5.16055 -1.86578 
74.64 4.98976 -1.75843 
74.65 4.82931 -1.64681 
74.66 4.67949 -1.53336 
74.67 4.54036 -1.42008 
74.68 4.41185 -1.30842 
74.69 4.29374 -1.19939 
74.7 4.18576 -1.0936 
74.71 4.08759 -0.99131 
74.72 3.99889 -0.892534 
74.73 3.91935 -0.797072 
74.74 3.84866 -0.704582 
74.75 3.78656 -0.614625 
74.76 3.73284 -0.5267 
74.77 3.68734 -0.440271 
74.78 3.64992 -0.354793 
74.79 3.62055 -0.26972 
74.8 3.59919 -0.184523 
74.81 3.58588 -0.0986888 
74.82 3.58071 -0.0117325 
74.83 3.58381 0.076805 
74.84 3.59534 0.167352 
74.85 3.61552 0.260305 
74.86 3.64458 0.356021 
74.87 3.6828 0.454813 
74.88 3.73048 0.556941 
74.89 3.78796 0.662593 
74.9 3.85556 0.771867 
74.91 3.93362 0.88474 
74.92 4.02249 1.00103 
74.93 4.12245 1.12037 
74.94 4.23379 1.24212 
74.95 4.35667 1.36535 
74.96 4.49119 1.48877 
74.97 4.63727 1.61068 
74.98 4.79469 1.72898 
74.99 4.96299 1.84114 
75 5.14146 1.94435 
75.01 5.32912 2.03556 
75.02 5.52468 2.11175 
75.03 5.7266 2.17017 
75.04 5.93309 2.20857 
75.05 6.1422 2.22549 
75.06 6.35186 2.22045 
75.07 6.56003 2.19398 
75.08 6.76474 2.14761 
75.09 6.96424 2.08369 
75.1 7.15699 2.00514 
75.11 7.34177 1.91516 
75.12 7.51766 1.81698 
75.13 7.68403 1.7136 
75.14 7.84052 1.60768 
75.15 7.98698 1.5014 
75.16 8.12348 1.39644 
75.17 8.2502 1.29404 
75.18 8.36741 1.19498 
75.19 8.47547 1.09972 
75.2 8.57473 1.00839 
75.21 8.66557 0.920909 
75.22 8.74833 0.837027 
75.23 8.82335 0.756371 
75.24 8.89089 0.678494 
75.25 8.95121 0.602898 
75.26 9.00449 0.529069 
75.27 9.05087 0.456487 
75.28 9.09046 0.38464 
75.29 9.12328 0.313035 
75.3 9.14936 0.241203 
75.31 9.16863 0.168698 
75.32 9.18103 0.095099 
75.33 9.18642 0.0200126 
75.34 9.18465 -0.0569325 
75.35 9.17553 -0.136085 
75.36 9.15884 -0.217773 
75.37 9.13432 -0.302302 
75.38 9.10169 -0.389959 
75.39 9.06064 -0.481001 
75.4 9.01084 -0.575656 
75.41 8.95195 -0.674104 
75.42 8.8836 -0.776466 
75.43 8.80542 -0.882773 
75.44 8.71704 -0.99294 
75.45 8.61811 -1.10672 
75.46 8.5083 -1.22366 
75.47 8.38736 -1.34304 
75.48 8.25508 -1.4638 
75.49 8.11143 -1.58452 
75.5 7.95647 -1.70333 
75.51 7.79049 -1.81793 
75.52 7.61402 -1.92561 
75.53 7.42785 -2.02332 
75.54 7.23307 -2.10788 
75.55 7.03107 -2.17612 
75.56 6.82351 -2.22526 
75.57 6.61232 -2.25311 
75.58 6.39957 -2.25837 
75.59 6.1874 -2.24078 
75.6 5.97795 -2.20115 
75.61 5.77319 -2.14132 
75.62 5.57494 -2.06389 
75.63 5.38469 -1.97196 
75.64 5.20366 -1.86885 
75.65 5.03275 -1.75781 
75.66 4.87256 -1.6418 
75.67 4.72344 -1.52336 
75.68 4.58552 -1.40453 
75.69 4.45875 -1.28685 
75.7 4.34298 -1.17136 
75.71 4.23796 -1.05873 
75.72 4.14341 -0.94924 
75.73 4.05904 -0.842925 
75.74 3.98453 -0.739598 
75.75 3.91964 -0.638922 
75.76 3.86413 -0.540455 
75.77 3.81782 -0.443693 
75.78 3.78056 -0.348093 
75.79 3.75229 -0.253099 
75.8 3.73295 -0.158159 
75.81 3.72258 -0.0627338 
75.82 3.72125 0.0336898 
75.83 3.72907 0.131595 
75.84 3.74621 0.231425 
75.85 3.77285 0.333578 
75.86 3.80925 0.438396 
75.87 3.85566 0.546148 
75.88 3.91237 0.657017 
75.89 3.97967 0.771073 
75.9 4.05787 0.888243 
75.91 4.14725 1.00827 
75.92 4.24805 1.13067 
75.93 4.36047 1.25469 
75.94 4.48461 1.37925 
75.95 4.62046 1.50288 
75.96 4.76784 1.62375 
75.97 4.9264 1.73962 
75.98 5.09553 1.8479 
75.99 5.2744 1.94577 
76 5.46189 2.03033 
76.01 5.6566 2.09881 
76.02 5.85691 2.14881 
76.03 6.06099 2.17861 
76.04 6.26688 2.18727 
76.05 6.47259 2.17488 
76.06 6.67617 2.14244 
76.07 6.87582 2.09188 
76.08 7.06994 2.02575 
76.09 7.25722 1.94705 
76.1 7.4366 1.85892 
76.11 7.60735 1.76441 
76.12 7.769 1.66629 
76.13 7.92133 1.56695 
76.14 8.06431 1.46829 
76.15 8.19808 1.37178 
76.16 8.3229 1.27844 
76.17 8.4391 1.1889 
76.18 8.54704 1.1035 
76.19 8.64714 1.02228 
76.2 8.73977 0.945126 
76.21 8.82531 0.871746 
76.22 8.9041 0.801766 
76.23 8.97643 0.734748 
76.24 9.04257 0.670216 
76.25 9.10273 0.607681 
76.26 9.15706 0.546659 
76.27 9.2057 0.486678 
76.28 9.24872 0.427288 
76.29 9.28615 0.368066 
76.3 9.31799 0.308617 
76.31 9.3442 0.248573 
76.32 9.36472 0.187596 
76.33 9.37943 0.125376 
76.34 9.38822 0.0616231 
76.35 9.39091 -0.00393003 
76.36 9.38733 -0.0715341 
76.37 9.37728 -0.141426 
76.38 9.36052 -0.213832 
76.39 9.33682 -0.288972 
76.4 9.3059 -0.367056 
76.41 9.26747 -0.448291 
76.42 9.22124 -0.532872 
76.43 9.16687 -0.620981 
76.44 9.10403 -0.712773 
76.45 9.03236 -0.808364 
76.46 8.95151 -0.907806 
76.47 8.8611 -1.01106 
76.48 8.76079 -1.11796 
76.49 8.65026 -1.22816 
76.5 8.5292 -1.34108 
76.51 8.39741 -1.45583 
76.52 8.25477 -1.5712 
76.53 8.1013 -1.68552 
76.54 7.93718 -1.79672 
76.55 7.76283 -1.90228 
76.56 7.57891 -1.99926 
76.57 7.38639 -2.08452 
76.58 7.18651 -2.1548 
76.59 6.98084 -2.20704 
76.6 6.7712 -2.23868 
76.61 6.55962 -2.24787 
76.62 6.34828 -2.23375 
76.63 6.13937 -2.19653 
76.64 5.93501 -2.13748 
76.65 5.73717 -2.05876 
76.66 5.54756 -1.96319 
76.67 5.36763 -1.85394 
76.68 5.19852 -1.73426 
76.69 5.04106 -1.60721 
76.7 4.89581 -1.4755 
76.71 4.7631 -1.34139 
76.72 4.64308 -1.20662 
76.73 4.53574 -1.07246 
76.74 4.44098 -0.939757 
76.75 4.35864 -0.808962 
76.76 4.28854 -0.680238 
76.77 4.23046 -0.553515 
76.78 4.18425 -0.428551 
76.79 4.14974 -0.304992 
76.8 4.12682 -0.182412 
76.81 4.11543 -0.0603552 
76.82 4.11554 0.0616334 
76.83 4.12715 0.183979 
76.84 4.15033 0.307052 
76.85 4.18515 0.431139 
76.86 4.23172 0.556417 
76.87 4.29015 0.682923 
76.88 4.36055 0.810517 
76.89 4.44302 0.938848 
76.9 4.53759 1.06731 
76.91 4.64423 1.19502 
76.92 4.76283 1.32076 
76.93 4.89313 1.44298 
76.94 5.0347 1.55981 
76.95 5.18694 1.6691 
76.96 5.34904 1.76849 
76.97 5.51993 1.85557 
76.98 5.69836 1.928 
76.99 5.88284 1.98377 
77 6.07172 2.02137 
77.01 6.26325 2.03995 
77.02 6.45563 2.03944 
77.03 6.64709 2.0206 
77.04 6.83595 1.98492 
77.05 7.02074 1.9345 
77.06 7.20018 1.87186 
77.07 7.37324 1.79972 
77.08 7.53916 1.7208 
77.09 7.69742 1.63764 
77.1 7.84773 1.55251 
77.11 7.99 1.46729 
77.12 8.12429 1.38349 
77.13 8.25079 1.30224 
77.14 8.36978 1.22429 
77.15 8.4816 1.15013 
77.16 8.58661 1.07996 
77.17 8.68521 1.0138 
77.18 8.77774 0.9515 
77.19 8.86458 0.892802 
77.2 8.94604 0.837371 
77.21 9.02241 0.78482 
77.22 9.09395 0.734736 
77.23 9.16087 0.686695 
77.24 9.22334 0.640275 
77.25 9.28149 0.595068 
77.26 9.33543 0.550687 
77.27 9.38521 0.506766 
77.28 9.43086 0.46297 
77.29 9.47237 0.418992 
77.3 9.50972 0.374554 
77.31 9.54285 0.329406 
77.32 9.57169 0.283331 
77.33 9.59613 0.236133 
77.34 9.61607 0.187645 
77.35 9.63137 0.137719 
77.36 9.6419 0.0862275 
77.37 9.6475 0.0330587 
77.38 9.648 -0.0218875 
77.39 9.64324 -0.0787032 
77.4 9.63304 -0.137476 
77.41 9.61721 -0.198292 
77.42 9.59555 -0.261243 
77.43 9.56785 -0.326424 
77.44 9.5339 -0.393941 
77.45 9.49348 -0.463909 
77.46 9.44635 -0.536452 
77.47 9.39226 -0.611702 
77.48 9.33094 -0.689791 
77.49 9.26213 -0.770845 
77.5 9.18554 -0.854968 
77.51 9.10088 -0.942223 
77.52 9.00785 -1.03261 
77.53 8.90616 -1.12601 
77.54 8.79553 -1.2222 
77.55 8.67573 -1.32074 
77.56 8.54656 -1.42094 
77.57 8.40791 -1.52185 
77.58 8.25977 -1.62212 
77.59 8.10227 -1.72004 
77.6 7.93574 -1.8135 
77.61 7.76072 -1.89999 
77.62 7.57798 -1.97672 
77.63 7.38858 -2.04073 
77.64 7.19388 -2.08907 
77.65 6.99546 -2.11906 
77.66 6.79517 -2.12854 
77.67 6.59502 -2.11607 
77.68 6.39711 -2.0811 
77.69 6.20353 -2.02405 
77.7 6.01633 -1.94621 
77.71 5.83737 -1.84961 
77.72 5.6683 -1.73681 
77.73 5.51051 -1.61063 
77.74 5.36513 -1.47393 
77.75 5.23303 -1.32939 
77.76 5.11482 -1.17939 
77.77 5.01093 -1.02593 
77.78 4.9216 -0.870616 
77.79 4.84694 -0.714648 
77.8 4.78698 -0.5589 
77.81 4.74166 -0.403959 
77.82 4.71089 -0.250196 
77.83 4.69455 -0.097838 
77.84 4.69249 0.0529704 
77.85 4.70456 0.202106 
77.86 4.73061 0.349412 
77.87 4.77044 0.494643 
77.88 4.82384 0.637422 
77.89 4.89056 0.777201 
77.9 4.97029 0.913226 
77.91 5.06261 1.04452 
77.92 5.16704 1.16987 
77.93 5.28294 1.28785 
77.94 5.40955 1.39688 
77.95 5.54595 1.49524 
77.96 5.69104 1.58124 
77.97 5.84359 1.6533 
77.98 6.00221 1.71007 
77.99 6.16543 1.75061 
78 6.33167 1.77444 
78.01 6.49938 1.78164 
78.02 6.66699 1.77286 
78.03 6.83307 1.74927 
78.04 6.99628 1.71248 
78.05 7.15548 1.6644 
78.06 7.30969 1.6071 
78.07 7.45815 1.54271 
78.08 7.60028 1.47323 
78.09 7.73569 1.4005 
78.1 7.86416 1.32609 
78.11 7.98558 1.25131 
78.12 8.09998 1.17717 
78.13 8.20744 1.10442 
78.14 8.30814 1.03355 
78.15 8.40225 0.96483 
78.16 8.48999 0.898361 
78.17 8.57157 0.834093 
78.18 8.64719 0.771862 
78.19 8.71702 0.711417 
78.2 8.78124 0.652449 
78.21 8.83994 0.594606 
78.22 8.89324 0.537508 
78.23 8.94117 0.480766 
78.24 8.98376 0.423988 
78.25 9.02098 0.366782 
78.26 9.05277 0.308768 
78.27 9.07904 0.249579 
78.28 9.09966 0.18886 
78.29 9.11448 0.126272 
78.3 9.1233 0.0614906 
78.31 9.1259 -0.0057936 
78.32 9.12202 -0.0758755 
78.33 9.11141 -0.149036 
78.34 9.09374 -0.225544 
78.35 9.06869 -0.305649 
78.36 9.03592 -0.389586 
78.37 8.99505 -0.477564 
78.38 8.9457 -0.569763 
78.39 8.88745 -0.666313 
78.4 8.8199 -0.767284 
78.41 8.74263 -0.872654 
78.42 8.65522 -0.982279 
78.43 8.5573 -1.09585 
78.44 8.44851 -1.21285 
78.45 8.32857 -1.33248 
78.46 8.19727 -1.45363 
78.47 8.05454 -1.57478 
78.48 7.90047 -1.69403 
78.49 7.73535 -1.80902 
78.5 7.55969 -1.91701 
78.51 7.37432 -2.01497 
78.52 7.18031 -2.09974 
78.53 6.97905 -2.16825 
78.54 6.77222 -2.21781 
78.55 6.56169 -2.24639 
78.56 6.34952 -2.25284 
78.57 6.13779 -2.23705 
78.58 5.92856 -2.19998 
78.59 5.72376 -2.14356 
78.6 5.52509 -2.07046 
78.61 5.33398 -1.98381 
78.62 5.15154 -1.88695 
78.63 4.97859 -1.78308 
78.64 4.81564 -1.67513 
78.65 4.66296 -1.5656 
78.66 4.5206 -1.4565 
78.67 4.38845 -1.34932 
78.68 4.26626 -1.2451 
78.69 4.15373 -1.14448 
78.7 4.0505 -1.04775 
78.71 3.95621 -0.954919 
78.72 3.87049 -0.865824 
78.73 3.793 -0.780135 
78.74 3.72345 -0.697425 
78.75 3.66156 -0.617207 
78.76 3.60714 -0.53896 
78.77 3.56003 -0.46215 
78.78 3.5201 -0.386246 
78.79 3.48731 -0.310734 
78.8 3.46163 -0.235116 
78.81 3.44311 -0.158921 
78.82 3.4318 -0.0817035 
78.83 3.42784 -0.00304343 
78.84 3.43138 0.0774542 
78.85 3.4426 0.16016 
78.86 3.46173 0.245419 
78.87 3.48902 0.333554 
78.88 3.52477 0.424858 
78.89 3.56928 0.519589 
78.9 3.62289 0.617963 
78.91 3.68594 0.720138 
78.92 3.75881 0.82619 
78.93 3.84184 0.936087 
78.94 3.93541 1.04965 
78.95 4.03984 1.1665 
78.96 4.15541 1.28603 
78.97 4.28233 1.40731 
78.98 4.42071 1.52905 
78.99 4.57052 1.64955 
79 4.73154 1.76668 
79.01 4.90334 1.87787 
79.02 5.08522 1.9802 
79.03 5.27621 2.07055 
79.04 5.47501 2.14574 
79.05 5.68007 2.20286 
79.06 5.88956 2.2395 
79.07 6.10147 2.25405 
79.08 6.31368 2.24589 
79.09 6.52406 2.21549 
79.1 6.73058 2.16433 
79.11 6.93138 2.09476 
79.12 7.12488 2.00975 
79.13 7.30976 1.91256 
79.14 7.48503 1.80648 
79.15 7.65001 1.6946 
79.16 7.80427 1.57961 
79.17 7.94764 1.46373 
79.18 8.08012 1.34867 
79.19 8.20183 1.23566 
79.2 8.31303 1.1255 
79.21 8.41399 1.0186 
79.22 8.50503 0.915083 
79.23 8.58648 0.81484 
79.24 8.65862 0.717589 
79.25 8.72172 0.622927 
79.26 8.776 0.530374 
79.27 8.82164 0.439404 
79.28 8.85876 0.349467 
79.29 8.88743 0.260011 
79.3 8.90767 0.170492 
79.31 8.91945 0.0803859 
79.32 8.9227 -0.0108088 
79.33 8.91727 -0.103564 
79.34 8.90302 -0.198317 
79.35 8.87973 -0.295467 
79.36 8.84716 -0.395369 
79.37 8.80503 -0.498321 
79.38 8.75305 -0.604553 
79.39 8.6909 -0.714204 
79.4 8.61826 -0.827303 
79.41 8.5348 -0.943726 
79.42 8.44022 -1.06316 
79.43 8.33427 -1.18507 
79.44 8.21675 -1.30861 
79.45 8.08755 -1.43261 
79.46 7.94671 -1.55551 
79.47 7.79442 -1.67535 
79.48 7.63107 -1.78974 
79.49 7.45731 -1.896 
79.5 7.27403 -1.99119 
79.51 7.08242 -2.07231 
79.52 6.88395 -2.13658 
79.53 6.68031 -2.18165 
79.54 6.4734 -2.20586 
79.55 6.26522 -2.20846 
79.56 6.05782 -2.18972 
79.57 5.85314 -2.15088 
79.58 5.653 -2.09404 
79.59 5.45896 -2.02196 
79.6 5.27231 -1.93774 
79.61 5.09405 -1.84457 
79.62 4.92487 -1.74552 
79.63 4.76519 -1.64332 
79.64 4.61521 -1.54028 
79.65 4.47491 -1.43822 
79.66 4.34412 -1.33851 
79.67 4.22259 -1.24206 
79.68 4.10997 -1.14944 
79.69 4.00589 -1.06086 
79.7 3.90997 -0.976333 
79.71 3.82183 -0.895662 
79.72 3.74113 -0.818522 
79.73 3.66755 -0.7445 
79.74 3.60082 -0.673127 
79.75 3.5407 -0.603905 
79.76 3.48703 -0.53633 
79.77 3.43967 -0.469902 
79.78 3.39854 -0.404136 
79.79 3.36359 -0.338573 
79.8 3.33482 -0.272776 
79.81 3.31229 -0.206337 
79.82 3.29606 -0.138874 
79.83 3.28625 -0.0700308 
79.84 3.283 0.000525666 
79.85 3.28649 0.0731083 
79.86 3.29693 0.148012 
79.87 3.31455 0.225516 
79.88 3.3396 0.305886 
79.89 3.37238 0.389373 
79.9 3.41317 0.47621 
79.91 3.46231 0.566612 
79.92 3.52014 0.660759 
79.93 3.58703 0.758788 
79.94 3.66333 0.86077 
79.95 3.74944 0.966681 
79.96 3.8457 1.07636 
79.97 3.95246 1.18949 
79.98 4.07002 1.30548 
79.99 4.19861 1.42348 
80 4.33837 1.54228 
80.01 4.48929 1.66025 
80.02 4.65122 1.77533 
80.03 4.82375 1.885 
80.04 5.00625 1.98638 
80.05 5.19778 2.07628 
80.06 5.39712 2.15148 
80.07 5.60273 2.2089 
80.08 5.8128 2.24593 
80.09 6.02532 2.26071 
80.1 6.23815 2.25236 
80.11 6.4491 2.22106 
80.12 6.65606 2.16808 
80.13 6.85708 2.09559 
80.14 7.05047 2.00645 
80.15 7.23479 1.90389 
80.16 7.40894 1.79121 
80.17 7.57212 1.67154 
80.18 7.72379 1.54766 
80.19 7.86369 1.42187 
80.2 7.99171 1.29597 
80.21 8.10791 1.17128 
80.22 8.21246 1.04864 
80.23 8.30556 0.928524 
80.24 8.38746 0.811099 
80.25 8.45842 0.696281 
80.26 8.51868 0.583805 
80.27 8.56843 0.473282 
80.28 8.60784 0.364241 
80.29 8.63702 0.256163 
80.3 8.65604 0.148509 
80.31 8.66491 0.040743 
80.32 8.6636 -0.0676515 
80.33 8.65203 -0.177155 
80.34 8.63007 -0.288198 
80.35 8.59756 -0.401145 
80.36 8.55431 -0.516274 
80.37 8.5001 -0.633757 
80.38 8.4347 -0.753634 
80.39 8.3579 -0.875773 
80.4 8.2695 -0.999838 
80.41 8.16934 -1.12525 
80.42 8.05733 -1.25111 
80.43 7.93348 -1.37623 
80.44 7.79795 -1.49902 
80.45 7.65102 -1.61755 
80.46 7.49322 -1.72952 
80.47 7.32528 -1.8324 
80.48 7.14818 -1.9235 
80.49 6.96315 -2.00018 
80.5 6.77168 -2.06005 
80.51 6.57543 -2.10123 
80.52 6.37624 -2.12252 
80.53 6.176 -2.12357 
80.54 5.9766 -2.10495 
80.55 5.77983 -2.06806 
80.56 5.58732 -2.01506 
80.57 5.40046 -1.9486 
80.58 5.22039 -1.8716 
80.59 5.04797 -1.78701 
80.6 4.88376 -1.69763 
80.61 4.7281 -1.60594 
80.62 4.58112 -1.51402 
80.63 4.44275 -1.42353 
80.64 4.31278 -1.33569 
80.65 4.19094 -1.25136 
80.66 4.07687 -1.17104 
80.67 3.97016 -1.09494 
80.68 3.87043 -1.02309 
80.69 3.77728 -0.95531 
80.7 3.69034 -0.891321 
80.71 3.60926 -0.830755 
80.72 3.53375 -0.773192 
80.73 3.46354 -0.718184 
80.74 3.39841 -0.665278 
80.75 3.33819 -0.614022 
80.76 3.28274 -0.563984 
80.77 3.23196 -0.514754 
80.78 3.1858 -0.465946 
80.79 3.14423 -0.417209 
80.8 3.10726 -0.368219 
80.81 3.07493 -0.318684 
80.82 3.04731 -0.268344 
80.83 3.02447 -0.216964 
80.84 3.00654 -0.164336 
80.85 2.99363 -0.110275 
80.86 2.98588 -0.0546156 
80.87 2.98346 0.00279211 
80.88 2.98654 0.0620863 
80.89 2.9953 0.123397 
80.9 3.00993 0.186851 
80.91 3.03065 0.252574 
80.92 3.05767 0.320694 
80.93 3.09122 0.391347 
80.94 3.13156 0.464671 
80.95 3.17894 0.540812 
80.96 3.23362 0.619917 
80.97 3.29591 0.702128 
80.98 3.36609 0.787571 
80.99 3.44447 0.876341 
81 3.53138 0.968478 
81.01 3.62713 1.06394 
81.02 3.73202 1.16256 
81.03 3.84634 1.264 
81.04 3.97033 1.36771 
81.05 4.10416 1.47286 
81.06 4.24793 1.57827 
81.07 4.40158 1.68239 
81.08 4.56491 1.78324 
81.09 4.73749 1.87844 
81.1 4.91866 1.96522 
81.11 5.1075 2.04058 
81.12 5.30278 2.10144 
81.13 5.50299 2.14486 
81.14 5.70637 2.16832 
81.15 5.91094 2.16996 
81.16 6.1146 2.1488 
81.17 6.31518 2.10485 
81.18 6.51057 2.03907 
81.19 6.69881 1.95332 
81.2 6.87812 1.85008 
81.21 7.04699 1.73221 
81.22 7.20417 1.60272 
81.23 7.34872 1.4645 
81.24 7.47993 1.32013 
81.25 7.59733 1.17185 
81.26 7.70065 1.02142 
81.27 7.78974 0.870213 
81.28 7.86458 0.71917 
81.29 7.92522 0.568917 
81.3 7.97176 0.419805 
81.31 8.0043 0.271987 
81.32 8.02297 0.125478 
81.33 8.0279 -0.0197773 
81.34 8.01919 -0.163853 
81.35 7.99697 -0.306788 
81.36 7.96132 -0.448542 
81.37 7.91238 -0.588947 
81.38 7.85029 -0.727669 
81.39 7.77522 -0.864166 
81.4 7.68743 -0.997664 
81.41 7.58724 -1.12713 
81.42 7.47508 -1.25126 
81.43 7.35155 -1.36853 
81.44 7.21735 -1.47718 
81.45 7.0734 -1.57534 
81.46 6.92077 -1.66114 
81.47 6.76071 -1.73281 
81.48 6.59462 -1.78884 
81.49 6.42403 -1.82815 
81.5 6.25056 -1.85019 
81.51 6.07583 -1.85503 
81.52 5.90142 -1.84335 
81.53 5.72886 -1.81642 
81.54 5.55949 -1.77598 
81.55 5.39448 -1.72411 
81.56 5.23482 -1.66306 
81.57 5.08126 -1.59511 
81.58 4.93435 -1.5224 
81.59 4.79443 -1.44688 
81.6 4.66171 -1.37023 
81.61 4.53621 -1.29378 
81.62 4.41786 -1.2186 
81.63 4.30652 -1.14543 
81.64 4.20195 -1.07477 
81.65 4.10392 -1.00687 
81.66 4.01216 -0.941814 
81.67 3.92639 -0.879529 
81.68 3.84638 -0.81983 
81.69 3.77188 -0.762448 
81.7 3.70269 -0.707055 
81.71 3.63865 -0.653288 
81.72 3.57961 -0.60076 
81.73 3.52548 -0.549078 
81.74 3.4762 -0.497851 
81.75 3.43174 -0.446694 
81.76 3.39211 -0.39524 
81.77 3.35736 -0.343134 
81.78 3.32757 -0.290044 
81.79 3.30283 -0.235655 
81.8 3.2833 -0.17967 
81.81 3.26912 -0.121812 
81.82 3.2605 -0.0618183 
81.83 3.25763 0.000557294 
81.84 3.26077 0.0655504 
81.85 3.27016 0.133386 
81.86 3.28609 0.204282 
81.87 3.30885 0.278449 
81.88 3.33876 0.356089 
81.89 3.37615 0.4374 
81.9 3.42139 0.522564 
81.91 3.47484 0.611745 
81.92 3.53688 0.705079 
81.93 3.60792 0.80265 
81.94 3.68835 0.904473 
81.95 3.77858 1.01046 
81.96 3.87897 1.12038 
81.97 3.9899 1.2338 
81.98 4.11164 1.35004 
81.99 4.24444 1.46811 
82 4.3884 1.58666 
82.01 4.54347 1.70387 
82.02 4.70945 1.81752 
82.03 4.88586 1.92495 
82.04 5.07198 2.02311 
82.05 5.26678 2.10878 
82.06 5.46894 2.17871 
82.07 5.67683 2.22994 
82.08 5.88857 2.26008 
82.09 6.10208 2.26757 
82.1 6.31521 2.25188 
82.11 6.52578 2.21357 
82.12 6.73173 2.15426 
82.13 6.93119 2.0764 
82.14 7.12256 1.98304 
82.15 7.30452 1.87749 
82.16 7.47609 1.76302 
82.17 7.63657 1.64269 
82.18 7.78554 1.51914 
82.19 7.92279 1.3945 
82.2 8.04832 1.27042 
82.21 8.16222 1.14803 
82.22 8.26469 1.02807 
82.23 8.35599 0.910877 
82.24 8.43638 0.796529 
82.25 8.50611 0.684868 
82.26 8.56544 0.575578 
82.27 8.61457 0.468231 
82.28 8.65365 0.362331 
82.29 8.68279 0.25734 
82.3 8.70207 0.15271 
82.31 8.71148 0.0478957 
82.32 8.71098 -0.0576253 
82.33 8.70049 -0.164341 
82.34 8.67986 -0.272693 
82.35 8.64894 -0.38306 
82.36 8.6075 -0.495747 
82.37 8.55533 -0.610958 
82.38 8.49219 -0.728778 
82.39 8.41782 -0.849137 
82.4 8.33199 -0.971775 
82.41 8.23453 -1.0962 
82.42 8.12528 -1.22164 
82.43 8.00421 -1.34699 
82.44 7.87138 -1.47081 
82.45 7.72704 -1.59127 
82.46 7.57158 -1.70616 
82.47 7.40566 -1.81299 
82.48 7.23016 -1.90906 
82.49 7.04623 -1.99162 
82.5 6.85526 -2.0581 
82.51 6.65886 -2.10634 
82.52 6.45885 -2.13482 
82.53 6.25712 -2.14283 
82.54 6.0556 -2.13057 
82.55 5.85615 -2.09917 
82.56 5.66049 -2.05055 
82.57 5.47013 -1.98724 
82.58 5.28632 -1.91214 
82.59 5.11003 -1.82826 
82.6 4.94194 -1.73853 
82.61 4.78249 -1.64558 
82.62 4.63185 -1.55168 
82.63 4.49005 -1.45866 
82.64 4.35691 -1.36792 
82.65 4.23218 -1.28044 
82.66 4.11551 -1.19682 
82.67 4.00654 -1.1174 
82.68 3.90485 -1.04224 
82.69 3.81004 -0.971213 
82.7 3.72175 -0.904071 
82.71 3.63962 -0.840458 
82.72 3.56333 -0.77996 
82.73 3.49262 -0.722127 
82.74 3.42725 -0.666497 
82.75 3.36703 -0.61261 
82.76 3.31183 -0.560016 
82.77 3.26155 -0.508292 
82.78 3.21611 -0.457035 
82.79 3.17549 -0.405877 
82.8 3.13971 -0.354478 
82.81 3.10879 -0.302527 
82.82 3.0828 -0.249745 
82.83 3.06184 -0.195882 
82.84 3.04601 -0.140709 
82.85 3.03545 -0.0840229 
82.86 3.03031 -0.0256374 
82.87 3.03075 0.0346184 
82.88 3.03697 0.0969045 
82.89 3.04915 0.161374 
82.9 3.06752 0.228176 
82.91 3.0923 0.29746 
82.92 3.12373 0.369378 
82.93 3.16206 0.444085 
82.94 3.20757 0.521737 
82.95 3.26054 0.602493 
82.96 3.32127 0.6865 
82.97 3.39007 0.77389 
82.98 3.46727 0.864761 
82.99 3.55319 0.959152 
83 3.64818 1.05702 
83.01 3.75254 1.15818 
83.02 3.86657 1.2623 
83.03 3.99053 1.36881 
83.04 4.12461 1.47683 
83.05 4.26889 1.58517 
83.06 4.42334 1.69222 
83.07 4.58773 1.79595 
83.08 4.76164 1.89391 
83.09 4.9444 1.98326 
83.1 5.13505 2.06093 
83.11 5.33234 2.12378 
83.12 5.53475 2.16884 
83.13 5.74045 2.19358 
83.14 5.94745 2.19617 
83.15 6.15361 2.17571 
83.16 6.35676 2.13229 
83.17 6.55476 2.06702 
83.18 6.74566 1.98189 
83.19 6.9277 1.87949 
83.2 7.09939 1.76282 
83.21 7.25954 1.63494 
83.22 7.40721 1.49879 
83.23 7.54177 1.35699 
83.24 7.66279 1.21174 
83.25 7.77003 1.0648 
83.26 7.86339 0.917455 
83.27 7.94288 0.770613 
83.28 8.00858 0.624817 
83.29 8.06059 0.48034 
83.3 8.09906 0.337245 
83.31 8.12411 0.195449 
83.32 8.13585 0.054787 
83.33 8.13437 -0.0849405 
83.34 8.11977 -0.223916 
83.35 8.0921 -0.362262 
83.36 8.05142 -0.5 
83.37 7.9978 -0.637007 
83.38 7.93131 -0.77298 
83.39 7.85208 -0.907397 
83.4 7.76028 -1.03948 
83.41 7.65619 -1.16819 
83.42 7.54018 -1.29219 
83.43 7.41277 -1.40987 
83.44 7.27464 -1.51942 
83.45 7.12665 -1.61883 
83.46 6.96985 -1.7061 
83.47 6.80548 -1.7793 
83.48 6.63494 -1.83677 
83.49 6.45978 -1.87726 
83.5 6.28163 -1.90011 
83.51 6.10218 -1.90527 
83.52 5.92304 -1.89339 
83.53 5.74579 -1.86575 
83.54 5.57182 -1.82413 
83.55 5.40235 -1.77069 
83.56 5.23839 -1.7078 
83.57 5.0807 -1.63785 
83.58 4.92985 -1.56311 
83.59 4.7862 -1.48564 
83.6 4.64991 -1.40719 
83.61 4.521 -1.3292 
83.62 4.39938 -1.25277 
83.63 4.28486 -1.17868 
83.64 4.17719 -1.10746 
83.65 4.07609 -1.03937 
83.66 3.98125 -0.9745 
83.67 3.89239 -0.91277 
83.68 3.8092 -0.853992 
83.69 3.73142 -0.797888 
83.7 3.65882 -0.744124 
83.71 3.5912 -0.692328 
83.72 3.52837 -0.642108 
83.73 3.47023 -0.593068 
83.74 3.41666 -0.544814 
83.75 3.36762 -0.496964 
83.76 3.32309 -0.449152 
83.77 3.28307 -0.401032 
83.78 3.24761 -0.352282 
83.79 3.21679 -0.302599 
83.8 3.19071 -0.251704 
83.81 3.16949 -0.19934 
83.82 3.15328 -0.145269 
83.83 3.14226 -0.0892719 
83.84 3.13661 -0.0311433 
83.85 3.13655 0.0293086 
83.86 3.1423 0.0922667 
83.87 3.1541 0.157907 
83.88 3.17222 0.226402 
83.89 3.19694 0.297922 
83.9 3.22854 0.372638 
83.91 3.26734 0.450717 
83.92 3.31366 0.532327 
83.93 3.36785 0.617624 
83.94 3.43024 0.706747 
83.95 3.50122 0.799802 
83.96 3.58116 0.896841 
83.97 3.67042 0.997837 
83.98 3.76938 1.10264 
83.99 3.87838 1.21095 
84 3.99774 1.32222 
84.01 4.12768 1.43566 
84.02 4.26838 1.55011 
84.03 4.41984 1.66403 
84.04 4.58194 1.77543 
84.05 4.75432 1.88187 
84.06 4.93638 1.98053 
84.07 5.12725 2.06826 
84.08 5.32575 2.14182 
84.09 5.53038 2.19807 
84.1 5.73939 2.23426 
84.11 5.95077 2.24837 
84.12 6.1624 2.23926 
84.13 6.37206 2.20688 
84.14 6.5776 2.15223 
84.15 6.77702 2.07727 
84.16 6.96852 1.98469 
84.17 7.15058 1.8776 
84.18 7.322 1.75925 
84.19 7.48185 1.63276 
84.2 7.6295 1.50093 
84.21 7.76457 1.36614 
84.22 7.88688 1.23026 
84.23 7.99638 1.09468 
84.24 8.09316 0.960315 
84.25 8.17735 0.827729 
84.26 8.24914 0.697146 
84.27 8.30872 0.56855 
84.28 8.35627 0.44174 
84.29 8.39193 0.316391 
84.3 8.41584 0.192098 
84.31 8.42807 0.0684201 
84.32 8.42865 -0.0550869 
84.33 8.41758 -0.17884 
84.34 8.39483 -0.303203 
84.35 8.36032 -0.428455 
84.36 8.31395 -0.554765 
84.37 8.25564 -0.682159 
84.38 8.18527 -0.810486 
84.39 8.10278 -0.93938 
84.4 8.00814 -1.06822 
84.41 7.90139 -1.1961 
84.42 7.78269 -1.32178 
84.43 7.65232 -1.44372 
84.44 7.5107 -1.56002 
84.45 7.35847 -1.66853 
84.46 7.19647 -1.76692 
84.47 7.02578 -1.85279 
84.48 6.84768 -1.92386 
84.49 6.66366 -1.97819 
84.5 6.47537 -2.01432 
84.51 6.28457 -2.03149 
84.52 6.09305 -2.02972 
84.53 5.90257 -2.00981 
84.54 5.71476 -1.97329 
84.55 5.53109 -1.92231 
84.56 5.35282 -1.85937 
84.57 5.18094 -1.78718 
84.58 5.0162 -1.70842 
84.59 4.85909 -1.62562 
84.6 4.70989 -1.54097 
84.61 4.56869 -1.45633 
84.62 4.4354 -1.37318 
84.63 4.30984 -1.29258 
84.64 4.19173 -1.2153 
84.65 4.08072 -1.14178 
84.66 3.97647 -1.0722 
84.67 3.87858 -1.00659 
84.68 3.7867 -0.944778 
84.69 3.70048 -0.886511 
84.7 3.61959 -0.831451 
84.71 3.54376 -0.779212 
84.72 3.47274 -0.729381 
84.73 3.40632 -0.681536 
84.74 3.34433 -0.635258 
84.75 3.28664 -0.590144 
84.76 3.23316 -0.545807 
84.77 3.18385 -0.501885 
84.78 3.13866 -0.458046 
84.79 3.09761 -0.413983 
84.8 3.06074 -0.369421 
84.81 3.0281 -0.324113 
84.82 2.99977 -0.27784 
84.83 2.97585 -0.230408 
84.84 2.95647 -0.18165 
84.85 2.94175 -0.131417 
84.86 2.93183 -0.0795802 
84.87 2.92688 -0.026027 
84.88 2.92705 0.0293453 
84.89 2.93254 0.0866309 
84.9 2.94351 0.145921 
84.91 2.96016 0.207305 
84.92 2.9827 0.270877 
84.93 3.01134 0.336739 
84.94 3.04629 0.404999 
84.95 3.0878 0.475776 
84.96 3.13609 0.549197 
84.97 3.19143 0.625396 
84.98 3.25408 0.704505 
84.99 3.32433 0.786648 
85 3.40246 0.87192 
85.01 3.48878 0.960373 
85.02 3.58358 1.05198 
85.03 3.68715 1.14662 
85.04 3.79977 1.244 
85.05 3.92168 1.34363 
85.06 4.05306 1.44478 
85.07 4.19399 1.54639 
85.08 4.34447 1.64703 
85.09 4.50431 1.74489 
85.1 4.67316 1.83775 
85.11 4.85042 1.92301 
85.12 5.03524 1.99781 
85.13 5.2265 2.05915 
85.14 5.42279 2.10412 
85.15 5.62244 2.1301 
85.16 5.82356 2.13509 
85.17 6.0241 2.11784 
85.18 6.22196 2.07803 
85.19 6.41502 2.0163 
85.2 6.60128 1.93415 
85.21 6.77893 1.83379 
85.22 6.94636 1.71788 
85.23 7.10224 1.5893 
85.24 7.24552 1.45089 
85.25 7.3754 1.30528 
85.26 7.49131 1.15479 
85.27 7.59288 1.00131 
85.28 7.6799 0.846355 
85.29 7.7523 0.691025 
85.3 7.81007 0.536109 
85.31 7.85329 0.382118 
85.32 7.88205 0.229363 
85.33 7.89647 0.0780201 
85.34 7.89671 -0.0718064 
85.35 7.8829 -0.220023 
85.36 7.85521 -0.366492 
85.37 7.81381 -0.510984 
85.38 7.7589 -0.653129 
85.39 7.69072 -0.792379 
85.4 7.60959 -0.927978 
85.41 7.51589 -1.05894 
85.42 7.41011 -1.18403 
85.43 7.29289 -1.30181 
85.44 7.16497 -1.41067 
85.45 7.02728 -1.50887 
85.46 6.88091 -1.5947 
85.47 6.72711 -1.66653 
85.48 6.56725 -1.72301 
85.49 6.40283 -1.76317 
85.5 6.23542 -1.78654 
85.51 6.06661 -1.7932 
85.52 5.89793 -1.78381 
85.53 5.73085 -1.75955 
85.54 5.5667 -1.72207 
85.55 5.40663 -1.6733 
85.56 5.25161 -1.61535 
85.57 5.1024 -1.55036 
85.58 4.95958 -1.48035 
85.59 4.82352 -1.40717 
85.6 4.69444 -1.33242 
85.61 4.57243 -1.25741 
85.62 4.45747 -1.18315 
85.63 4.34944 -1.11038 
85.64 4.24818 -1.03959 
85.65 4.15349 -0.971051 
85.66 4.06515 -0.904863 
85.67 3.98295 -0.840967 
85.68 3.90666 -0.779194 
85.69 3.83611 -0.719292 
85.7 3.77112 -0.660946 
85.71 3.71158 -0.603802 
85.72 3.65738 -0.547482 
85.73 3.60847 -0.491594 
85.74 3.56482 -0.435745 
85.75 3.52645 -0.379547 
85.76 3.4934 -0.322621 
85.77 3.46577 -0.264601 
85.78 3.44367 -0.205136 
85.79 3.42726 -0.143891 
85.8 3.41671 -0.0805453 
85.81 3.41225 -0.014794 
85.82 3.41411 0.0536539 
85.83 3.42255 0.125076 
85.84 3.43787 0.199737 
85.85 3.46039 0.277888 
85.86 3.49045 0.359766 
85.87 3.52841 0.445586 
85.88 3.57464 0.535539 
85.89 3.62956 0.62978 
85.9 3.69355 0.728409 
85.91 3.76705 0.831452 
85.92 3.85047 0.938832 
85.93 3.9442 1.05033 
85.94 4.04861 1.16553 
85.95 4.16402 1.28379 
85.96 4.29069 1.40415 
85.97 4.42875 1.5253 
85.98 4.57819 1.64553 
85.99 4.73884 1.76268 
86 4.91028 1.87419 
86.01 5.09184 1.97712 
86.02 5.28258 2.06833 
86.03 5.48123 2.14466 
86.04 5.68625 2.20316 
86.05 5.89585 2.24144 
86.06 6.10803 2.25786 
86.07 6.3207 2.2518 
86.08 6.53174 2.22369 
86.09 6.73916 2.17503 
86.1 6.9411 2.10815 
86.11 7.13599 2.02604 
86.12 7.32255 1.93195 
86.13 7.49981 1.82921 
86.14 7.6671 1.72091 
86.15 7.82403 1.60978 
86.16 7.97043 1.49806 
86.17 8.10635 1.38748 
86.18 8.23195 1.2793 
86.19 8.3475 1.17433 
86.2 8.45333 1.07301 
86.21 8.54978 0.975467 
86.22 8.63721 0.881615 
86.23 8.71597 0.79118 
86.24 8.78634 0.703772 
86.25 8.8486 0.618918 
86.26 8.90297 0.536104 
86.27 8.9496 0.45479 
86.28 8.98862 0.374434 
86.29 9.02009 0.294505 
86.3 9.04403 0.214486 
86.31 9.06041 0.133884 
86.32 9.06914 0.0522304 
86.33 9.07011 -0.0309158 
86.34 9.06317 -0.11597 
86.35 9.0481 -0.203319 
86.36 9.02468 -0.293321 
86.37 8.99264 -0.386301 
86.38 8.95169 -0.482549 
86.39 8.9015 -0.582303 
86.4 8.84175 -0.68574 
86.41 8.77207 -0.792956 
86.42 8.69211 -0.903934 
86.43 8.60152 -1.01851 
86.44 8.49998 -1.13632 
86.45 8.38721 -1.25678 
86.46 8.263 -1.37898 
86.47 8.12724 -1.50165 
86.48 7.97996 -1.62314 
86.49 7.82138 -1.74136 
86.5 7.6519 -1.85379 
86.51 7.47222 -1.95758 
86.52 7.28329 -2.04964 
86.53 7.08636 -2.12685 
86.54 6.88297 -2.18632 
86.55 6.67491 -2.22566 
86.56 6.46416 -2.24327 
86.57 6.25281 -2.23847 
86.58 6.04295 -2.21168 
86.59 5.83661 -2.16434 
86.6 5.63562 -2.09873 
86.61 5.44156 -2.01776 
86.62 5.25573 -1.92468 
86.63 5.07911 -1.82277 
86.64 4.9124 -1.71509 
86.65 4.756 -1.60436 
86.66 4.6101 -1.49284 
86.67 4.47467 -1.38226 
86.68 4.34957 -1.27391 
86.69 4.23454 -1.16859 
86.7 4.12928 -1.06678 
86.71 4.03344 -0.968617 
86.72 3.94669 -0.874023 
86.73 3.86869 -0.782739 
86.74 3.79915 -0.694382 
86.75 3.73782 -0.60849 
86.76 3.6845 -0.52455 
86.77 3.63901 -0.442026 
86.78 3.60125 -0.360378 
86.79 3.57117 -0.279073 
86.8 3.54875 -0.197594 
86.81 3.53404 -0.115446 
86.82 3.52712 -0.0321582 
86.83 3.52812 0.0527136 
86.84 3.53721 0.139586 
86.85 3.55459 0.228845 
86.86 3.58051 0.320847 
86.87 3.61524 0.415912 
86.88 3.65908 0.514314 
86.89 3.71237 0.616274 
86.9 3.77543 0.721938 
86.91 3.84862 0.831355 
86.92 3.9323 0.944449 
86.93 4.0268 1.06097 
86.94 4.13243 1.18047 
86.95 4.24942 1.3022 
86.96 4.37795 1.42511 
86.97 4.51806 1.54776 
86.98 4.66965 1.66831 
86.99 4.8324 1.78448 
87 5.0058 1.8936 
87.01 5.18902 1.99271 
87.02 5.38099 2.0787 
87.03 5.58032 2.14857 
87.04 5.78537 2.19964 
87.05 5.99426 2.22988 
87.06 6.20497 2.2381 
87.07 6.4154 2.22414 
87.08 6.62349 2.18889 
87.09 6.82733 2.13421 
87.1 7.02519 2.06268 
87.11 7.21564 1.9774 
87.12 7.39753 1.88162 
87.13 7.57002 1.77857 
87.14 7.73257 1.67114 
87.15 7.88488 1.56186 
87.16 8.02689 1.45273 
87.17 8.15868 1.34529 
87.18 8.28047 1.24061 
87.19 8.39254 1.13932 
87.2 8.49525 1.04177 
87.21 8.58893 0.947974 
87.22 8.67395 0.857789 
87.23 8.75062 0.770897 
87.24 8.81925 0.686883 
87.25 8.88007 0.605266 
87.26 8.93329 0.525527 
87.27 8.97907 0.447136 
87.28 9.0175 0.36956 
87.29 9.04864 0.292282 
87.3 9.07249 0.214802 
87.31 9.08901 0.136645 
87.32 9.09812 0.0573569 
87.33 9.09968 -0.0234859 
87.34 9.09354 -0.106284 
87.35 9.07949 -0.191412 
87.36 9.0573 -0.279218 
87.37 9.02669 -0.370022 
87.38 8.98737 -0.464108 
87.39 8.93903 -0.561722 
87.4 8.88131 -0.663053 
87.41 8.81387 -0.768218 
87.42 8.73633 -0.877234 
87.43 8.64835 -0.989987 
87.44 8.54957 -1.10619 
87.45 8.43971 -1.22532 
87.46 8.31851 -1.34659 
87.47 8.18583 -1.46886 
87.48 8.04164 -1.59061 
87.49 7.88607 -1.70987 
87.5 7.71948 -1.82426 
87.51 7.54245 -1.93103 
87.52 7.35584 -2.02711 
87.53 7.1608 -2.10935 
87.54 6.95879 -2.17474 
87.55 6.75151 -2.22065 
87.56 6.54091 -2.24517 
87.57 6.32906 -2.24727 
87.58 6.11806 -2.227 
87.59 5.91 -2.18546 
87.6 5.70678 -2.12467 
87.61 5.51009 -2.04738 
87.62 5.32134 -1.95676 
87.63 5.14164 -1.85612 
87.64 4.97176 -1.74863 
87.65 4.81223 -1.63715 
87.66 4.6633 -1.5241 
87.67 4.52502 -1.4114 
87.68 4.39729 -1.30047 
87.69 4.2799 -1.19228 
87.7 4.17255 -1.08739 
87.71 4.07491 -0.986045 
87.72 3.98667 -0.888229 
87.73 3.90748 -0.793728 
87.74 3.83706 -0.702192 
87.75 3.77515 -0.613175 
87.76 3.72152 -0.526172 
87.77 3.67602 -0.440649 
87.78 3.63853 -0.356059 
87.79 3.60899 -0.271861 
87.8 3.58739 -0.187527 
87.81 3.57376 -0.102548 
87.82 3.56819 -0.0164421 
87.83 3.5708 0.0712464 
87.84 3.58177 0.160944 
87.85 3.6013 0.253044 
87.86 3.62964 0.347904 
87.87 3.66705 0.445841 
87.88 3.71385 0.547117 
87.89 3.77036 0.651929 
87.9 3.83692 0.760388 
87.91 3.91386 0.872488 
87.92 4.00154 0.988077 
87.93 4.10026 1.10681 
87.94 4.21029 1.22809 
87.95 4.33183 1.35104 
87.96 4.465 1.47442 
87.97 4.60974 1.5966 
87.98 4.76586 1.71551 
87.99 4.93294 1.82871 
88 5.1103 1.93339 
88.01 5.29701 2.02651 
88.02 5.49182 2.10505 
88.03 5.69324 2.16615 
88.04 5.89949 2.20748 
88.05 6.10864 2.22744 
88.06 6.31862 2.22537 
88.07 6.52739 2.20167 
88.08 6.73294 2.15772 
88.09 6.93349 2.09576 
88.1 7.12745 2.01865 
88.11 7.31356 1.92959 
88.12 7.49083 1.83181 
88.13 7.6586 1.72839 
88.14 7.81645 1.62202 
88.15 7.96424 1.51497 
88.16 8.10197 1.409 
88.17 8.22982 1.30541 
88.18 8.34804 1.20504 
88.19 8.45698 1.1084 
88.2 8.557 1.01564 
88.21 8.64845 0.926725 
88.22 8.73169 0.841414 
88.23 8.80705 0.759347 
88.24 8.87481 0.680083 
88.25 8.93522 0.603128 
88.26 8.98845 0.527965 
88.27 9.03467 0.45407 
88.28 9.07397 0.380928 
88.29 9.10638 0.308039 
88.3 9.13193 0.234926 
88.31 9.15055 0.161136 
88.32 9.16217 0.0862426 
88.33 9.16667 0.00984251 
88.34 9.16388 -0.0684419 
88.35 9.15361 -0.148966 
88.36 9.13564 -0.232063 
88.37 9.1097 -0.318044 
88.38 9.07552 -0.407195 
88.39 9.03277 -0.499774 
88.4 8.98113 -0.596002 
88.41 8.92025 -0.696048 
88.42 8.84976 -0.800012 
88.43 8.76928 -0.907897 
88.44 8.67846 -1.01958 
88.45 8.57695 -1.13475 
88.46 8.46444 -1.25288 
88.47 8.3407 -1.37317 
88.48 8.20556 -1.49444 
88.49 8.05901 -1.61515 
88.5 7.90119 -1.7333 
88.51 7.73245 -1.84647 
88.52 7.55339 -1.95185 
88.53 7.36489 -2.04633 
88.54 7.16813 -2.12672 
88.55 6.96458 -2.18996 
88.56 6.75599 -2.23341 
88.57 6.54432 -2.25515 
88.58 6.33167 -2.25417 
88.59 6.12018 -2.23056 
88.6 5.91195 -2.18546 
88.61 5.70891 -2.12093 
88.62 5.51276 -2.03978 
88.63 5.32491 -1.94519 
88.64 5.14649 -1.8405 
88.65 4.97829 -1.72888 
88.66 4.82082 -1.61317 
88.67 4.67435 -1.49577 
88.68 4.53896 -1.37858 
88.69 4.41454 -1.26297 
88.7 4.30091 -1.14988 
88.71 4.19779 -1.03986 
88.72 4.1049 -0.933109 
88.73 4.02191 -0.829589 
88.74 3.94853 -0.729067 
88.75 3.8845 -0.631174 
88.76 3.82959 -0.535448 
88.77 3.78362 -0.441372 
88.78 3.74646 -0.348399 
88.79 3.71803 -0.255974 
88.8 3.69831 -0.163548 
88.81 3.68732 -0.0705864 
88.82 3.68513 0.0234189 
88.83 3.69187 0.118946 
88.84 3.7077 0.216438 
88.85 3.73283 0.316295 
88.86 3.76749 0.418863 
88.87 3.81195 0.524429 
88.88 3.86651 0.633199 
88.89 3.93148 0.745277 
88.9 4.00716 0.860638 
88.91 4.09386 0.979091 
88.92 4.19185 1.10024 
88.93 4.30136 1.22341 
88.94 4.42253 1.34765 
88.95 4.55541 1.47163 
88.96 4.6999 1.59362 
88.97 4.8557 1.71151 
88.98 5.02232 1.82281 
88.99 5.199 1.92472 
89 5.38474 2.01431 
89.01 5.57821 2.0887 
89.02 5.77788 2.14528 
89.03 5.98195 2.18203 
89.04 6.18849 2.19769 
89.05 6.3955 2.19195 
89.06 6.60098 2.1655 
89.07 6.80305 2.11998 
89.08 7.00001 2.05776 
89.09 7.19044 1.98175 
89.1 7.37317 1.8951 
89.11 7.54736 1.80093 
89.12 7.71243 1.70217 
89.13 7.86807 1.60135 
89.14 8.0142 1.50057 
89.15 8.1509 1.40145 
89.16 8.27837 1.30516 
89.17 8.39694 1.21247 
89.18 8.50695 1.12378 
89.19 8.6088 1.03925 
89.2 8.70288 0.958777 
89.21 8.78955 0.882129 
89.22 8.86916 0.808948 
89.23 8.94203 0.738802 
89.24 9.0084 0.671219 
89.25 9.06851 0.605704 
89.26 9.12252 0.541763 
89.27 9.17056 0.478911 
89.28 9.21271 0.416681 
89.29 9.24901 0.354635 
89.3 9.27946 0.292357 
89.31 9.304 0.229462 
89.32 9.32258 0.165592 
89.33 9.33509 0.100416 
89.34 9.34137 0.0336248 
89.35 9.34128 -0.035071 
89.36 9.33461 -0.105942 
89.37 9.32116 -0.179246 
89.38 9.30067 -0.255229 
89.39 9.27289 -0.334126 
89.4 9.23753 -0.416163 
89.41 9.19428 -0.501553 
89.42 9.14282 -0.590492 
89.43 9.08281 -0.68315 
89.44 9.01389 -0.779653 
89.45 8.93569 -0.880069 
89.46 8.84785 -0.984371 
89.47 8.75 -1.09241 
89.48 8.64181 -1.20385 
89.49 8.52298 -1.31813 
89.5 8.39328 -1.43442 
89.51 8.25258 -1.5515 
89.52 8.10087 -1.66776 
89.53 7.93832 -1.78117 
89.54 7.76532 -1.88921 
89.55 7.5825 -1.98901 
89.56 7.39079 -2.0774 
89.57 7.19142 -2.15112 
89.58 6.98592 -2.2071 
89.59 6.77609 -2.24269 
89.6 6.56394 -2.25598 
89.61 6.35164 -2.24605 
89.62 6.14137 -2.21301 
89.63 5.93526 -2.15808 
89.64 5.73528 -2.08337 
89.65 5.54316 -1.9917 
89.66 5.36037 -1.88626 
89.67 5.18803 -1.77033 
89.68 5.02699 -1.64702 
89.69 4.87781 -1.51911 
89.7 4.74081 -1.38891 
89.71 4.61612 -1.25822 
89.72 4.50372 -1.12835 
89.73 4.40348 -1.00018 
89.74 4.31522 -0.874185 
89.75 4.23873 -0.750544 
89.76 4.17378 -0.629186 
89.77 4.12017 -0.509864 
89.78 4.07772 -0.392207 
89.79 4.0463 -0.275762 
89.8 4.02582 -0.160037 
89.81 4.01622 -0.0445257 
89.82 4.01753 0.0712659 
89.83 4.02977 0.187796 
89.84 4.05305 0.305468 
89.85 4.08748 0.424608 
89.86 4.13322 0.545442 
89.87 4.19043 0.668069 
89.88 4.25927 0.792427 
89.89 4.33991 0.91826 
89.9 4.43246 1.04508 
89.91 4.53697 1.17211 
89.92 4.65342 1.29827 
89.93 4.78166 1.42213 
89.94 4.9214 1.54193 
89.95 5.07215 1.65555 
89.96 5.23322 1.76063 
89.97 5.40369 1.85464 
89.98 5.5824 1.93505 
89.99 5.76795 1.99955 
90 5.95875 2.04621 
90.01 6.15305 2.07375 
90.02 6.34901 2.08165 
90.03 6.54481 2.07025 
90.04 6.73865 2.0407 
90.05 6.92893 1.99489 
90.06 7.11421 1.93526 
90.07 7.29333 1.86456 
90.08 7.46537 1.78564 
90.09 7.62969 1.70124 
90.1 7.7859 1.61385 
90.11 7.93381 1.52562 
90.12 8.07343 1.43827 
90.13 8.20491 1.35314 
90.14 8.32851 1.27117 
90.15 8.44456 1.19296 
90.16 8.55342 1.11884 
90.17 8.6555 1.04888 
90.18 8.75117 0.983 
90.19 8.84082 0.920964 
90.2 8.92478 0.862453 
90.21 9.00339 0.807082 
90.22 9.0769 0.754431 
90.23 9.14556 0.704066 
90.24 9.20957 0.655548 
90.25 9.26907 0.608454 
90.26 9.32419 0.562377 
90.27 9.375 0.516935 
90.28 9.42154 0.471774 
90.29 9.46382 0.426569 
90.3 9.50183 0.381028 
90.31 9.53553 0.334887 
90.32 9.56484 0.287913 
90.33 9.58968 0.2399 
90.34 9.60993 0.190669 
90.35 9.62549 0.140061 
90.36 9.63621 0.0879414 
90.37 9.64194 0.0341883 
90.38 9.64252 -0.0213054 
90.39 9.63779 -0.0786386 
90.4 9.62758 -0.137905 
90.41 9.61168 -0.199198 
90.42 9.58991 -0.262612 
90.43 9.56206 -0.32825 
90.44 9.52792 -0.39622 
90.45 9.48726 -0.466642 
90.46 9.43985 -0.539644 
90.47 9.38544 -0.61536 
90.48 9.32375 -0.693924 
90.49 9.25453 -0.775462 
90.5 9.17748 -0.860078 
90.51 9.09232 -0.947831 
90.52 8.99873 -1.03871 
90.53 8.89644 -1.13261 
90.54 8.78518 -1.22927 
90.55 8.66469 -1.32823 
90.56 8.53479 -1.42881 
90.57 8.39538 -1.53 
90.58 8.24646 -1.63043 
90.59 8.08818 -1.72837 
90.6 7.92088 -1.82165 
90.61 7.7451 -1.90775 
90.62 7.56166 -1.98384 
90.63 7.37163 -2.04695 
90.64 7.17639 -2.09415 
90.65 6.97756 -2.12277 
90.66 6.77699 -2.13071 
90.67 6.57671 -2.1166 
90.68 6.37882 -2.07996 
90.69 6.18544 -2.02129 
90.7 5.99857 -1.94195 
90.71 5.82007 -1.84404 
90.72 5.65158 -1.73016 
90.73 5.49446 -1.60314 
90.74 5.34982 -1.46583 
90.75 5.21849 -1.32091 
90.76 5.1011 -1.17074 
90.77 4.99802 -1.01727 
90.78 4.9095 -0.862066 
90.79 4.83564 -0.706316 
90.8 4.77645 -0.550853 
90.81 4.73188 -0.396239 
90.82 4.70182 -0.242825 
90.83 4.68615 -0.0908183 
90.84 4.68474 0.0596491 
90.85 4.69743 0.208465 
90.86 4.72406 0.355478 
90.87 4.76445 0.500449 
90.88 4.81839 0.643003 
90.89 4.88563 0.782593 
90.9 4.96585 0.918461 
90.91 5.05866 1.04963 
90.92 5.16357 1.17487 
90.93 5.27994 1.29277 
90.94 5.40701 1.40172 
90.95 5.54385 1.50001 
90.96 5.68939 1.58593 
90.97 5.84238 1.65788 
90.98 6.00143 1.71453 
90.99 6.16506 1.75491 
91 6.3317 1.77856 
91.01 6.49978 1.78555 
91.02 6.66775 1.77654 
91.03 6.83417 1.7527 
91.04 6.99769 1.71566 
91.05 7.15718 1.66733 
91.06 7.31165 1.60981 
91.07 7.46036 1.5452 
91.08 7.60271 1.47554 
91.09 7.73834 1.40266 
91.1 7.867 1.32814 
91.11 7.98861 1.25329 
91.12 8.10319 1.17911 
91.13 8.21084 1.10636 
91.14 8.31172 1.03553 
91.15 8.40602 0.966881 
91.16 8.49396 0.900517 
91.17 8.57575 0.836386 
91.18 8.65159 0.77432 
91.19 8.72167 0.714071 
91.2 8.78614 0.655324 
91.21 8.84513 0.597729 
91.22 8.89873 0.540905 
91.23 8.947 0.484464 
91.24 8.98995 0.428011 
91.25 9.02756 0.371157 
91.26 9.05979 0.313523 
91.27 9.08652 0.254741 
91.28 9.10765 0.194458 
91.29 9.12302 0.132336 
91.3 9.13243 0.068052 
91.31 9.13567 0.00129871 
91.32 9.1325 -0.068218 
91.33 9.12263 -0.140778 
91.34 9.10577 -0.216648 
91.35 9.08159 -0.29608 
91.36 9.04976 -0.379308 
91.37 9.00989 -0.466545 
91.38 8.96161 -0.557974 
91.39 8.90451 -0.653735 
91.4 8.83819 -0.753909 
91.41 8.76221 -0.858491 
91.42 8.67618 -0.96736 
91.43 8.57969 -1.08024 
91.44 8.4724 -1.19665 
91.45 8.35401 -1.31585 
91.46 8.22429 -1.43677 
91.47 8.08315 -1.55798 
91.48 7.93065 -1.67763 
91.49 7.76703 -1.79343 
91.5 7.59279 -1.90271 
91.51 7.40868 -2.00245 
91.52 7.21575 -2.0895 
91.53 7.01534 -2.16074 
91.54 6.80907 -2.21341 
91.55 6.5988 -2.24532 
91.56 6.38656 -2.25516 
91.57 6.17446 -2.24266 
91.58 5.96456 -2.20858 
91.59 5.75882 -2.15472 
91.6 5.559 -2.08364 
91.61 5.36657 -1.99844 
91.62 5.18271 -1.90242 
91.63 5.00829 -1.79884 
91.64 4.84386 -1.69069 
91.65 4.68974 -1.58055 
91.66 4.54601 -1.4705 
91.67 4.41259 -1.36212 
91.68 4.28926 -1.25652 
91.69 4.17573 -1.1544 
91.7 4.07164 -1.05609 
91.71 3.97664 -0.961645 
91.72 3.89036 -0.870924 
91.73 3.81247 -0.783615 
91.74 3.74266 -0.699304 
91.75 3.68067 -0.617506 
91.76 3.6263 -0.537702 
91.77 3.57937 -0.459355 
91.78 3.53979 -0.381932 
91.79 3.50747 -0.30491 
91.8 3.48241 -0.227786 
91.81 3.46465 -0.15008 
91.82 3.45425 -0.0713402 
91.83 3.45134 0.00886288 
91.84 3.45607 0.090931 
91.85 3.46863 0.175241 
91.86 3.48926 0.262144 
91.87 3.51821 0.351963 
91.88 3.55578 0.444992 
91.89 3.60227 0.541484 
91.9 3.65802 0.641643 
91.91 3.72339 0.745608 
91.92 3.79874 0.853427 
91.93 3.88443 0.965023 
91.94 3.9808 1.08016 
91.95 4.08816 1.19839 
91.96 4.20679 1.31901 
91.97 4.33686 1.44096 
91.98 4.47842 1.56284 
91.99 4.63139 1.68279 
92 4.79549 1.79856 
92.01 4.9702 1.90745 
92.02 5.15472 2.00648 
92.03 5.34798 2.09248 
92.04 5.54861 2.16235 
92.05 5.75495 2.21335 
92.06 5.96512 2.2433 
92.07 6.17706 2.25095 
92.08 6.38866 2.23602 
92.09 6.59781 2.19934 
92.1 6.80254 2.1427 
92.11 7.00109 2.0687 
92.12 7.19196 1.98041 
92.13 7.37397 1.88115 
92.14 7.54623 1.77415 
92.15 7.70816 1.66237 
92.16 7.85943 1.54836 
92.17 7.99992 1.43416 
92.18 8.12971 1.32133 
92.19 8.24897 1.21094 
92.2 8.35797 1.10367 
92.21 8.45702 0.999828 
92.22 8.54644 0.899455 
92.23 8.62656 0.802383 
92.24 8.69768 0.708288 
92.25 8.76005 0.616743 
92.26 8.8139 0.527253 
92.27 8.85938 0.439285 
92.28 8.89663 0.352291 
92.29 8.9257 0.265724 
92.3 8.94661 0.179047 
92.31 8.95933 0.0917457 
92.32 8.96378 0.00332747 
92.33 8.95982 -0.0866708 
92.34 8.94729 -0.178681 
92.35 8.92598 -0.273102 
92.36 8.89564 -0.370288 
92.37 8.85601 -0.47055 
92.38 8.80677 -0.574137 
92.39 8.74761 -0.681222 
92.4 8.67819 -0.791879 
92.41 8.59817 -0.906051 
92.42 8.50724 -1.02352 
92.43 8.40511 -1.14384 
92.44 8.29153 -1.26632 
92.45 8.16634 -1.38993 
92.46 8.02951 -1.5133 
92.47 7.88113 -1.63461 
92.48 7.72151 -1.75168 
92.49 7.55116 -1.8619 
92.5 7.37085 -1.96239 
92.51 7.18166 -2.05013 
92.52 6.98491 -2.12216 
92.53 6.78223 -2.17585 
92.54 6.57544 -2.20915 
92.55 6.36653 -2.22086 
92.56 6.15754 -2.21076 
92.57 5.95051 -2.17966 
92.58 5.74734 -2.1293 
92.59 5.54972 -2.0622 
92.6 5.35911 -1.98136 
92.61 5.17664 -1.89001 
92.62 5.00315 -1.79131 
92.63 4.8392 -1.68818 
92.64 4.68507 -1.58316 
92.65 4.54085 -1.4783 
92.66 4.40645 -1.37516 
92.67 4.28164 -1.27486 
92.68 4.16612 -1.1781 
92.69 4.05954 -1.08524 
92.7 3.96153 -0.996367 
92.71 3.87171 -0.911358 
92.72 3.78973 -0.82993 
92.73 3.71527 -0.751693 
92.74 3.64806 -0.676189 
92.75 3.58785 -0.602922 
92.76 3.53446 -0.531378 
92.77 3.48775 -0.461043 
92.78 3.44763 -0.391417 
92.79 3.41406 -0.322018 
92.8 3.38704 -0.252386 
92.81 3.3666 -0.18209 
92.82 3.35284 -0.110724 
92.83 3.34587 -0.0379051 
92.84 3.34584 0.036723 
92.85 3.35294 0.113497 
92.86 3.36739 0.192735 
92.87 3.38944 0.274735 
92.88 3.41935 0.359776 
92.89 3.45743 0.448117 
92.9 3.50399 0.539993 
92.91 3.55939 0.635598 
92.92 3.62397 0.735083 
92.93 3.69812 0.838524 
92.94 3.78219 0.9459 
92.95 3.87657 1.05706 
92.96 3.98158 1.17166 
92.97 4.09753 1.28913 
92.98 4.22466 1.40861 
92.99 4.36309 1.52887 
93 4.51282 1.64829 
93.01 4.67369 1.76479 
93.02 4.8453 1.87587 
93.03 5.027 1.97864 
93.04 5.21788 2.06995 
93.05 5.41669 2.14657 
93.06 5.62191 2.20547 
93.07 5.83173 2.24407 
93.08 6.04416 2.26055 
93.09 6.25706 2.25406 
93.1 6.46827 2.22484 
93.11 6.6757 2.17418 
93.12 6.87742 2.10429 
93.13 7.07176 2.01804 
93.14 7.25732 1.91868 
93.15 7.43303 1.80952 
93.16 7.59811 1.69369 
93.17 7.75208 1.57399 
93.18 7.89466 1.45271 
93.19 8.02582 1.33166 
93.2 8.14563 1.21214 
93.21 8.25428 1.095 
93.22 8.35202 0.980731 
93.23 8.43914 0.869476 
93.24 8.5159 0.761155 
93.25 8.58259 0.655504 
93.26 8.63943 0.552129 
93.27 8.68662 0.450553 
93.28 8.7243 0.35025 
93.29 8.75256 0.250668 
93.3 8.77146 0.151254 
93.31 8.78097 0.0514637 
93.32 8.78103 -0.0492219 
93.33 8.77155 -0.151289 
93.34 8.75237 -0.255181 
93.35 8.7233 -0.361289 
93.36 8.68411 -0.469935 
93.37 8.63455 -0.58136 
93.38 8.57436 -0.695699 
93.39 8.50326 -0.812955 
93.4 8.42097 -0.932964 
93.41 8.32727 -1.05535 
93.42 8.22194 -1.17949 
93.43 8.10486 -1.30445 
93.44 7.97603 -1.42896 
93.45 7.83554 -1.55136 
93.46 7.6837 -1.6696 
93.47 7.52101 -1.78129 
93.48 7.34821 -1.88375 
93.49 7.1663 -1.97415 
93.5 6.97656 -2.04972 
93.51 6.78049 -2.10796 
93.52 6.57983 -2.14689 
93.53 6.37647 -2.16529 
93.54 6.17236 -2.16283 
93.55 5.96945 -2.14013 
93.56 5.76958 -2.09874 
93.57 5.57441 -2.04092 
93.58 5.38535 -1.96948 
93.59 5.20355 -1.88746 
93.6 5.02987 -1.79793 
93.61 4.86486 -1.70374 
93.62 4.70885 -1.60741 
93.63 4.56195 -1.51104 
93.64 4.42406 -1.41628 
93.65 4.29497 -1.32432 
93.66 4.1744 -1.23597 
93.67 4.06196 -1.15168 
93.68 3.95727 -1.07163 
93.69 3.85992 -0.995783 
93.7 3.76954 -0.92393 
93.71 3.68575 -0.85575 
93.72 3.60823 -0.790839 
93.73 3.53669 -0.728751 
93.74 3.47089 -0.669013 
93.75 3.41063 -0.611149 
93.76 3.35575 -0.554695 
93.77 3.30615 -0.4992 
93.78 3.26174 -0.444241 
93.79 3.2225 -0.389423 
93.8 3.18844 -0.33438 
93.81 3.15959 -0.278775 
93.82 3.13601 -0.222303 
93.83 3.11781 -0.164684 
93.84 3.1051 -0.105663 
93.85 3.09803 -0.0450056 
93.86 3.09676 0.0175033 
93.87 3.10147 0.0820658 
93.88 3.11237 0.148874 
93.89 3.12968 0.218112 
93.9 3.15363 0.289962 
93.91 3.18448 0.364603 
93.92 3.2225 0.442213 
93.93 3.26798 0.52297 
93.94 3.32122 0.607042 
93.95 3.38255 0.694585 
93.96 3.45229 0.785727 
93.97 3.53079 0.880551 
93.98 3.6184 0.979068 
93.99 3.71547 1.08119 
94 3.82231 1.18667 
94.01 3.93924 1.29507 
94.02 4.06649 1.4057 
94.03 4.20423 1.51755 
94.04 4.35251 1.62922 
94.05 4.51124 1.7389 
94.06 4.68012 1.84434 
94.07 4.85863 1.94286 
94.08 5.04598 2.03146 
94.09 5.24109 2.10696 
94.1 5.44256 2.16617 
94.11 5.64874 2.20626 
94.12 5.85769 2.22492 
94.13 6.06733 2.22072 
94.14 6.27548 2.19321 
94.15 6.47995 2.14299 
94.16 6.67867 2.07167 
94.17 6.86977 1.98163 
94.18 7.05161 1.87579 
94.19 7.22286 1.75731 
94.2 7.38246 1.62929 
94.21 7.52967 1.49463 
94.22 7.66396 1.3558 
94.23 7.78506 1.21483 
94.24 7.89283 1.07326 
94.25 7.98728 0.932184 
94.26 8.06848 0.792291 
94.27 8.13657 0.653944 
94.28 8.1917 0.517245 
94.29 8.23402 0.382102 
94.3 8.26367 0.248287 
94.31 8.28075 0.115495 
94.32 8.28536 -0.0166146 
94.33 8.27754 -0.148375 
94.34 8.25731 -0.280075 
94.35 8.22466 -0.411924 
94.36 8.17957 -0.544018 
94.37 8.12203 -0.6763 
94.38 8.05202 -0.808529 
94.39 7.96958 -0.940236 
94.4 7.87477 -1.07069 
94.41 7.76777 -1.19888 
94.42 7.64885 -1.32348 
94.43 7.51842 -1.44285 
94.44 7.37706 -1.5551 
94.45 7.22554 -1.65812 
94.46 7.06484 -1.7497 
94.47 6.89614 -1.82768 
94.48 6.7208 -1.89011 
94.49 6.54039 -1.93545 
94.5 6.35655 -1.9627 
94.51 6.17101 -1.97158 
94.52 5.98549 -1.96252 
94.53 5.80163 -1.93666 
94.54 5.62093 -1.89576 
94.55 5.44472 -1.84204 
94.56 5.27408 -1.77797 
94.57 5.10986 -1.70612 
94.58 4.95269 -1.62896 
94.59 4.80296 -1.54875 
94.6 4.66085 -1.46742 
94.61 4.5264 -1.38657 
94.62 4.3995 -1.30744 
94.63 4.27995 -1.23092 
94.64 4.16746 -1.15761 
94.65 4.06171 -1.08784 
94.66 3.96237 -1.02172 
94.67 3.8691 -0.959193 
94.68 3.78155 -0.90008 
94.69 3.69943 -0.844102 
94.7 3.62245 -0.790918 
94.71 3.55037 -0.740147 
94.72 3.48298 -0.691389 
94.73 3.4201 -0.644236 
94.74 3.3616 -0.598285 
94.75 3.3074 -0.55315 
94.76 3.25743 -0.508459 
94.77 3.21166 -0.463867 
94.78 3.1701 -0.419051 
94.79 3.13278 -0.373718 
94.8 3.09978 -0.327597 
94.81 3.07116 -0.280447 
94.82 3.04705 -0.232049 
94.83 3.02756 -0.182208 
94.84 3.01284 -0.130749 
94.85 3.00305 -0.0775153 
94.86 2.99837 -0.0223648 
94.87 2.99898 0.0348339 
94.88 3.00508 0.0942043 
94.89 3.01688 0.155866 
94.9 3.0346 0.219937 
94.91 3.05847 0.286539 
94.92 3.08874 0.355798 
94.93 3.12567 0.427846 
94.94 3.16952 0.502823 
94.95 3.22058 0.580869 
94.96 3.27914 0.662127 
94.97 3.34552 0.746725 
94.98 3.42002 0.83477 
94.99 3.50299 0.926321 
95 3.59474 1.02137 
95.01 3.69561 1.1198 
95.02 3.80591 1.22135 
95.03 3.9259 1.32554 
95.04 4.05581 1.43166 
95.05 4.19576 1.53867 
95.06 4.34579 1.64514 
95.07 4.50575 1.74925 
95.08 4.67532 1.84874 
95.09 4.85395 1.94096 
95.1 5.04081 2.02294 
95.11 5.23478 2.09157 
95.12 5.43447 2.14378 
95.13 5.6382 2.17681 
95.14 5.84404 2.18852 
95.15 6.04993 2.17754 
95.16 6.25369 2.14351 
95.17 6.45318 2.08707 
95.18 6.64635 2.00978 
95.19 6.83134 1.91397 
95.2 7.00653 1.80245 
95.21 7.1706 1.67826 
95.22 7.32247 1.54437 
95.23 7.46138 1.40357 
95.24 7.5868 1.25823 
95.25 7.69837 1.11032 
95.26 7.79595 0.961334 
95.27 7.87948 0.812366 
95.28 7.949 0.664129 
95.29 8.0046 0.517033 
95.3 8.0464 0.371257 
95.31 8.07453 0.226809 
95.32 8.0891 0.0835943 
95.33 8.09023 -0.058532 
95.34 8.07801 -0.199711 
95.35 8.05252 -0.340034 
95.36 8.01386 -0.479499 
95.37 7.9621 -0.617965 
95.38 7.89734 -0.755116 
95.39 7.81975 -0.890423 
95.4 7.72952 -1.02311 
95.41 7.62695 -1.15213 
95.42 7.51245 -1.27617 
95.43 7.38656 -1.39365 
95.44 7.24998 -1.50277 
95.45 7.10358 -1.60161 
95.46 6.94844 -1.68818 
95.47 6.78579 -1.76064 
95.48 6.61705 -1.81739 
95.49 6.44374 -1.85727 
95.5 6.26751 -1.87965 
95.51 6.08999 -1.88455 
95.52 5.91281 -1.87264 
95.53 5.73751 -1.84519 
95.54 5.56546 -1.80397 
95.55 5.39787 -1.75111 
95.56 5.23571 -1.68893 
95.57 5.07977 -1.61978 
95.58 4.93059 -1.54586 
95.59 4.78852 -1.4692 
95.6 4.65374 -1.39151 
95.61 4.52627 -1.31419 
95.62 4.40604 -1.23831 
95.63 4.29286 -1.16465 
95.64 4.1865 -1.0937 
95.65 4.08669 -1.02574 
95.66 3.99314 -0.960849 
95.67 3.90557 -0.898944 
95.68 3.8237 -0.83984 
95.69 3.74728 -0.783263 
95.7 3.67608 -0.728881 
95.71 3.60993 -0.676326 
95.72 3.54865 -0.625209 
95.73 3.49215 -0.575134 
95.74 3.44032 -0.525709 
95.75 3.39315 -0.476552 
95.76 3.3506 -0.427295 
95.77 3.31272 -0.377591 
95.78 3.27955 -0.327113 
95.79 3.25119 -0.275552 
95.8 3.22775 -0.222625 
95.81 3.20938 -0.168065 
95.82 3.19623 -0.111625 
95.83 3.18849 -0.0530745 
95.84 3.18638 0.00780498 
95.85 3.19013 0.0712193 
95.86 3.19998 0.137366 
95.87 3.21619 0.206439 
95.88 3.23906 0.278624 
95.89 3.26888 0.354106 
95.9 3.30598 0.433068 
95.91 3.35069 0.515684 
95.92 3.40335 0.602118 
95.93 3.46435 0.692511 
95.94 3.53406 0.786969 
95.95 3.61286 0.88554 
95.96 3.70114 0.988188 
95.97 3.79927 1.09475 
95.98 3.90762 1.20491 
95.99 4.0265 1.3181 
96 4.15615 1.43349 
96.01 4.29673 1.5499 
96.02 4.44827 1.66572 
96.03 4.61062 1.77894 
96.04 4.78341 1.88708 
96.05 4.96605 1.98725 
96.06 5.15762 2.0763 
96.07 5.35693 2.15095 
96.08 5.56246 2.20807 
96.09 5.77245 2.24496 
96.1 5.98487 2.25966 
96.11 6.19759 2.25112 
96.12 6.4084 2.2194 
96.13 6.61517 2.16563 
96.14 6.81591 2.09187 
96.15 7.00886 2.0009 
96.16 7.19254 1.8959 
96.17 7.3658 1.78017 
96.18 7.52777 1.65684 
96.19 7.67786 1.52873 
96.2 7.81575 1.39818 
96.21 7.9413 1.26703 
96.22 8.05451 1.13665 
96.23 8.1555 1.00791 
96.24 8.24446 0.88134 
96.25 8.3216 0.757124 
96.26 8.38715 0.635208 
96.27 8.4413 0.515355 
96.28 8.48424 0.397199 
96.29 8.51611 0.280292 
96.3 8.537 0.164143 
96.31 8.54696 0.0482448 
96.32 8.54599 -0.0678957 
96.33 8.53405 -0.184739 
96.34 8.51105 -0.302689 
96.35 8.47686 -0.422076 
96.36 8.43135 -0.543126 
96.37 8.37436 -0.665941 
96.38 8.3057 -0.790461 
96.39 8.22524 -0.916433 
96.4 8.13286 -1.04337 
96.41 8.02851 -1.1705 
96.42 7.91221 -1.29674 
96.43 7.78411 -1.42068 
96.44 7.6445 -1.54053 
96.45 7.49388 -1.65421 
96.46 7.33293 -1.75934 
96.47 7.16258 -1.8534 
96.48 6.98398 -1.93387 
96.49 6.79854 -1.99842 
96.5 6.60785 -2.04515 
96.51 6.41365 -2.07277 
96.52 6.21777 -2.08075 
96.53 6.02206 -2.06943 
96.54 5.82829 -2.03996 
96.55 5.63808 -1.99424 
96.56 5.45285 -1.93468 
96.57 5.27379 -1.86405 
96.58 5.10179 -1.78518 
96.59 4.93751 -1.70082 
96.6 4.78134 -1.61347 
96.61 4.63347 -1.52525 
96.62 4.49388 -1.43791 
96.63 4.36243 -1.35277 
96.64 4.23887 -1.27078 
96.65 4.12286 -1.19254 
96.66 4.01404 -1.11838 
96.67 3.91201 -1.04837 
96.68 3.81639 -0.982432 
96.69 3.7268 -0.920332 
96.7 3.64289 -0.86175 
96.71 3.56436 -0.806301 
96.72 3.49092 -0.753565 
96.73 3.42235 -0.703108 
96.74 3.35844 -0.654493 
96.75 3.29904 -0.607296 
96.76 3.24403 -0.561108 
96.77 3.19335 -0.515549 
96.78 3.14695 -0.470263 
96.79 3.10481 -0.424927 
96.8 3.06696 -0.379246 
96.81 3.03344 -0.332957 
96.82 3.00432 -0.285825 
96.83 2.97969 -0.237645 
96.84 2.95965 -0.188236 
96.85 2.94433 -0.13744 
96.86 2.93387 -0.0851178 
96.87 2.92842 -0.0311487 
96.88 2.92813 0.0245768 
96.89 2.93318 0.082159 
96.9 2.94374 0.141694 
96.91 2.96001 0.203276 
96.92 2.98218 0.267002 
96.93 3.01045 0.332978 
96.94 3.04506 0.401313 
96.95 3.08621 0.47213 
96.96 3.13416 0.545557 
96.97 3.18916 0.621731 
96.98 3.25146 0.700785 
96.99 3.32135 0.782844 
97 3.39912 0.868008 
97.01 3.48507 0.956331 
97.02 3.57948 1.0478 
97.03 3.68265 1.14228 
97.04 3.79486 1.2395 
97.05 3.91633 1.33898 
97.06 4.04726 1.44 
97.07 4.18774 1.54152 
97.08 4.33776 1.64213 
97.09 4.49714 1.74003 
97.1 4.66554 1.83303 
97.11 4.84236 1.91854 
97.12 5.02678 1.99372 
97.13 5.21768 2.05557 
97.14 5.41366 2.10117 
97.15 5.61306 2.12791 
97.16 5.81402 2.13373 
97.17 6.01448 2.11737 
97.18 6.21233 2.07845 
97.19 6.40547 2.01758 
97.2 6.59189 1.93622 
97.21 6.76977 1.83655 
97.22 6.93748 1.72121 
97.23 7.0937 1.59307 
97.24 7.23736 1.45497 
97.25 7.36763 1.30956 
97.26 7.48394 1.15916 
97.27 7.58593 1.00568 
97.28 7.67336 0.850657 
97.29 7.74616 0.695211 
97.3 7.80432 0.540143 
97.31 7.84791 0.385979 
97.32 7.87702 0.23304 
97.33 7.89179 0.0815127 
97.34 7.89234 -0.0684919 
97.35 7.87884 -0.216874 
97.36 7.85144 -0.363494 
97.37 7.81031 -0.508117 
97.38 7.75566 -0.650373 
97.39 7.68774 -0.789713 
97.4 7.60686 -0.925381 
97.41 7.5134 -1.05639 
97.42 7.40787 -1.18152 
97.43 7.29087 -1.29932 
97.44 7.16319 -1.40819 
97.45 7.02574 -1.5064 
97.46 6.8796 -1.59224 
97.47 6.72602 -1.66409 
97.48 6.56639 -1.7206 
97.49 6.4022 -1.7608 
97.5 6.23501 -1.78423 
97.51 6.06641 -1.79097 
97.52 5.89794 -1.78167 
97.53 5.73106 -1.75753 
97.54 5.56709 -1.72016 
97.55 5.4072 -1.67151 
97.56 5.25234 -1.61368 
97.57 5.10329 -1.54879 
97.58 4.9606 -1.47888 
97.59 4.82468 -1.40579 
97.6 4.69573 -1.33111 
97.61 4.57384 -1.25615 
97.62 4.45899 -1.18192 
97.63 4.35108 -1.10916 
97.64 4.24993 -1.03836 
97.65 4.15536 -0.969802 
97.66 4.06714 -0.903571 
97.67 3.98506 -0.839614 
97.68 3.9089 -0.777764 
97.69 3.83849 -0.717769 
97.7 3.77366 -0.659315 
97.71 3.71427 -0.602048 
97.72 3.66025 -0.545589 
97.73 3.61152 -0.489549 
97.74 3.56807 -0.433532 
97.75 3.52991 -0.377152 
97.76 3.4971 -0.320028 
97.77 3.46973 -0.261795 
97.78 3.4479 -0.202102 
97.79 3.43179 -0.14061 
97.8 3.42156 -0.0770011 
97.81 3.41745 -0.0109679 
97.82 3.41968 0.057781 
97.83 3.42852 0.129524 
97.84 3.44428 0.204526 
97.85 3.46727 0.283039 
97.86 3.49783 0.365299 
97.87 3.53633 0.451521 
97.88 3.58314 0.541893 
97.89 3.63868 0.636567 
97.9 3.70334 0.735636 
97.91 3.77754 0.83912 
97.92 3.86169 0.946928 
97.93 3.9562 1.05882 
97.94 4.06143 1.17438 
97.95 4.1777 1.29292 
97.96 4.30524 1.41346 
97.97 4.44417 1.53465 
97.98 4.59449 1.65474 
97.99 4.75599 1.77153 
98 4.92824 1.88243 
98.01 5.11054 1.98449 
98.02 5.30192 2.07455 
98.03 5.50109 2.14945 
98.04 5.70649 2.20632 
98.05 5.9163 2.24279 
98.06 6.12852 2.25734 
98.07 6.34105 2.24942 
98.08 6.55179 2.21959 
98.09 6.75874 2.16941 
98.1 6.96009 2.1013 
98.11 7.1543 2.01826 
98.12 7.34009 1.92358 
98.13 7.51655 1.82057 
98.14 7.68302 1.71228 
98.15 7.83914 1.6014 
98.16 7.98478 1.49013 
98.17 8.11998 1.38017 
98.18 8.24493 1.27271 
98.19 8.35989 1.16854 
98.2 8.46521 1.06807 
98.21 8.56124 0.971414 
98.22 8.64833 0.878453 
98.23 8.72683 0.78891 
98.24 8.79703 0.702384 
98.25 8.8592 0.618402 
98.26 8.91356 0.536446 
98.27 8.96027 0.455978 
98.28 8.99944 0.376459 
98.29 9.03114 0.297357 
98.3 9.05539 0.218161 
98.31 9.07215 0.138382 
98.32 9.08135 0.0575554 
98.33 9.08286 -0.0247568 
98.34 9.07653 -0.108966 
98.35 9.06216 -0.195457 
98.36 9.03952 -0.284585 
98.37 9.00835 -0.376677 
98.38 8.96835 -0.472022 
98.39 8.9192 -0.570865 
98.4 8.86056 -0.673391 
98.41 8.79209 -0.779709 
98.42 8.71342 -0.889819 
98.43 8.6242 -1.00359 
98.44 8.5241 -1.12069 
98.45 8.41283 -1.24057 
98.46 8.29017 -1.36238 
98.47 8.15599 -1.48492 
98.48 8.01028 -1.60661 
98.49 7.85323 -1.72541 
98.5 7.68521 -1.83888 
98.51 7.50687 -1.9442 
98.52 7.3191 -2.03831 
98.53 7.12312 -2.11807 
98.54 6.92042 -2.18051 
98.55 6.71276 -2.22314 
98.56 6.50208 -2.24418 
98.57 6.29048 -2.2428 
98.58 6.08007 -2.21923 
98.59 5.87288 -2.17473 
98.6 5.67079 -2.11148 
98.61 5.47544 -2.0323 
98.62 5.28818 -1.9404 
98.63 5.11005 -1.83908 
98.64 4.94179 -1.73146 
98.65 4.78387 -1.62034 
98.66 4.63649 -1.50803 
98.67 4.49968 -1.39639 
98.68 4.3733 -1.28674 
98.69 4.25713 -1.17999 
98.7 4.15087 -1.07664 
98.71 4.05418 -0.976895 
98.72 3.96672 -0.880694 
98.73 3.88817 -0.787805 
98.74 3.81823 -0.69786 
98.75 3.75665 -0.610405 
98.76 3.70321 -0.524931 
98.77 3.65776 -0.440901 
98.78 3.62018 -0.357774 
98.79 3.59041 -0.27501 
98.8 3.56844 -0.192088 
98.81 3.55432 -0.108506 
98.82 3.54812 -0.0237876 
98.83 3.54997 0.0625182 
98.84 3.56005 0.150832 
98.85 3.57856 0.241545 
98.86 3.60575 0.335014 
98.87 3.64189 0.431557 
98.88 3.68728 0.531443 
98.89 3.74224 0.63488 
98.9 3.80713 0.741998 
98.91 3.88228 0.852818 
98.92 3.96804 0.967225 
98.93 4.06475 1.08492 
98.94 4.17267 1.20538 
98.95 4.29205 1.3278 
98.96 4.42301 1.45101 
98.97 4.56556 1.57349 
98.98 4.71954 1.69328 
98.99 4.88459 1.80799 
99 5.0601 1.91489 
99.01 5.24519 2.01098 
99.02 5.43871 2.09318 
99.03 5.6392 2.15854 
99.04 5.84496 2.20457 
99.05 6.05406 2.22944 
99.06 6.26447 2.23226 
99.07 6.4741 2.21315 
99.08 6.68094 2.17326 
99.09 6.88311 2.11465 
99.1 7.07898 2.04009 
99.11 7.26719 1.9527 
99.12 7.44669 1.85576 
99.13 7.61672 1.7524 
99.14 7.77682 1.64543 
99.15 7.92676 1.53724 
99.16 8.06652 1.42971 
99.17 8.19623 1.32424 
99.18 8.31613 1.22178 
99.19 8.42655 1.1229 
99.2 8.52782 1.02785 
99.21 8.62031 0.936602 
99.22 8.70438 0.848966 
99.23 8.78034 0.764602 
99.24 8.84849 0.683078 
99.25 8.90907 0.603905 
99.26 8.96228 0.526566 
99.27 9.00826 0.450532 
99.28 9.04712 0.375281 
99.29 9.07891 0.300302 
99.3 9.10362 0.225109 
99.31 9.12123 0.149236 
99.32 9.13163 0.0722449 
99.33 9.1347 -0.00627863 
99.34 9.13029 -0.0867235 
99.35 9.1182 -0.169455 
99.36 9.09819 -0.254814 
99.37 9.07 -0.343116 
99.38 9.03334 -0.434649 
99.39 8.98789 -0.529667 
99.4 8.93332 -0.628376 
99.41 8.86927 -0.730924 
99.42 8.79537 -0.837375 
99.43 8.71126 -0.947678 
99.44 8.61658 -1.06163 
99.45 8.51101 -1.17884 
99.46 8.39426 -1.29865 
99.47 8.26615 -1.42009 
99.48 8.12656 -1.54182 
99.49 7.97555 -1.66211 
99.5 7.81337 -1.77875 
99.51 7.64047 -1.88915 
99.52 7.45757 -1.99035 
99.53 7.2657 -2.07921 
99.54 7.06616 -2.15258 
99.55 6.86055 -2.20757 
99.56 6.65073 -2.24189 
99.57 6.43871 -2.25401 
99.58 6.22661 -2.24346 
99.59 6.01657 -2.21081 
99.6 5.81059 -2.15767 
99.61 5.61049 -2.08648 
99.62 5.41784 -2.00024 
99.63 5.2339 -1.90224 
99.64 5.05962 -1.79576 
99.65 4.89565 -1.68385 
99.66 4.74239 -1.56914 
99.67 4.59999 -1.45379 
99.68 4.46842 -1.33948 
99.69 4.34752 -1.22736 
99.7 4.23707 -1.11819 
99.71 4.13674 -1.01235 
99.72 4.04623 -0.90994 
99.73 3.96522 -0.810816 
99.74 3.89341 -0.714685 
99.75 3.83053 -0.621136 
99.76 3.77636 -0.529681 
99.77 3.73074 -0.439792 
99.78 3.69353 -0.350919 
99.79 3.66468 -0.262512 
99.8 3.64415 -0.174029 
99.81 3.63199 -0.0849485 
99.82 3.62827 0.00522806 
99.83 3.63311 0.0969696 
99.84 3.6467 0.190713 
99.85 3.66922 0.286856 
99.86 3.70094 0.385756 
99.87 3.74211 0.487716 
99.88 3.79304 0.592973 
99.89 3.85406 0.70168 
99.9 3.92548 0.813885 
99.91 4.00764 0.92949 
99.92 4.10084 1.04822 
99.93 4.20535 1.16957 
99.94 4.32139 1.29276 
99.95 4.44909 1.41667 
99.96 4.58843 1.53981 
99.97 4.73927 1.66027 
99.98 4.90125 1.77574 
99.99 5.07376 1.88356 
100 5.25596 1.98082 
