60.01 -1.75676 1.68215 
60.02 -1.5928 1.79665 
60.03 -1.41831 1.90517 
60.04 -1.23398 2.00476 
60.05 -1.04083 2.0922 
60.06 -0.840131 2.16429 
60.07 -0.633486 2.21802 
60.08 -0.422746 2.25092 
60.09 -0.209958 2.26133 
60.1 0.00271904 2.24859 
60.11 0.213113 2.21312 
60.12 0.419145 2.15639 
60.13 0.618915 2.08075 
60.14 0.810778 1.98916 
60.15 0.993384 1.8849 
60.16 1.16569 1.77126 
60.17 1.32697 1.6513 
60.18 1.47675 1.52772 
60.19 1.6148 1.40271 
60.2 1.74107 1.27798 
60.21 1.85565 1.15473 
60.22 1.9587 1.03373 
60.23 2.05048 0.915384 
60.24 2.13124 0.799794 
60.25 2.20122 0.686837 
60.26 2.26067 0.576216 
60.27 2.30979 0.467521 
60.28 2.34874 0.360266 
60.29 2.37763 0.253923 
60.3 2.39652 0.147946 
60.31 2.40542 0.041798 
60.32 2.40428 -0.065041 
60.33 2.39303 -0.173054 
60.34 2.37152 -0.282674 
60.35 2.3396 -0.394273 
60.36 2.29705 -0.508139 
60.37 2.24366 -0.62446 
60.38 2.17919 -0.743294 
60.39 2.10341 -0.864538 
60.4 2.0161 -0.987891 
60.41 1.91709 -1.11281 
60.42 1.80627 -1.23846 
60.43 1.68361 -1.36369 
60.44 1.54924 -1.48697 
60.45 1.40341 -1.60641 
60.46 1.2466 -1.71976 
60.47 1.07949 -1.82449 
60.48 0.90303 -1.91791 
60.49 0.718406 -1.99732 
60.5 0.52706 -2.06024 
60.51 0.330645 -2.10466 
60.52 0.130975 -2.12922 
60.53 -0.0700473 -2.13342 
60.54 -0.270514 -2.11764 
60.55 -0.468597 -2.08319 
60.56 -0.662628 -2.0321 
60.57 -0.851158 -1.96699 
60.58 -1.033 -1.89076 
60.59 -1.20725 -1.80641 
60.6 -1.37328 -1.71679 
60.61 -1.53071 -1.62446 
60.62 -1.6794 -1.53159 
60.63 -1.81938 -1.43991 
60.64 -1.95082 -1.35073 
60.65 -2.07401 -1.26494 
60.66 -2.18929 -1.18312 
60.67 -2.29707 -1.10552 
60.68 -2.39772 -1.03217 
60.69 -2.49166 -0.962934 
60.7 -2.57925 -0.897537 
60.71 -2.66085 -0.835618 
60.72 -2.73676 -0.776758 
60.73 -2.80725 -0.720508 
60.74 -2.87254 -0.666411 
60.75 -2.93282 -0.614011 
60.76 -2.98822 -0.562868 
60.77 -3.03884 -0.512564 
60.78 -3.08474 -0.462709 
60.79 -3.12596 -0.412941 
60.8 3.12071 -0.362931 
60.81 3.08893 -0.312378 
60.82 3.06195 -0.261014 
60.83 3.03985 -0.208597 
60.84 3.02276 -0.15491 
60.85 3.01078 -0.0997612 
60.86 3.00408 -0.0429756 
60.87 3.00282 0.0156055 
60.88 3.00716 0.0761293 
60.89 3.0173 0.138736 
60.9 3.03344 0.203561 
60.91 3.0558 0.27074 
60.92 3.08461 0.340413 
60.93 3.1201 0.412723 
60.94 -3.12065 0.487817 
60.95 -3.07101 0.565846 
60.96 -3.01387 0.64696 
60.97 -2.94894 0.731298 
60.98 -2.8759 0.818978 
60.99 -2.79445 0.910076 
61 -2.70425 1.0046 
61.01 -2.60498 1.10246 
61.02 -2.49635 1.20342 
61.03 -2.37807 1.30705 
61.04 -2.24993 1.41269 
61.05 -2.11178 1.51935 
61.06 -1.96359 1.6257 
61.07 -1.80545 1.72997 
61.08 -1.63768 1.82998 
61.09 -1.46078 1.92317 
61.1 -1.27553 2.00662 
61.11 -1.083 2.07724 
61.12 -0.884547 2.13195 
61.13 -0.681799 2.16795 
61.14 -0.476636 2.18295 
61.15 -0.27111 2.17549 
61.16 -0.0673756 2.14499 
61.17 0.132413 2.09195 
61.18 0.32619 2.01776 
61.19 0.512062 1.92462 
61.2 0.688367 1.81528 
61.21 0.853719 1.69271 
61.22 1.00702 1.55993 
61.23 1.14743 1.41974 
61.24 1.27437 1.27459 
61.25 1.38749 1.12651 
61.26 1.48657 0.977073 
61.27 1.57155 0.827446 
61.28 1.64246 0.678405 
61.29 1.69936 0.530418 
61.3 1.74238 0.383708 
61.31 1.77164 0.238321 
61.32 1.78725 0.0941922 
61.33 1.78934 -0.0487996 
61.34 1.778 -0.190777 
61.35 1.75332 -0.331818 
61.36 1.7154 -0.471908 
61.37 1.66432 -0.610898 
61.38 1.60022 -0.748466 
61.39 1.52324 -0.884077 
61.4 1.4336 -1.01695 
61.41 1.3316 -1.14605 
61.42 1.21768 -1.27006 
61.43 1.09237 -1.38741 
61.44 0.956382 -1.49631 
61.45 0.810609 -1.59486 
61.46 0.656117 -1.6811 
61.47 0.494152 -1.75321 
61.48 0.326123 -1.80962 
61.49 0.153566 -1.8492 
61.5 -0.0218978 -1.87135 
61.51 -0.198624 -1.8761 
61.52 -0.374999 -1.86413 
61.53 -0.549502 -1.83672 
61.54 -0.72076 -1.79563 
61.55 -0.88758 -1.74299 
61.56 -1.04898 -1.68109 
61.57 -1.2042 -1.61225 
61.58 -1.35269 -1.53867 
61.59 -1.49409 -1.46235 
61.6 -1.62824 -1.38497 
61.61 -1.7551 -1.30793 
61.62 -1.87476 -1.23229 
61.63 -1.98738 -1.15882 
61.64 -2.0932 -1.08801 
61.65 -2.19248 -1.02012 
61.66 -2.2855 -0.95524 
61.67 -2.37254 -0.893287 
61.68 -2.45387 -0.834075 
61.69 -2.52974 -0.77733 
61.7 -2.60037 -0.722723 
61.71 -2.66593 -0.669884 
61.72 -2.72658 -0.618428 
61.73 -2.78243 -0.567958 
61.74 -2.83356 -0.518083 
61.75 -2.87999 -0.46842 
61.76 -2.92174 -0.418603 
61.77 -2.95878 -0.368282 
61.78 -2.99104 -0.317128 
61.79 -3.01842 -0.264833 
61.8 -3.04081 -0.211109 
61.81 -3.05806 -0.155687 
61.82 -3.07 -0.0983152 
61.83 -3.07644 -0.0387592 
61.84 -3.07714 0.0232035 
61.85 -3.07189 0.0877845 
61.86 -3.06043 0.155187 
61.87 -3.04247 0.22561 
61.88 -3.01773 0.299244 
61.89 -2.98589 0.37628 
61.9 -2.94663 0.456902 
61.91 -2.89959 0.541283 
61.92 -2.84442 0.629582 
61.93 -2.78074 0.721931 
61.94 -2.70817 0.818416 
61.95 -2.62631 0.919055 
61.96 -2.53478 1.02377 
61.97 -2.43319 1.13233 
61.98 -2.32121 1.24433 
61.99 -2.19854 1.35911 
62 -2.06497 1.47569 
62.01 -1.92037 1.59273 
62.02 -1.76479 1.70847 
62.03 -1.59846 1.82069 
62.04 -1.42182 1.92675 
62.05 -1.23559 2.02362 
62.06 -1.0408 2.10807 
62.07 -0.838762 2.17686 
62.08 -0.631103 2.22699 
62.09 -0.419701 2.25602 
62.1 -0.206626 2.26234 
62.11 0.00594374 2.24535 
62.12 0.215826 2.20554 
62.13 0.420936 2.14446 
62.14 0.619377 2.06451 
62.15 0.809506 1.96867 
62.16 0.989981 1.86022 
62.17 1.15977 1.74243 
62.18 1.31813 1.61835 
62.19 1.46461 1.49061 
62.2 1.59896 1.36136 
62.21 1.72113 1.23225 
62.22 1.83118 1.10445 
62.23 1.92928 0.978691 
62.24 2.01563 0.855338 
62.25 2.09048 0.734477 
62.26 2.15405 0.615966 
62.27 2.20655 0.499504 
62.28 2.24815 0.384679 
62.29 2.279 0.271012 
62.3 2.29916 0.157987 
62.31 2.30868 0.0450829 
62.32 2.30755 -0.0682057 
62.33 2.29571 -0.18235 
62.34 2.27305 -0.297768 
62.35 2.23945 -0.414804 
62.36 2.19472 -0.533707 
62.37 2.1387 -0.654608 
62.38 2.0712 -0.777486 
62.39 1.99203 -0.902136 
62.4 1.90105 -1.02812 
62.41 1.79815 -1.15476 
62.42 1.68334 -1.28102 
62.43 1.55669 -1.40557 
62.44 1.41846 -1.5267 
62.45 1.26905 -1.64236 
62.46 1.1091 -1.7502 
62.47 0.939453 -1.84767 
62.48 0.761214 -1.93218 
62.49 0.575721 -2.00127 
62.5 0.384531 -2.05285 
62.51 0.18937 -2.08539 
62.52 -0.00792359 -2.09814 
62.53 -0.205482 -2.09117 
62.54 -0.401486 -2.06544 
62.55 -0.594244 -2.02269 
62.56 -0.782259 -1.96527 
62.57 -0.964273 -1.8959 
62.58 -1.1393 -1.81748 
62.59 -1.30661 -1.73283 
62.6 -1.46576 -1.64457 
62.61 -1.6165 -1.55496 
62.62 -1.75881 -1.46586 
62.63 -1.8928 -1.37872 
62.64 -2.01871 -1.29458 
62.65 -2.13686 -1.21413 
62.66 -2.24761 -1.13775 
62.67 -2.35136 -1.06557 
62.68 -2.44851 -0.997536 
62.69 -2.53942 -0.93344 
62.7 -2.62447 -0.87297 
62.71 -2.70398 -0.815748 
62.72 -2.77823 -0.761351 
62.73 -2.84746 -0.70934 
62.74 -2.91189 -0.659271 
62.75 -2.97168 -0.610711 
62.76 -3.02694 -0.563241 
62.77 -3.07777 -0.516471 
62.78 -3.1242 -0.470035 
62.79 3.11692 -0.423599 
62.8 3.07924 -0.376858 
62.81 3.046 -0.32954 
62.82 3.01725 -0.281402 
62.83 2.99308 -0.232227 
62.84 2.9736 -0.181827 
62.85 2.95893 -0.130033 
62.86 2.94922 -0.0767007 
62.87 2.94461 -0.0216979 
62.88 2.94526 0.0350934 
62.89 2.95135 0.0937827 
62.9 2.96306 0.154475 
62.91 2.98059 0.217275 
62.92 3.00414 0.28229 
62.93 3.03392 0.349634 
62.94 3.07016 0.419426 
62.95 3.1131 0.491797 
62.96 -3.12021 0.566881 
62.97 -3.06312 0.644819 
62.98 -2.99855 0.725746 
62.99 -2.92622 0.809779 
63 -2.84581 0.897007 
63.01 -2.75704 0.987459 
63.02 -2.65959 1.08108 
63.03 -2.55318 1.1777 
63.04 -2.43754 1.27696 
63.05 -2.31244 1.37829 
63.06 -2.17773 1.48084 
63.07 -2.03335 1.58344 
63.08 -1.87935 1.68451 
63.09 -1.71599 1.78207 
63.1 -1.54368 1.87376 
63.11 -1.36312 1.95684 
63.12 -1.17526 2.02835 
63.13 -0.981319 2.08529 
63.14 -0.782816 2.12479 
63.15 -0.581512 2.1444 
63.16 -0.379372 2.14237 
63.17 -0.178484 2.11776 
63.18 0.0190154 2.07061 
63.19 0.211044 2.00191 
63.2 0.395649 1.91346 
63.21 0.571081 1.80771 
63.22 0.735839 1.68746 
63.23 0.888694 1.55562 
63.24 1.02869 1.415 
63.25 1.15512 1.26814 
63.26 1.2675 1.11723 
63.27 1.36554 0.964004 
63.28 1.44908 0.809824 
63.29 1.51808 0.655658 
63.3 1.57259 0.50216 
63.31 1.61268 0.349736 
63.32 1.63846 0.198605 
63.33 1.65007 0.0488729 
63.34 1.64763 -0.0994115 
63.35 1.63129 -0.246196 
63.36 1.60119 -0.391372 
63.37 1.5575 -0.53473 
63.38 1.50039 -0.675908 
63.39 1.43011 -0.814362 
63.4 1.34694 -0.949326 
63.41 1.25125 -1.0798 
63.42 1.14353 -1.20453 
63.43 1.02438 -1.32205 
63.44 0.894565 -1.43071 
63.45 0.754999 -1.52873 
63.46 0.606768 -1.61435 
63.47 0.45112 -1.68592 
63.48 0.289449 -1.74205 
63.49 0.123259 -1.78174 
63.5 -0.0458721 -1.80451 
63.51 -0.216349 -1.81043 
63.52 -0.386612 -1.8002 
63.53 -0.555192 -1.77502 
63.54 -0.720755 -1.73656 
63.55 -0.882143 -1.68681 
63.56 -1.03839 -1.62791 
63.57 -1.18874 -1.56203 
63.58 -1.33263 -1.49125 
63.59 -1.46968 -1.41742 
63.6 -1.5997 -1.34216 
63.61 -1.72261 -1.26679 
63.62 -1.83845 -1.19233 
63.63 -1.94734 -1.11951 
63.64 -2.04946 -1.04883 
63.65 -2.14503 -0.980552 
63.66 -2.23428 -0.914762 
63.67 -2.31745 -0.8514 
63.68 -2.39475 -0.79029 
63.69 -2.46638 -0.731176 
63.7 -2.53253 -0.673739 
63.71 -2.59332 -0.617622 
63.72 -2.64888 -0.562443 
63.73 -2.69926 -0.507812 
63.74 -2.7445 -0.453335 
63.75 -2.7846 -0.398625 
63.76 -2.81952 -0.343308 
63.77 -2.84918 -0.287021 
63.78 -2.87348 -0.229417 
63.79 -2.89227 -0.170168 
63.8 -2.90539 -0.10896 
63.81 -2.91264 -0.0454937 
63.82 -2.9138 0.0205133 
63.83 -2.9086 0.0893319 
63.84 -2.89677 0.161221 
63.85 -2.87802 0.236428 
63.86 -2.85201 0.315187 
63.87 -2.81841 0.397721 
63.88 -2.77685 0.484233 
63.89 -2.72694 0.574899 
63.9 -2.66828 0.669859 
63.91 -2.60048 0.769196 
63.92 -2.5231 0.872915 
63.93 -2.43576 0.980911 
63.94 -2.33804 1.09293 
63.95 -2.2296 1.2085 
63.96 -2.11012 1.32692 
63.97 -1.9794 1.44715 
63.98 -1.83731 1.56779 
63.99 -1.68391 1.687 
64 -1.51943 1.80253 
64.01 -1.34435 1.91169 
64.02 -1.15939 2.01145 
64.03 -0.965608 2.09863 
64.04 -0.764328 2.17005 
64.05 -0.557178 2.22284 
64.06 -0.346025 2.25474 
64.07 -0.132914 2.2643 
64.08 0.080025 2.25116 
64.09 0.290675 2.21601 
64.1 0.497036 2.16056 
64.11 0.69731 2.08735 
64.12 0.889963 1.99947 
64.13 1.07377 1.90023 
64.14 1.24782 1.79293 
64.15 1.41149 1.68059 
64.16 1.56444 1.56583 
64.17 1.70655 1.45075 
64.18 1.83785 1.33698 
64.19 1.95854 1.22564 
64.2 2.06888 1.11743 
64.21 2.16919 1.0127 
64.22 2.25979 0.911513 
64.23 2.34101 0.813707 
64.24 2.41316 0.718968 
64.25 2.47651 0.626873 
64.26 2.53129 0.536926 
64.27 2.57767 0.448592 
64.28 2.61578 0.36132 
64.29 2.64569 0.274559 
64.3 2.66743 0.187768 
64.31 2.68097 0.100428 
64.32 2.68623 0.0120418 
64.33 2.6831 -0.0778578 
64.34 2.67141 -0.169708 
64.35 2.65095 -0.263911 
64.36 2.6215 -0.360829 
64.37 2.58277 -0.460779 
64.38 2.53447 -0.564018 
64.39 2.47628 -0.67073 
64.4 2.40786 -0.781004 
64.41 2.32889 -0.894801 
64.42 2.23904 -1.01192 
64.43 2.13801 -1.13196 
64.44 2.02556 -1.25425 
64.45 1.90151 -1.3778 
64.46 1.76582 -1.50129 
64.47 1.61856 -1.62296 
64.48 1.46001 -1.74064 
64.49 1.29066 -1.85179 
64.5 1.11125 -1.95354 
64.51 0.922815 -2.04287 
64.52 0.726669 -2.11679 
64.53 0.524394 -2.17262 
64.54 0.317799 -2.20822 
64.55 0.108862 -2.22227 
64.56 -0.100366 -2.21445 
64.57 -0.307844 -2.18542 
64.58 -0.511646 -2.13686 
64.59 -0.710041 -2.07118 
64.6 -0.901553 -1.99138 
64.61 -1.085 -1.90064 
64.62 -1.25951 -1.80219 
64.63 -1.42448 -1.69896 
64.64 -1.57961 -1.59355 
64.65 -1.72478 -1.48805 
64.66 -1.86006 -1.3841 
64.67 -1.98567 -1.28286 
64.68 -2.10189 -1.18507 
64.69 -2.20908 -1.09113 
64.7 -2.3076 -1.00114 
64.71 -2.39781 -0.915009 
64.72 -2.48008 -0.832458 
64.73 -2.55473 -0.753108 
64.74 -2.62203 -0.676506 
64.75 -2.68221 -0.602155 
64.76 -2.73548 -0.529542 
64.77 -2.78197 -0.458148 
64.78 -2.82176 -0.38747 
64.79 -2.85491 -0.317019 
64.8 -2.88141 -0.246332 
64.81 -2.90123 -0.174971 
64.82 -2.91427 -0.102522 
64.83 -2.92041 -0.0285987 
64.84 -2.91951 0.0471636 
64.85 -2.91137 0.125107 
64.86 -2.89577 0.205554 
64.87 -2.87246 0.288807 
64.88 -2.84116 0.375148 
64.89 -2.80157 0.464837 
64.9 -2.75337 0.558104 
64.91 -2.6962 0.655138 
64.92 -2.6297 0.756073 
64.93 -2.55351 0.860966 
64.94 -2.46725 0.969764 
64.95 -2.37056 1.08227 
64.96 -2.26311 1.19808 
64.97 -2.14462 1.31656 
64.98 -2.01488 1.43674 
64.99 -1.87378 1.55731 
65 -1.72137 1.6765 
65.01 -1.55788 1.79214 
65.02 -1.38376 1.9016 
65.03 -1.19974 2.00192 
65.04 -1.00682 2.08991 
65.05 -0.806318 2.16237 
65.06 -0.599838 2.21639 
65.07 -0.389236 2.24956 
65.08 -0.176557 2.26034 
65.09 0.0360535 2.24816 
65.1 0.246449 2.21357 
65.11 0.452582 2.15813 
65.12 0.652598 2.08426 
65.13 0.844899 1.99497 
65.14 1.02818 1.89356 
65.15 1.20147 1.7833 
65.16 1.36406 1.66726 
65.17 1.51555 1.5481 
65.18 1.65575 1.42798 
65.19 1.78465 1.30858 
65.2 1.90238 1.19106 
65.21 2.00915 1.07619 
65.22 2.10523 0.964325 
65.23 2.19091 0.855569 
65.24 2.26649 0.74978 
65.25 2.33223 0.646655 
65.26 2.38835 0.545775 
65.27 2.43505 0.446646 
65.28 2.47248 0.348733 
65.29 2.50071 0.251483 
65.3 2.51979 0.154339 
65.31 2.52969 0.0567613 
65.32 2.53036 -0.0417677 
65.33 2.52168 -0.141733 
65.34 2.5035 -0.243579 
65.35 2.47561 -0.347701 
65.36 2.4378 -0.45443 
65.37 2.38979 -0.564025 
65.38 2.33131 -0.676644 
65.39 2.26208 -0.792326 
65.4 2.18181 -0.910953 
65.41 2.09023 -1.03221 
65.42 1.98712 -1.15555 
65.43 1.87233 -1.28012 
65.44 1.74578 -1.40474 
65.45 1.60755 -1.52786 
65.46 1.45787 -1.64753 
65.47 1.29716 -1.76142 
65.48 1.1261 -1.86689 
65.49 0.945602 -1.96112 
65.5 0.756874 -2.04125 
65.51 0.561366 -2.10463 
65.52 0.360766 -2.14907 
65.53 0.156935 -2.17309 
65.54 -0.0481672 -2.17607 
65.55 -0.252566 -2.15837 
65.56 -0.454365 -2.12126 
65.57 -0.65183 -2.06687 
65.58 -0.843455 -1.99789 
65.59 -1.02801 -1.91735 
65.6 -1.20454 -1.82835 
65.61 -1.37241 -1.73387 
65.62 -1.53121 -1.63655 
65.63 -1.6808 -1.53863 
65.64 -1.8212 -1.44188 
65.65 -1.95259 -1.34763 
65.66 -2.07525 -1.25679 
65.67 -2.18952 -1.1699 
65.68 -2.29581 -1.08721 
65.69 -2.3945 -1.00872 
65.7 -2.48598 -0.934268 
65.71 -2.57062 -0.863543 
65.72 -2.64876 -0.796156 
65.73 -2.72068 -0.731662 
65.74 -2.78665 -0.669587 
65.75 -2.84685 -0.609449 
65.76 -2.90147 -0.550773 
65.77 -2.9506 -0.493097 
65.78 -2.99433 -0.435985 
65.79 -3.03269 -0.379028 
65.8 -3.06567 -0.321846 
65.81 -3.09324 -0.264087 
65.82 -3.11533 -0.205429 
65.83 -3.13183 -0.145578 
65.84 3.14055 -0.0842623 
65.85 3.13561 -0.0212308 
65.86 3.13669 0.0437493 
65.87 -3.13919 0.110897 
65.88 -3.12544 0.180422 
65.89 -3.10503 0.252527 
65.9 -3.07769 0.327408 
65.91 -3.04316 0.40526 
65.92 -3.00115 0.486273 
65.93 -2.95135 0.570628 
65.94 -2.89344 0.658491 
65.95 -2.82708 0.750006 
65.96 -2.75192 0.845271 
65.97 -2.66761 0.944319 
65.98 -2.57379 1.04708 
65.99 -2.47012 1.15336 
66 -2.35628 1.26276 
66.01 -2.23202 1.37464 
66.02 -2.09713 1.48806 
66.03 -1.95153 1.60171 
66.04 -1.79528 1.71385 
66.05 -1.62862 1.82231 
66.06 -1.45202 1.92448 
66.07 -1.2662 2.0174 
66.08 -1.07218 2.09788 
66.09 -0.8713 2.16271 
66.1 -0.665166 2.20891 
66.11 -0.455656 2.23406 
66.12 -0.244838 2.2365 
66.13 -0.0348922 2.2156 
66.14 0.171994 2.17176 
66.15 0.373718 2.10644 
66.16 0.568359 2.02191 
66.17 0.754237 1.92106 
66.18 0.929965 1.80705 
66.19 1.09445 1.68309 
66.2 1.24691 1.55215 
66.21 1.38679 1.41681 
66.22 1.5138 1.27922 
66.23 1.6278 1.14102 
66.24 1.72879 1.00338 
66.25 1.81687 0.867058 
66.26 1.89218 0.732463 
66.27 1.95489 0.599717 
66.28 2.00518 0.46873 
66.29 2.04319 0.339262 
66.3 2.06907 0.210971 
66.31 2.08289 0.083467 
66.32 2.08472 -0.0436579 
66.33 2.07457 -0.170789 
66.34 2.05242 -0.298259 
66.35 2.01824 -0.42632 
66.36 1.97196 -0.555105 
66.37 1.91351 -0.684604 
66.38 1.84283 -0.81462 
66.39 1.75989 -0.944735 
66.4 1.6647 -1.07427 
66.41 1.55738 -1.20227 
66.42 1.43812 -1.32743 
66.43 1.30726 -1.44817 
66.44 1.1653 -1.56256 
66.45 1.01295 -1.66846 
66.46 0.851117 -1.76358 
66.47 0.680916 -1.84562 
66.48 0.503688 -1.91245 
66.49 0.320952 -1.9623 
66.5 0.134372 -1.99395 
66.51 -0.0543053 -2.00685 
66.52 -0.243319 -2.00125 
66.53 -0.430964 -1.97811 
66.54 -0.615663 -1.93912 
66.55 -0.79602 -1.88646 
66.56 -0.970866 -1.82264 
66.57 -1.13927 -1.75032 
66.58 -1.30056 -1.6721 
66.59 -1.45429 -1.59036 
66.6 -1.60024 -1.50718 
66.61 -1.73834 -1.4243 
66.62 -1.86869 -1.34307 
66.63 -1.99151 -1.26447 
66.64 -2.10707 -1.18919 
66.65 -2.2157 -1.11759 
66.66 -2.31777 -1.04984 
66.67 -2.41363 -0.985912 
66.68 -2.50363 -0.925627 
66.69 -2.58811 -0.868717 
66.7 -2.66738 -0.814843 
66.71 -2.74169 -0.763619 
66.72 -2.81129 -0.714638 
66.73 -2.87636 -0.667485 
66.74 -2.93705 -0.621749 
66.75 -2.99348 -0.577035 
66.76 -3.04574 -0.532964 
66.77 -3.09385 -0.489185 
66.78 -3.13784 -0.445369 
66.79 3.10549 -0.40122 
66.8 3.06983 -0.356465 
66.81 3.03843 -0.310863 
66.82 3.01136 -0.264198 
66.83 2.98876 -0.216279 
66.84 2.97073 -0.166939 
66.85 2.95742 -0.116028 
66.86 2.94899 -0.063418 
66.87 2.9456 -0.00899092 
66.88 2.94743 0.0473592 
66.89 2.95466 0.105732 
66.9 2.96749 0.166226 
66.91 2.98612 0.228938 
66.92 3.01077 0.29397 
66.93 3.04166 0.361433 
66.94 3.07902 0.431443 
66.95 3.1231 0.504128 
66.96 -3.10903 0.57962 
66.97 -3.05071 0.658056 
66.98 -2.98487 0.739566 
66.99 -2.9112 0.824261 
67 -2.8294 0.912218 
67.01 -2.73915 1.00345 
67.02 -2.64016 1.09789 
67.03 -2.53213 1.19532 
67.04 -2.41479 1.29537 
67.05 -2.28792 1.3974 
67.06 -2.15138 1.50051 
67.07 -2.00513 1.60345 
67.08 -1.84924 1.70457 
67.09 -1.684 1.80181 
67.1 -1.50986 1.89271 
67.11 -1.32758 1.97449 
67.12 -1.13813 2.04414 
67.13 -0.942814 2.09864 
67.14 -0.743188 2.13518 
67.15 -0.541062 2.15142 
67.16 -0.338431 2.1457 
67.17 -0.137409 2.11729 
67.18 0.0598697 2.0664 
67.19 0.251334 1.9942 
67.2 0.435062 1.90264 
67.21 0.609345 1.79426 
67.22 0.772733 1.67192 
67.23 0.924047 1.53855 
67.24 1.06238 1.39694 
67.25 1.18708 1.24957 
67.26 1.2977 1.09855 
67.27 1.39399 0.945551 
67.28 1.47581 0.791844 
67.29 1.54316 0.638331 
67.3 1.59606 0.485604 
67.31 1.63463 0.334014 
67.32 1.65897 0.183737 
67.33 1.66922 0.0348427 
67.34 1.66549 -0.112645 
67.35 1.64794 -0.258696 
67.36 1.6167 -0.403216 
67.37 1.57192 -0.546005 
67.38 1.51377 -0.686707 
67.39 1.44249 -0.82478 
67.4 1.35835 -0.959455 
67.41 1.26172 -1.08972 
67.42 1.15307 -1.21433 
67.43 1.033 -1.33179 
67.44 0.902267 -1.44042 
67.45 0.761785 -1.53845 
67.46 0.612638 -1.62407 
67.47 0.456075 -1.69562 
67.48 0.293492 -1.75169 
67.49 0.126399 -1.79126 
67.5 -0.0436203 -1.81383 
67.51 -0.214964 -1.81949 
67.52 -0.386066 -1.80893 
67.53 -0.555451 -1.78336 
67.54 -0.72178 -1.74447 
67.55 -0.883891 -1.69427 
67.56 -1.04082 -1.63491 
67.57 -1.19181 -1.5686 
67.58 -1.3363 -1.49742 
67.59 -1.47392 -1.42325 
67.6 -1.60447 -1.34771 
67.61 -1.72789 -1.27213 
67.62 -1.84423 -1.19753 
67.63 -1.9536 -1.12465 
67.64 -2.05621 -1.05398 
67.65 -2.15227 -0.985795 
67.66 -2.24202 -0.920166 
67.67 -2.32571 -0.857035 
67.68 -2.40355 -0.796225 
67.69 -2.47577 -0.737475 
67.7 -2.54252 -0.680465 
67.71 -2.60397 -0.624836 
67.72 -2.66023 -0.570207 
67.73 -2.71137 -0.516186 
67.74 -2.75744 -0.462379 
67.75 -2.79842 -0.408402 
67.76 -2.8343 -0.353879 
67.77 -2.865 -0.298451 
67.78 -2.89042 -0.241774 
67.79 -2.91042 -0.183521 
67.8 -2.92485 -0.123381 
67.81 -2.93351 -0.0610621 
67.82 -2.93619 0.00371715 
67.83 -2.93264 0.0712227 
67.84 -2.92258 0.14171 
67.85 -2.90574 0.215422 
67.86 -2.88179 0.292593 
67.87 -2.85039 0.373444 
67.88 -2.8112 0.458182 
67.89 -2.76383 0.546993 
67.9 -2.7079 0.640029 
67.91 -2.643 0.737399 
67.92 -2.56871 0.839141 
67.93 -2.48464 0.945201 
67.94 -2.39038 1.05539 
67.95 -2.28555 1.16933 
67.96 -2.16983 1.28643 
67.97 -2.04297 1.40578 
67.98 -1.9048 1.52614 
67.99 -1.75531 1.64585 
68 -1.59465 1.76282 
68.01 -1.42319 1.87452 
68.02 -1.24158 1.97804 
68.03 -1.05071 2.07022 
68.04 -0.851828 2.14783 
68.05 -0.646439 2.20784 
68.06 -0.43633 2.24768 
68.07 -0.223493 2.26556 
68.08 -0.0100463 2.26064 
68.09 0.201866 2.23319 
68.1 0.410175 2.18453 
68.11 0.61298 2.1169 
68.12 0.808629 2.03321 
68.13 0.995757 1.93673 
68.14 1.17332 1.83078 
68.15 1.34057 1.71852 
68.16 1.49706 1.60275 
68.17 1.64256 1.48578 
68.18 1.77705 1.36942 
68.19 1.90066 1.25498 
68.2 2.0136 1.14332 
68.21 2.11617 1.03492 
68.22 2.20869 0.929929 
68.23 2.29146 0.828275 
68.24 2.36481 0.729692 
68.25 2.42899 0.633788 
68.26 2.48424 0.540088 
68.27 2.53074 0.448065 
68.28 2.56863 0.357168 
68.29 2.59799 0.266842 
68.3 2.61883 0.176536 
68.31 2.63115 0.0857205 
68.32 2.63486 -0.00611238 
68.33 2.62986 -0.0994402 
68.34 2.61597 -0.194707 
68.35 2.593 -0.292317 
68.36 2.5607 -0.392629 
68.37 2.51882 -0.495947 
68.38 2.46705 -0.602502 
68.39 2.40508 -0.71244 
68.4 2.33258 -0.825788 
68.41 2.24926 -0.942429 
68.42 2.1548 -1.06205 
68.43 2.04894 -1.18411 
68.44 1.9315 -1.30778 
68.45 1.80238 -1.43187 
68.46 1.66161 -1.55484 
68.47 1.50938 -1.6747 
68.48 1.34609 -1.78911 
68.49 1.17239 -1.89534 
68.5 0.989171 -1.99048 
68.51 0.797633 -2.07155 
68.52 0.599234 -2.13574 
68.53 0.395676 -2.18073 
68.54 0.188855 -2.20485 
68.55 -0.0192208 -2.20739 
68.56 -0.226521 -2.18858 
68.57 -0.431086 -2.1497 
68.58 -0.631118 -2.09284 
68.59 -0.825047 -2.02075 
68.6 -1.01158 -1.93654 
68.61 -1.18973 -1.8434 
68.62 -1.3588 -1.74439 
68.63 -1.51837 -1.64224 
68.64 -1.66826 -1.53925 
68.65 -1.80847 -1.43724 
68.66 -1.93916 -1.33758 
68.67 -2.06061 -1.24118 
68.68 -2.17315 -1.14859 
68.69 -2.27715 -1.06005 
68.7 -2.37299 -0.975545 
68.71 -2.46105 -0.894892 
68.72 -2.54168 -0.817763 
68.73 -2.6152 -0.743744 
68.74 -2.68186 -0.672367 
68.75 -2.7419 -0.603135 
68.76 -2.7955 -0.535542 
68.77 -2.84278 -0.469089 
68.78 -2.88384 -0.403292 
68.79 -2.9187 -0.337692 
68.8 -2.94738 -0.271851 
68.81 -2.96983 -0.205362 
68.82 -2.98597 -0.137843 
68.83 -2.99568 -0.0689368 
68.84 -2.99882 0.00168912 
68.85 -2.99521 0.074348 
68.86 -2.98465 0.149335 
68.87 -2.9669 0.22693 
68.88 -2.94171 0.307397 
68.89 -2.90879 0.390989 
68.9 -2.86784 0.477939 
68.91 -2.81854 0.568459 
68.92 -2.76052 0.662731 
68.93 -2.69344 0.760891 
68.94 -2.61693 0.863005 
68.95 -2.53061 0.969048 
68.96 -2.43412 1.07886 
68.97 -2.32712 1.1921 
68.98 -2.20931 1.30819 
68.99 -2.08046 1.42627 
69 -1.94044 1.54511 
69.01 -1.78925 1.66307 
69.02 -1.62706 1.77808 
69.03 -1.45427 1.88761 
69.04 -1.27154 1.98877 
69.05 -1.07979 2.07837 
69.06 -0.880273 2.15318 
69.07 -0.674528 2.21013 
69.08 -0.464363 2.24665 
69.09 -0.251798 2.26088 
69.1 -0.0389837 2.25196 
69.11 0.171902 2.22013 
69.12 0.378753 2.16667 
69.13 0.579626 2.09377 
69.14 0.772821 2.00431 
69.15 0.956929 1.90152 
69.16 1.13085 1.78871 
69.17 1.29379 1.66899 
69.18 1.44523 1.54514 
69.19 1.58489 1.41944 
69.2 1.71269 1.29369 
69.21 1.82868 1.16917 
69.22 1.93304 1.04674 
69.23 2.02597 0.926847 
69.24 2.10773 0.809654 
69.25 2.17857 0.695071 
69.26 2.23872 0.582829 
69.27 2.28839 0.472539 
69.28 2.32773 0.363724 
69.29 2.35688 0.255867 
69.3 2.37588 0.148426 
69.31 2.38475 0.040865 
69.32 2.38347 -0.0673321 
69.33 2.37194 -0.176647 
69.34 2.35003 -0.28751 
69.35 2.3176 -0.400285 
69.36 2.27443 -0.515255 
69.37 2.22032 -0.632592 
69.38 2.15504 -0.752338 
69.39 2.07837 -0.874365 
69.4 1.9901 -0.998343 
69.41 1.89009 -1.12369 
69.42 1.77822 -1.24954 
69.43 1.65453 -1.37467 
69.44 1.51914 -1.49753 
69.45 1.37235 -1.61617 
69.46 1.21467 -1.72833 
69.47 1.04683 -1.83144 
69.48 0.869802 -1.92284 
69.49 0.684823 -1.99987 
69.5 0.49336 -2.06013 
69.51 0.297089 -2.10172 
69.52 0.0978315 -2.12342 
69.53 -0.102513 -2.12487 
69.54 -0.302053 -2.10659 
69.55 -0.498991 -2.07001 
69.56 -0.691697 -2.01725 
69.57 -0.878767 -1.95095 
69.58 -1.05906 -1.87403 
69.59 -1.23172 -1.78947 
69.6 -1.39616 -1.70006 
69.61 -1.55204 -1.60828 
69.62 -1.69924 -1.51624 
69.63 -1.83781 -1.42559 
69.64 -1.96796 -1.33759 
69.65 -2.08997 -1.25307 
69.66 -2.2042 -1.17256 
69.67 -2.31104 -1.09628 
69.68 -2.41089 -1.02423 
69.69 -2.50414 -0.956273 
69.7 -2.59116 -0.892109 
69.71 -2.67231 -0.831374 
69.72 -2.74787 -0.773649 
69.73 -2.81811 -0.718487 
69.74 -2.88326 -0.665433 
69.75 -2.9435 -0.614035 
69.76 -2.99894 -0.563861 
69.77 -3.0497 -0.514497 
69.78 -3.09584 -0.46556 
69.79 -3.13736 -0.416696 
69.8 3.10891 -0.36758 
69.81 3.07665 -0.31792 
69.82 3.0491 -0.267454 
69.83 3.02636 -0.215946 
69.84 3.00853 -0.163188 
69.85 2.99573 -0.108994 
69.86 2.98811 -0.0531966 
69.87 2.98583 0.00435478 
69.88 2.98907 0.0637994 
69.89 2.99799 0.125269 
69.9 3.01281 0.18889 
69.91 3.03373 0.254791 
69.92 3.06096 0.323102 
69.93 3.09475 0.393957 
69.94 3.13535 0.467497 
69.95 -3.10019 0.54387 
69.96 -3.0452 0.623221 
69.97 -2.98259 0.705693 
69.98 -2.91206 0.791411 
69.99 -2.8333 0.880468 
70 -2.74599 0.9729 
70.01 -2.64981 1.06866 
70.02 -2.54446 1.16757 
70.03 -2.42966 1.26929 
70.04 -2.30516 1.37325 
70.05 -2.17079 1.4786 
70.06 -2.02647 1.58414 
70.07 -1.87227 1.68831 
70.08 -1.70839 1.78908 
70.09 -1.53527 1.88406 
70.1 -1.35358 1.97046 
70.11 -1.16427 2.04527 
70.12 -0.968582 2.10541 
70.13 -0.768037 2.14794 
70.14 -0.564415 2.17037 
70.15 -0.359702 2.17089 
70.16 -0.156015 2.14858 
70.17 0.0444893 2.10348 
70.18 0.239706 2.03664 
70.19 0.427668 1.94994 
70.2 0.606618 1.8459 
70.21 0.775059 1.72741 
70.22 0.931768 1.59747 
70.23 1.0758 1.45896 
70.24 1.20649 1.31447 
70.25 1.32335 1.16618 
70.26 1.42614 1.01585 
70.27 1.51471 0.864816 
70.28 1.58906 0.714006 
70.29 1.64923 0.564022 
70.3 1.69531 0.415199 
70.31 1.72744 0.267675 
70.32 1.74572 0.121457 
70.33 1.75028 -0.0235212 
70.34 1.74123 -0.167339 
70.35 1.71869 -0.31004 
70.36 1.68275 -0.451589 
70.37 1.63353 -0.591818 
70.38 1.57117 -0.730396 
70.39 1.49585 -0.866781 
70.4 1.40782 -1.0002 
70.41 1.30739 -1.12961 
70.42 1.195 -1.25373 
70.43 1.07123 -1.37099 
70.44 0.936805 -1.47967 
70.45 0.792617 -1.57787 
70.46 0.639744 -1.66371 
70.47 0.479437 -1.73542 
70.48 0.313102 -1.79148 
70.49 0.142268 -1.83081 
70.5 -0.0314563 -1.85284 
70.51 -0.20644 -1.85765 
70.52 -0.381086 -1.84592 
70.53 -0.553891 -1.81892 
70.54 -0.723496 -1.77839 
70.55 -0.888722 -1.72642 
70.56 -1.04859 -1.66526 
70.57 -1.20236 -1.59719 
70.58 -1.34946 -1.52437 
70.59 -1.48956 -1.44875 
70.6 -1.62245 -1.37201 
70.61 -1.74812 -1.2955 
70.62 -1.86662 -1.22026 
70.63 -1.97812 -1.14706 
70.64 -2.08284 -1.07638 
70.65 -2.18102 -1.00849 
70.66 -2.27294 -0.943466 
70.67 -2.35886 -0.881229 
70.68 -2.43904 -0.821598 
70.69 -2.51371 -0.764302 
70.7 -2.58307 -0.709014 
70.71 -2.64731 -0.65537 
70.72 -2.70655 -0.602983 
70.73 -2.76089 -0.551459 
70.74 -2.81041 -0.500408 
70.75 -2.85512 -0.449445 
70.76 -2.89502 -0.398202 
70.77 -2.93006 -0.346327 
70.78 -2.96017 -0.293486 
70.79 -2.98524 -0.239366 
70.8 -3.00514 -0.183671 
70.81 -3.0197 -0.126126 
70.82 -3.02875 -0.0664686 
70.83 -3.03207 -0.00445411 
70.84 -3.02942 0.0601513 
70.85 -3.02056 0.127571 
70.86 -3.0052 0.198021 
70.87 -2.98305 0.271711 
70.88 -2.9538 0.348842 
70.89 -2.91712 0.42961 
70.9 -2.87264 0.5142 
70.91 -2.82001 0.602777 
70.92 -2.75884 0.695481 
70.93 -2.68873 0.792403 
70.94 -2.6093 0.893569 
70.95 -2.52013 0.998907 
70.96 -2.42086 1.1082 
70.97 -2.31111 1.22106 
70.98 -2.19058 1.33684 
70.99 -2.05905 1.45458 
71 -1.91638 1.57299 
71.01 -1.76258 1.69031 
71.02 -1.59787 1.80438 
71.03 -1.42267 1.91257 
71.04 -1.23766 2.0119 
71.05 -1.04384 2.09915 
71.06 -0.842496 2.17106 
71.07 -0.635222 2.22462 
71.08 -0.423868 2.25733 
71.09 -0.210487 2.26752 
71.1 0.00276084 2.25451 
71.11 0.213699 2.21873 
71.12 0.420245 2.16167 
71.13 0.620497 2.08568 
71.14 0.812809 1.99375 
71.15 0.995831 1.88915 
71.16 1.16853 1.7752 
71.17 1.33016 1.65497 
71.18 1.48028 1.53117 
71.19 1.61865 1.406 
71.2 1.74522 1.28115 
71.21 1.86009 1.15785 
71.22 1.96344 1.03685 
71.23 2.05551 0.918546 
71.24 2.13657 0.80305 
71.25 2.20687 0.690228 
71.26 2.26665 0.579781 
71.27 2.31611 0.471294 
71.28 2.35543 0.364279 
71.29 2.38471 0.258204 
71.3 2.40401 0.152521 
71.31 2.41335 0.0466887 
71.32 2.4127 -0.0598154 
71.33 2.40195 -0.167478 
71.34 2.38099 -0.276738 
71.35 2.34964 -0.387972 
71.36 2.30771 -0.501477 
71.37 2.25496 -0.61745 
71.38 2.19117 -0.735961 
71.39 2.11609 -0.856923 
71.4 2.02951 -0.980056 
71.41 1.93124 -1.10484 
71.42 1.82117 -1.23046 
71.43 1.69927 -1.3558 
71.44 1.56563 -1.47937 
71.45 1.42049 -1.59929 
71.46 1.26432 -1.71334 
71.47 1.09778 -1.81902 
71.48 0.921777 -1.91361 
71.49 0.737495 -1.9944 
71.5 0.546352 -2.05888 
71.51 0.349987 -2.10497 
71.52 0.150207 -2.13125 
71.53 -0.051085 -2.1371 
71.54 -0.251972 -2.12286 
71.55 -0.450612 -2.08974 
71.56 -0.645312 -2.03973 
71.57 -0.8346 -1.9754 
71.58 -1.01726 -1.89967 
71.59 -1.19236 -1.81553 
71.6 -1.35925 -1.72587 
71.61 -1.51753 -1.63328 
71.62 -1.66703 -1.53997 
71.63 -1.80777 -1.44771 
71.64 -1.93991 -1.35785 
71.65 -2.06374 -1.27133 
71.66 -2.17959 -1.18873 
71.67 -2.28785 -1.11033 
71.68 -2.38893 -1.03618 
71.69 -2.4832 -0.966154 
71.7 -2.57107 -0.899982 
71.71 -2.65286 -0.837306 
71.72 -2.72889 -0.77771 
71.73 -2.79944 -0.720745 
71.74 -2.86472 -0.665951 
71.75 -2.92492 -0.61287 
71.76 -2.98018 -0.561058 
71.77 -3.0306 -0.510096 
71.78 -3.07624 -0.459586 
71.79 -3.11713 -0.409166 
71.8 3.12993 -0.358499 
71.81 3.09859 -0.307282 
71.82 3.07212 -0.255241 
71.83 3.05061 -0.20213 
71.84 3.03415 -0.147728 
71.85 3.02289 -0.0918354 
71.86 3.01698 -0.0342736 
71.87 3.01657 0.0251223 
71.88 3.02185 0.0865057 
71.89 3.03301 0.150023 
71.9 3.05026 0.215816 
71.91 3.07382 0.284029 
71.92 3.10393 0.354805 
71.93 3.14083 0.428295 
71.94 -3.09839 0.50465 
71.95 -3.0471 0.584025 
71.96 -2.98818 0.666571 
71.97 -2.92133 0.752422 
71.98 -2.84623 0.841688 
71.99 -2.76255 0.934427 
72 -2.66998 1.03062 
72.01 -2.56819 1.13014 
72.02 -2.45687 1.2327 
72.03 -2.33576 1.33781 
72.04 -2.20466 1.44469 
72.05 -2.06345 1.55226 
72.06 -1.91213 1.65905 
72.07 -1.75085 1.76316 
72.08 -1.57998 1.86228 
72.09 -1.40011 1.9537 
72.1 -1.21211 2.03442 
72.11 -1.01713 2.10131 
72.12 -0.81662 2.15133 
72.13 -0.612301 2.1818 
72.14 -0.406117 2.19066 
72.15 -0.20017 2.1767 
72.16 0.00337154 2.1397 
72.17 0.202365 2.08044 
72.18 0.394787 2.00063 
72.19 0.578811 1.90269 
72.2 0.752861 1.7895 
72.21 0.915641 1.66408 
72.22 1.06614 1.52944 
72.23 1.20363 1.38828 
72.24 1.3276 1.24294 
72.25 1.43774 1.09531 
72.26 1.53393 0.946823 
72.27 1.61612 0.798514 
72.28 1.68437 0.651039 
72.29 1.73878 0.504766 
72.3 1.77946 0.359832 
72.31 1.80655 0.21622 
72.32 1.82016 0.0738093 
72.33 1.8204 -0.0675602 
72.34 1.80736 -0.208043 
72.35 1.78113 -0.34774 
72.36 1.74176 -0.486655 
72.37 1.68935 -0.624653 
72.38 1.62398 -0.76142 
72.39 1.54581 -0.896428 
72.4 1.45503 -1.0289 
72.41 1.35192 -1.15779 
72.42 1.23689 -1.28176 
72.43 1.11047 -1.39925 
72.44 0.973358 -1.50843 
72.45 0.826426 -1.60737 
72.46 0.670733 -1.69406 
72.47 0.507524 -1.76665 
72.48 0.338206 -1.82351 
72.49 0.164322 -1.86347 
72.5 -0.0125008 -1.88589 
72.51 -0.190604 -1.89077 
72.52 -0.368361 -1.87877 
72.53 -0.544237 -1.85117 
72.54 -0.716842 -1.80976 
72.55 -0.884974 -1.75668 
72.56 -1.04764 -1.69425 
72.57 -1.20407 -1.62483 
72.58 -1.35372 -1.55067 
72.59 -1.49623 -1.47377 
72.6 -1.63143 -1.39587 
72.61 -1.75929 -1.31837 
72.62 -1.87992 -1.24236 
72.63 -1.99347 -1.16861 
72.64 -2.1002 -1.09762 
72.65 -2.20038 -1.02967 
72.66 -2.2943 -0.964824 
72.67 -2.38226 -0.90302 
72.68 -2.46452 -0.844063 
72.69 -2.54134 -0.787678 
72.7 -2.61296 -0.733532 
72.71 -2.67957 -0.681256 
72.72 -2.74133 -0.630459 
72.73 -2.79834 -0.580746 
72.74 -2.85071 -0.531725 
72.75 -2.89848 -0.483013 
72.76 -2.94165 -0.434245 
72.77 -2.98022 -0.385072 
72.78 -3.01412 -0.33517 
72.79 -3.04326 -0.284233 
72.8 -3.06755 -0.231979 
72.81 -3.08684 -0.178143 
72.82 -3.10098 -0.122483 
72.83 -3.10978 -0.0647704 
72.84 -3.11303 -0.00479266 
72.85 -3.11052 0.0576522 
72.86 -3.102 0.122757 
72.87 -3.08721 0.190709 
72.88 -3.06588 0.261692 
72.89 -3.03772 0.335886 
72.9 -3.0024 0.41347 
72.91 -2.95961 0.494618 
72.92 -2.909 0.579494 
72.93 -2.85021 0.668249 
72.94 -2.78287 0.761 
72.95 -2.7066 0.857818 
72.96 -2.62102 0.958699 
72.97 -2.52574 1.06353 
72.98 -2.42042 1.17205 
72.99 -2.30471 1.28378 
73 -2.17835 1.398 
73.01 -2.04115 1.51365 
73.02 -1.89304 1.62928 
73.03 -1.73411 1.74302 
73.04 -1.56464 1.85254 
73.05 -1.38516 1.9551 
73.06 -1.19646 2.0476 
73.07 -0.999653 2.12681 
73.08 -0.796135 2.1895 
73.09 -0.587604 2.23281 
73.1 -0.375998 2.25449 
73.11 -0.16343 2.25315 
73.12 0.0479083 2.22847 
73.13 0.255843 2.1812 
73.14 0.458323 2.11311 
73.15 0.6535 2.02675 
73.16 0.839793 1.92518 
73.17 1.01592 1.81167 
73.18 1.18092 1.68944 
73.19 1.3341 1.56142 
73.2 1.47504 1.4301 
73.21 1.60353 1.29749 
73.22 1.71952 1.16513 
73.23 1.82309 1.03404 
73.24 1.91439 0.90486 
73.25 1.99362 0.777892 
73.26 2.06099 0.653158 
73.27 2.1167 0.530483 
73.28 2.16094 0.409546 
73.29 2.19384 0.289933 
73.3 2.21552 0.171173 
73.31 2.22602 0.0527793 
73.32 2.22537 -0.0657307 
73.33 2.21352 -0.184805 
73.34 2.19041 -0.304837 
73.35 2.15594 -0.42614 
73.36 2.10996 -0.548924 
73.37 2.05234 -0.673264 
73.38 1.98293 -0.799072 
73.39 1.90161 -0.926054 
73.4 1.80829 -1.05368 
73.41 1.70295 -1.18112 
73.42 1.58565 -1.30725 
73.43 1.45658 -1.43059 
73.44 1.31609 -1.54933 
73.45 1.16471 -1.66133 
73.46 1.00319 -1.76423 
73.47 0.832507 -1.85553 
73.48 0.653861 -1.93279 
73.49 0.468686 -1.99381 
73.5 0.2786 -2.03681 
73.51 0.0853599 -2.06071 
73.52 -0.109213 -2.06516 
73.53 -0.303301 -2.05067 
73.54 -0.495177 -2.01855 
73.55 -0.683267 -1.97077 
73.56 -0.86621 -1.90982 
73.57 -1.04289 -1.83845 
73.58 -1.21246 -1.75944 
73.59 -1.37433 -1.67548 
73.6 -1.52815 -1.58895 
73.61 -1.67376 -1.50191 
73.62 -1.81122 -1.41598 
73.63 -1.94067 -1.3324 
73.64 -2.06239 -1.25207 
73.65 -2.17672 -1.1755 
73.66 -2.28401 -1.103 
73.67 -2.38467 -1.03459 
73.68 -2.47906 -0.970182 
73.69 -2.56757 -0.90952 
73.7 -2.65052 -0.85228 
73.71 -2.72822 -0.798076 
73.72 -2.80093 -0.74649 
73.73 -2.86889 -0.69709 
73.74 -2.93228 -0.649448 
73.75 -2.99125 -0.603144 
73.76 -3.0459 -0.557779 
73.77 -3.09631 -0.512979 
73.78 3.14068 -0.468397 
73.79 3.09869 -0.423716 
73.8 3.06093 -0.378648 
73.81 3.02744 -0.332938 
73.82 2.99829 -0.286357 
73.83 2.97358 -0.238704 
73.84 2.95342 -0.189805 
73.85 2.93793 -0.139506 
73.86 2.92726 -0.0876755 
73.87 2.92154 -0.0341955 
73.88 2.92094 0.0210378 
73.89 2.92563 0.0781202 
73.9 2.93579 0.137143 
73.91 2.9516 0.198195 
73.92 2.97326 0.261371 
73.93 3.00098 0.326769 
73.94 3.03497 0.394497 
73.95 3.07546 0.464672 
73.96 3.12267 0.53742 
73.97 -3.10632 0.612873 
73.98 -3.04489 0.691167 
73.99 -2.97594 0.772426 
74 -2.89919 0.856755 
74.01 -2.81435 0.944215 
74.02 -2.72112 1.0348 
74.03 -2.61921 1.12841 
74.04 -2.50835 1.22479 
74.05 -2.3883 1.32349 
74.06 -2.25886 1.42385 
74.07 -2.11993 1.52487 
74.08 -1.9715 1.62521 
74.09 -1.81371 1.72314 
74.1 -1.64689 1.81654 
74.11 -1.47159 1.90289 
74.12 -1.28859 1.97938 
74.13 -1.09896 2.04305 
74.14 -0.904051 2.09096 
74.15 -0.705482 2.12043 
74.16 -0.505091 2.12933 
74.17 -0.304892 2.11624 
74.18 -0.106988 2.08065 
74.19 0.0865121 2.02298 
74.2 0.273586 1.94457 
74.21 0.452369 1.84748 
74.22 0.62122 1.73426 
74.23 0.778752 1.60777 
74.24 0.923848 1.47084 
74.25 1.05565 1.32615 
74.26 1.17355 1.17609 
74.27 1.27713 1.02262 
74.28 1.36615 0.867351 
74.29 1.44051 0.711466 
74.3 1.50017 0.555826 
74.31 1.54521 0.401008 
74.32 1.5757 0.247378 
74.33 1.59179 0.0951534 
74.34 1.5936 -0.0555254 
74.35 1.58129 -0.20454 
74.36 1.55502 -0.351734 
74.37 1.51498 -0.496865 
74.38 1.46137 -0.639558 
74.39 1.39445 -0.779264 
74.4 1.31454 -0.915229 
74.41 1.22202 -1.04647 
74.42 1.11741 -1.17178 
74.43 1.00133 -1.28973 
74.44 0.874546 -1.39872 
74.45 0.73798 -1.49705 
74.46 0.592718 -1.58302 
74.47 0.440004 -1.65503 
74.48 0.281217 -1.71175 
74.49 0.117848 -1.75223 
74.5 -0.0485469 -1.77598 
74.51 -0.21639 -1.7831 
74.52 -0.38414 -1.77423 
74.53 -0.550342 -1.75055 
74.54 -0.713673 -1.71366 
74.55 -0.872976 -1.66548 
74.56 -1.02728 -1.6081 
74.57 -1.17583 -1.54363 
74.58 -1.31805 -1.47408 
74.59 -1.45354 -1.40129 
74.6 -1.58207 -1.32684 
74.61 -1.70357 -1.25203 
74.62 -1.81803 -1.17789 
74.63 -1.92556 -1.10514 
74.64 -2.02633 -1.03428 
74.65 -2.12051 -0.965587 
74.66 -2.20832 -0.89916 
74.67 -2.28998 -0.834945 
74.68 -2.36568 -0.772778 
74.69 -2.43561 -0.712408 
74.7 -2.49991 -0.653525 
74.71 -2.55873 -0.595776 
74.72 -2.61214 -0.538783 
74.73 -2.6602 -0.482156 
74.74 -2.70292 -0.425501 
74.75 -2.74029 -0.368429 
74.76 -2.77224 -0.31056 
74.77 -2.79869 -0.251525 
74.78 -2.8195 -0.190971 
74.79 -2.83453 -0.12856 
74.8 -2.84357 -0.0639666 
74.81 -2.84641 0.00311674 
74.82 -2.8428 0.0729849 
74.83 -2.83246 0.145919 
74.84 -2.8151 0.222185 
74.85 -2.79039 0.302036 
74.86 -2.75797 0.385705 
74.87 -2.71748 0.473404 
74.88 -2.66853 0.565313 
74.89 -2.61072 0.661566 
74.9 -2.54363 0.762237 
74.91 -2.46684 0.867311 
74.92 -2.37995 0.976653 
74.93 -2.28258 1.08997 
74.94 -2.17435 1.20675 
74.95 -2.05499 1.32622 
74.96 -1.92428 1.44729 
74.97 -1.78216 1.56847 
74.98 -1.62867 1.68788 
74.99 -1.46412 1.80318 
75 -1.28899 1.91167 
75.01 -1.10409 2.01031 
75.02 -0.910477 2.09594 
75.03 -0.709534 2.16549 
75.04 -0.502906 2.21623 
75.05 -0.292471 2.24606 
75.06 -0.0802642 2.25379 
75.07 0.131615 2.23923 
75.08 0.3411 2.20328 
75.09 0.546257 2.14781 
75.1 0.745364 2.07546 
75.11 0.936976 1.98934 
75.12 1.11995 1.89278 
75.13 1.29346 1.78901 
75.14 1.45696 1.68098 
75.15 1.61018 1.57121 
75.16 1.75305 1.46175 
75.17 1.88568 1.35411 
75.18 2.0083 1.24937 
75.19 2.1212 1.14818 
75.2 2.22475 1.05085 
75.21 2.31931 0.957416 
75.22 2.40524 0.867709 
75.23 2.48287 0.78141 
75.24 2.55252 0.698098 
75.25 2.61444 0.617286 
75.26 2.66884 0.538453 
75.27 2.71588 0.461064 
75.28 2.75567 0.384589 
75.29 2.78828 0.308508 
75.3 2.81372 0.232322 
75.31 2.83196 0.155558 
75.32 2.84292 0.0777666 
75.33 2.84648 -0.00147564 
75.34 2.84249 -0.0825662 
75.35 2.83076 -0.165878 
75.36 2.81107 -0.251759 
75.37 2.78314 -0.340532 
75.38 2.7467 -0.432489 
75.39 2.70144 -0.527888 
75.4 2.64702 -0.626941 
75.41 2.58309 -0.729799 
75.42 2.50928 -0.836526 
75.43 2.42524 -0.947075 
75.44 2.33061 -1.06125 
75.45 2.22507 -1.17864 
75.46 2.10833 -1.29859 
75.47 1.98021 -1.42015 
75.48 1.84062 -1.54197 
75.49 1.68959 -1.6623 
75.5 1.52739 -1.77894 
75.51 1.35447 -1.8893 
75.52 1.17157 -1.99042 
75.53 0.979692 -2.07915 
75.54 0.780166 -2.15235 
75.55 0.57459 -2.20716 
75.56 0.364812 -2.24127 
75.57 0.152861 -2.25318 
75.58 -0.0591424 -2.24243 
75.59 -0.26908 -2.2096 
75.6 -0.474941 -2.15631 
75.61 -0.674905 -2.085 
75.62 -0.867415 -1.99869 
75.63 -1.05121 -1.90066 
75.64 -1.22534 -1.79418 
75.65 -1.38915 -1.6823 
75.66 -1.54227 -1.56764 
75.67 -1.68454 -1.45237 
75.68 -1.81598 -1.33814 
75.69 -1.93675 -1.22612 
75.7 -2.0471 -1.11705 
75.71 -2.14732 -1.01131 
75.72 -2.23773 -0.908984 
75.73 -2.31866 -0.809948 
75.74 -2.39039 -0.7139 
75.75 -2.4532 -0.620427 
75.76 -2.50731 -0.529042 
75.77 -2.55287 -0.439217 
75.78 -2.59003 -0.350401 
75.79 -2.61884 -0.262046 
75.8 -2.63932 -0.173609 
75.81 -2.65145 -0.084569 
75.82 -2.65513 0.00557139 
75.83 -2.65025 0.0972811 
75.84 -2.63664 0.190996 
75.85 -2.61409 0.287115 
75.86 -2.58236 0.385994 
75.87 -2.54116 0.487935 
75.88 -2.49021 0.593176 
75.89 -2.42917 0.701871 
75.9 -2.35773 0.814064 
75.91 -2.27556 0.92966 
75.92 -2.18235 1.04838 
75.93 -2.07782 1.16973 
75.94 -1.96176 1.29291 
75.95 -1.83405 1.41681 
75.96 -1.69469 1.53994 
75.97 -1.54384 1.6604 
75.98 -1.38185 1.77587 
75.99 -1.20933 1.88368 
76 -1.02712 1.98092 
76.01 -0.836362 2.06458 
76.02 -0.638479 2.1318 
76.03 -0.435138 2.18011 
76.04 -0.228212 2.20772 
76.05 -0.0197021 2.2137 
76.06 0.188348 2.19813 
76.07 0.393951 2.1621 
76.08 0.595267 2.1076 
76.09 0.790674 2.03727 
76.1 0.978826 1.95421 
76.11 1.15867 1.86163 
76.12 1.32947 1.76263 
76.13 1.49074 1.66002 
76.14 1.64226 1.55619 
76.15 1.78401 1.45304 
76.16 1.91613 1.35202 
76.17 2.03887 1.25412 
76.18 2.15256 1.15994 
76.19 2.25755 1.06977 
76.2 2.35423 0.983621 
76.21 2.44298 0.901338 
76.22 2.52414 0.822607 
76.23 2.59804 0.747023 
76.24 2.66494 0.67412 
76.25 2.72507 0.603401 
76.26 2.77862 0.534357 
76.27 2.82573 0.466482 
76.28 2.86647 0.399287 
76.29 2.9009 0.332303 
76.3 2.92901 0.265085 
76.31 2.95075 0.197215 
76.32 2.96605 0.128304 
76.33 2.9748 0.0579839 
76.34 2.97684 -0.0140864 
76.35 2.97199 -0.0882293 
76.36 2.96005 -0.164748 
76.37 2.94078 -0.243931 
76.38 2.91391 -0.326048 
76.39 2.87915 -0.411354 
76.4 2.8362 -0.500086 
76.41 2.78472 -0.592451 
76.42 2.72435 -0.688622 
76.43 2.65475 -0.788717 
76.44 2.57552 -0.892774 
76.45 2.4863 -1.00073 
76.46 2.38674 -1.11235 
76.47 2.27651 -1.22724 
76.48 2.15532 -1.34471 
76.49 2.02297 -1.46377 
76.5 1.87939 -1.58305 
76.51 1.72463 -1.70077 
76.52 1.55893 -1.81467 
76.53 1.38279 -1.9221 
76.54 1.19695 -2.02004 
76.55 1.00245 -2.10526 
76.56 0.800648 -2.17458 
76.57 0.593184 -2.22507 
76.58 0.381946 -2.25439 
76.59 0.169007 -2.26104 
76.6 -0.0434652 -2.24457 
76.61 -0.253313 -2.20559 
76.62 -0.458485 -2.14575 
76.63 -0.657128 -2.06755 
76.64 -0.84765 -1.97401 
76.65 -1.02876 -1.86844 
76.66 -1.19948 -1.7541 
76.67 -1.35913 -1.63402 
76.68 -1.5073 -1.51079 
76.69 -1.64379 -1.38654 
76.7 -1.76858 -1.26287 
76.71 -1.88179 -1.14091 
76.72 -1.98361 -1.02135 
76.73 -2.07429 -0.904539 
76.74 -2.1541 -0.790539 
76.75 -2.22329 -0.679187 
76.76 -2.28209 -0.570163 
76.77 -2.33072 -0.46304 
76.78 -2.36932 -0.35732 
76.79 -2.398 -0.252468 
76.8 -2.41682 -0.147935 
76.81 -2.42578 -0.0431821 
76.82 -2.42484 0.0623122 
76.83 -2.4139 0.169032 
76.84 -2.39284 0.277415 
76.85 -2.36146 0.387836 
76.86 -2.31958 0.500592 
76.87 -2.26695 0.615884 
76.88 -2.20333 0.733787 
76.89 -2.12849 0.854221 
76.9 -2.04218 0.976916 
76.91 -1.94423 1.10137 
76.92 -1.8345 1.22678 
76.93 -1.71294 1.35205 
76.94 -1.57965 1.4757 
76.95 -1.43485 1.59588 
76.96 -1.27898 1.71038 
76.97 -1.11269 1.8167 
76.98 -0.93687 1.91212 
76.99 -0.752681 1.99392 
77 -0.561531 2.05953 
77.01 -0.365048 2.10684 
77.02 -0.165033 2.13436 
77.03 0.0366094 2.14142 
77.04 0.237956 2.12827 
77.05 0.437151 2.09609 
77.06 0.632487 2.04682 
77.07 0.82247 1.98302 
77.08 1.00587 1.90759 
77.09 1.18172 1.82355 
77.1 1.34936 1.7338 
77.11 1.50837 1.64096 
77.12 1.65858 1.54728 
77.13 1.79999 1.45457 
77.14 1.93276 1.36419 
77.15 2.05716 1.27712 
77.16 2.17353 1.19394 
77.17 2.28225 1.11497 
77.18 2.38374 1.04027 
77.19 2.47838 0.969706 
77.2 2.56655 0.90302 
77.21 2.6486 0.839856 
77.22 2.72486 0.7798 
77.23 2.79557 0.722402 
77.24 2.86099 0.667199 
77.25 2.92129 0.613733 
77.26 2.97662 0.561558 
77.27 3.02707 0.510249 
77.28 3.07271 0.459409 
77.29 3.11357 0.408671 
77.3 -3.13355 0.357696 
77.31 -3.10231 0.306179 
77.32 -3.07596 0.253842 
77.33 -3.05458 0.200437 
77.34 -3.0383 0.14574 
77.35 -3.02724 0.0895507 
77.36 -3.02156 0.0316859 
77.37 -3.02141 -0.0280212 
77.38 -3.02697 -0.0897266 
77.39 -3.03845 -0.153579 
77.4 -3.05606 -0.219724 
77.41 -3.08001 -0.288306 
77.42 -3.11054 -0.359474 
77.43 3.13529 -0.433377 
77.44 3.09083 -0.510172 
77.45 3.03899 -0.590013 
77.46 2.97948 -0.673049 
77.47 2.912 -0.759417 
77.48 2.83621 -0.84922 
77.49 2.7518 -0.942512 
77.5 2.65844 -1.03927 
77.51 2.55581 -1.13934 
77.52 2.4436 -1.24243 
77.53 2.32155 -1.34801 
77.54 2.18947 -1.45528 
77.55 2.04725 -1.56313 
77.56 1.89489 -1.67003 
77.57 1.73259 -1.77404 
77.58 1.56071 -1.8728 
77.59 1.37987 -1.96357 
77.6 1.19098 -2.04332 
77.61 0.995225 -2.10891 
77.62 0.794073 -2.15732 
77.63 0.589276 -2.18591 
77.64 0.382801 -2.19271 
77.65 0.176762 -2.1766 
77.66 -0.0266684 -2.13746 
77.67 -0.225355 -2.07619 
77.68 -0.41729 -1.99458 
77.69 -0.60067 -1.89513 
77.7 -0.773948 -1.78074 
77.71 -0.935861 -1.65448 
77.72 -1.08543 -1.51929 
77.73 -1.22194 -1.37789 
77.74 -1.34493 -1.23255 
77.75 -1.45411 -1.08512 
77.76 -1.54935 -0.936994 
77.77 -1.63063 -0.789155 
77.78 -1.69803 -0.642224 
77.79 -1.75163 -0.496536 
77.8 -1.79157 -0.352205 
77.81 -1.81796 -0.209189 
77.82 -1.83094 -0.0673545 
77.83 -1.8306 0.0734737 
77.84 -1.81703 0.213459 
77.85 -1.7903 0.35271 
77.86 -1.75049 0.491236 
77.87 -1.69766 0.628905 
77.88 -1.63191 0.765409 
77.89 -1.55337 0.900219 
77.9 -1.46223 1.03256 
77.91 -1.35879 1.16138 
77.92 -1.24342 1.28536 
77.93 -1.11666 1.40291 
77.94 -0.979193 1.5122 
77.95 -0.831899 1.61128 
77.96 -0.67583 1.69815 
77.97 -0.512226 1.77092 
77.98 -0.342498 1.82797 
77.99 -0.168186 1.86808 
78 0.00907762 1.89062 
78.01 0.187631 1.89557 
78.02 0.365842 1.8836 
78.03 0.542172 1.85597 
78.04 0.715226 1.81448 
78.05 0.883796 1.76126 
78.06 1.04689 1.69868 
78.07 1.20373 1.62908 
78.08 1.35377 1.55472 
78.09 1.49665 1.47763 
78.1 1.6322 1.39955 
78.11 1.76041 1.3219 
78.12 1.88136 1.24575 
78.13 1.99523 1.1719 
78.14 2.10226 1.10084 
78.15 2.20275 1.03285 
78.16 2.29697 0.968007 
78.17 2.38522 0.906237 
78.18 2.46779 0.847349 
78.19 2.54493 0.791066 
78.2 2.61687 0.737056 
78.21 2.68382 0.684948 
78.22 2.74593 0.634353 
78.23 2.80333 0.584873 
78.24 2.8561 0.536115 
78.25 2.90429 0.487699 
78.26 2.94792 0.439258 
78.27 2.98698 0.390445 
78.28 3.0214 0.340935 
78.29 3.05111 0.290425 
78.3 3.076 0.238633 
78.31 3.09595 0.185298 
78.32 3.11078 0.130177 
78.33 3.12033 0.0730473 
78.34 3.12439 0.013697 
78.35 3.12275 -0.048072 
78.36 3.11517 -0.112449 
78.37 3.10139 -0.179618 
78.38 3.08115 -0.249759 
78.39 3.05415 -0.323048 
78.4 3.02009 -0.399663 
78.41 2.97864 -0.479776 
78.42 2.92948 -0.563552 
78.43 2.87225 -0.651145 
78.44 2.80658 -0.742681 
78.45 2.7321 -0.838243 
78.46 2.64842 -0.937849 
78.47 2.55517 -1.04142 
78.48 2.45198 -1.14872 
78.49 2.33853 -1.25936 
78.5 2.21451 -1.37266 
78.51 2.07973 -1.48766 
78.52 1.93409 -1.60301 
78.53 1.77763 -1.71694 
78.54 1.61059 -1.82725 
78.55 1.43343 -1.93128 
78.56 1.24688 -2.02604 
78.57 1.05197 -2.10828 
78.58 0.850021 -2.17477 
78.59 0.642673 -2.22253 
78.6 0.431807 -2.24913 
78.61 0.219501 -2.25296 
78.62 0.00793813 -2.23341 
78.63 -0.200694 -2.19098 
78.64 -0.404303 -2.12718 
78.65 -0.600981 -2.0444 
78.66 -0.789074 -1.94558 
78.67 -0.967224 -1.83396 
78.68 -1.13438 -1.71279 
78.69 -1.28978 -1.58506 
78.7 -1.43293 -1.45339 
78.71 -1.56358 -1.31991 
78.72 -1.68163 -1.18625 
78.73 -1.78711 -1.05357 
78.74 -1.88017 -0.922597 
78.75 -1.96098 -0.793708 
78.76 -2.02975 -0.666991 
78.77 -2.08667 -0.542319 
78.78 -2.13193 -0.419408 
78.79 -2.16567 -0.29787 
78.8 -2.188 -0.177255 
78.81 -2.199 -0.0570878 
78.82 -2.19867 0.0631011 
78.83 -2.187 0.183751 
78.84 -2.16392 0.305247 
78.85 -2.12934 0.42789 
78.86 -2.08314 0.551877 
78.87 -2.02519 0.677266 
78.88 -1.95537 0.803948 
78.89 -1.87355 0.931603 
78.9 -1.77969 1.05967 
78.91 -1.67377 1.18728 
78.92 -1.55589 1.31329 
78.93 -1.42627 1.43618 
78.94 -1.28529 1.5541 
78.95 -1.13352 1.66492 
78.96 -0.971728 1.76626 
78.97 -0.800936 1.85567 
78.98 -0.622377 1.93076 
78.99 -0.437504 1.9894 
79 -0.247949 2.02995 
79.01 -0.0554703 2.05142 
79.02 0.138117 2.05359 
79.03 0.331019 2.0371 
79.04 0.521535 2.00332 
79.05 0.708128 1.95431 
79.06 0.889478 1.89255 
79.07 1.06451 1.8208 
79.08 1.23242 1.74181 
79.09 1.39264 1.65819 
79.1 1.54485 1.57228 
79.11 1.68893 1.48606 
79.12 1.82494 1.40109 
79.13 1.95304 1.31858 
79.14 2.07351 1.23933 
79.15 2.18668 1.16386 
79.16 2.29293 1.09243 
79.17 2.39264 1.02505 
79.18 2.48618 0.961604 
79.19 2.57392 0.901843 
79.2 2.65619 0.845433 
79.21 2.73328 0.791988 
79.22 2.80545 0.741092 
79.23 2.87293 0.692316 
79.24 2.9359 0.645235 
79.25 2.9945 0.599436 
79.26 3.04882 0.554523 
79.27 3.09893 0.510127 
79.28 -3.13831 0.465906 
79.29 -3.09653 0.421548 
79.3 -3.05896 0.37677 
79.31 -3.02563 0.331319 
79.32 -2.99663 0.28497 
79.33 -2.97204 0.237527 
79.34 -2.95198 0.188816 
79.35 -2.93658 0.138689 
79.36 -2.92597 0.0870148 
79.37 -2.92031 0.0336782 
79.38 -2.91975 -0.0214228 
79.39 -2.92447 -0.0783823 
79.4 -2.93465 -0.137289 
79.41 -2.95047 -0.198233 
79.42 -2.97213 -0.261305 
79.43 -2.99984 -0.326603 
79.44 -3.03381 -0.394233 
79.45 -3.07427 -0.464312 
79.46 -3.12144 -0.536965 
79.47 3.1076 -0.612325 
79.48 3.04622 -0.690524 
79.49 2.97733 -0.771688 
79.5 2.90066 -0.855921 
79.51 2.8159 -0.943286 
79.52 2.72276 -1.03378 
79.53 2.62096 -1.12729 
79.54 2.51021 -1.22358 
79.55 2.39027 -1.32221 
79.56 2.26096 -1.4225 
79.57 2.12216 -1.52346 
79.58 1.97386 -1.62377 
79.59 1.81621 -1.7217 
79.6 1.64953 -1.81512 
79.61 1.47435 -1.90154 
79.62 1.29147 -1.97815 
79.63 1.10195 -2.04197 
79.64 0.90714 -2.09008 
79.65 0.708642 -2.1198 
79.66 0.508299 -2.12896 
79.67 0.308121 -2.11616 
79.68 0.110211 -2.08086 
79.69 -0.0833228 -2.02348 
79.7 -0.270456 -1.94533 
79.71 -0.449323 -1.84847 
79.72 -0.618276 -1.73545 
79.73 -0.775927 -1.6091 
79.74 -0.921154 -1.47228 
79.75 -1.0531 -1.32766 
79.76 -1.17114 -1.17762 
79.77 -1.27487 -1.02416 
79.78 -1.36403 -0.868868 
79.79 -1.43852 -0.712945 
79.8 -1.49833 -0.557254 
79.81 -1.54349 -0.402379 
79.82 -1.57412 -0.248687 
79.83 -1.59032 -0.0964003 
79.84 -1.59225 0.0543389 
79.85 -1.58005 0.20341 
79.86 -1.55388 0.350656 
79.87 -1.51394 0.495833 
79.88 -1.46043 0.638566 
79.89 -1.3936 0.778306 
79.9 -1.31377 0.914299 
79.91 -1.22135 1.04556 
79.92 -1.11682 1.17089 
79.93 -1.00082 1.28886 
79.94 -0.87412 1.39787 
79.95 -0.737633 1.49621 
79.96 -0.592451 1.5822 
79.97 -0.439813 1.65423 
79.98 -0.281101 1.71097 
79.99 -0.117804 1.75147 
80 0.0485215 1.77526 
80.01 0.216299 1.78242 
80.02 0.383987 1.77359 
80.03 0.550131 1.74995 
80.04 0.713407 1.71311 
80.05 0.872661 1.66498 
80.06 1.02692 1.60764 
80.07 1.17543 1.5432 
80.08 1.3176 1.47369 
80.09 1.45306 1.40092 
80.1 1.58156 1.32649 
80.11 1.70302 1.2517 
80.12 1.81746 1.17755 
80.13 1.92496 1.1048 
80.14 2.02569 1.03394 
80.15 2.11984 0.965235 
80.16 2.20762 0.898788 
80.17 2.28924 0.834548 
80.18 2.3649 0.772351 
80.19 2.43478 0.711947 
80.2 2.49905 0.653025 
80.21 2.55781 0.595232 
80.22 2.61117 0.53819 
80.23 2.65917 0.48151 
80.24 2.70183 0.424797 
80.25 2.73913 0.367663 
80.26 2.77101 0.309727 
80.27 2.79737 0.25062 
80.28 2.8181 0.18999 
80.29 2.83302 0.127496 
80.3 2.84196 0.0628155 
80.31 2.84469 -0.00436123 
80.32 2.84096 -0.0743287 
80.33 2.83049 -0.147368 
80.34 2.81299 -0.223746 
80.35 2.78812 -0.303716 
80.36 2.75554 -0.387509 
80.37 2.71487 -0.475339 
80.38 2.66573 -0.567382 
80.39 2.60772 -0.663773 
80.4 2.54041 -0.764584 
80.41 2.4634 -0.869796 
80.42 2.37627 -0.97927 
80.43 2.27864 -1.09271 
80.44 2.17015 -1.20959 
80.45 2.05052 -1.32914 
80.46 1.91954 -1.45024 
80.47 1.77713 -1.57141 
80.48 1.62338 -1.69074 
80.49 1.45856 -1.8059 
80.5 1.28319 -1.91416 
80.51 1.09806 -2.01248 
80.52 0.904263 -2.09772 
80.53 0.703174 -2.16678 
80.54 0.49645 -2.21697 
80.55 0.285972 -2.24623 
80.56 0.0737775 -2.25336 
80.57 -0.138034 -2.23822 
80.58 -0.347399 -2.20175 
80.59 -0.55239 -2.14584 
80.6 -0.751295 -2.07314 
80.61 -0.942675 -1.98677 
80.62 -1.1254 -1.89007 
80.63 -1.29865 -1.78625 
80.64 -1.46189 -1.67825 
80.65 -1.61486 -1.5686 
80.66 -1.75749 -1.4593 
80.67 -1.8899 -1.35188 
80.68 -2.01232 -1.24738 
80.69 -2.12505 -1.14646 
80.7 -2.22845 -1.0494 
80.71 -2.32288 -0.956249 
80.72 -2.40871 -0.866827 
80.73 -2.48628 -0.780811 
80.74 -2.55588 -0.69778 
80.75 -2.61778 -0.617244 
80.76 -2.67219 -0.538684 
80.77 -2.71927 -0.461565 
80.78 -2.75912 -0.385355 
80.79 -2.79182 -0.309539 
80.8 -2.81737 -0.233617 
80.81 -2.83574 -0.157118 
80.82 -2.84686 -0.0795936 
80.83 -2.8506 -0.000622089 
80.84 -2.84683 0.0801928 
80.85 -2.83533 0.163223 
80.86 -2.8159 0.248815 
80.87 -2.78826 0.337291 
80.88 -2.75215 0.428945 
80.89 -2.70724 0.524034 
80.9 -2.65319 0.622772 
80.91 -2.58967 0.725313 
80.92 -2.5163 0.831728 
80.93 -2.43272 0.941975 
80.94 -2.33859 1.05586 
80.95 -2.23356 1.17301 
80.96 -2.11737 1.29277 
80.97 -1.9898 1.4142 
80.98 -1.85077 1.53599 
80.99 -1.70031 1.6564 
81 -1.53865 1.77327 
81.01 -1.36625 1.88402 
81.02 -1.18382 1.98571 
81.03 -0.992352 2.0752 
81.04 -0.793156 2.14933 
81.05 -0.587815 2.20521 
81.06 -0.378166 2.2405 
81.07 -0.16623 2.25363 
81.08 0.045873 2.24408 
81.09 0.25602 2.21237 
81.1 0.462189 2.16006 
81.11 0.662547 2.08955 
81.12 0.855515 2.00383 
81.13 1.03981 1.90618 
81.14 1.21447 1.79989 
81.15 1.37883 1.688 
81.16 1.53248 1.57318 
81.17 1.67526 1.45763 
81.18 1.80717 1.34301 
81.19 1.92838 1.23053 
81.2 2.03912 1.12095 
81.21 2.13968 1.01467 
81.22 2.23038 0.911789 
81.23 2.31155 0.812193 
81.24 2.38347 0.715588 
81.25 2.44641 0.621564 
81.26 2.5006 0.529638 
81.27 2.54619 0.439281 
81.28 2.58333 0.349946 
81.29 2.61207 0.26108 
81.3 2.63244 0.172142 
81.31 2.64441 0.0826071 
81.32 2.64788 -0.00802258 
81.33 2.64275 -0.100218 
81.34 2.62884 -0.194415 
81.35 2.60595 -0.291014 
81.36 2.57382 -0.390369 
81.37 2.53219 -0.492781 
81.38 2.48076 -0.598483 
81.39 2.4192 -0.707625 
81.4 2.3472 -0.820241 
81.41 2.26443 -0.936225 
81.42 2.17058 -1.05529 
81.43 2.06538 -1.1769 
81.44 1.94864 -1.30025 
81.45 1.82024 -1.42421 
81.46 1.68019 -1.54724 
81.47 1.52866 -1.66741 
81.48 1.36603 -1.78239 
81.49 1.19292 -1.88949 
81.5 1.01021 -1.98579 
81.51 0.819047 -2.06827 
81.52 0.620879 -2.13412 
81.53 0.417389 -2.18092 
81.54 0.210461 -2.20694 
81.55 0.00209928 -2.21134 
81.56 -0.205658 -2.19429 
81.57 -0.410835 -2.15693 
81.58 -0.611609 -2.10133 
81.59 -0.806384 -2.03017 
81.6 -0.993838 -1.94655 
81.61 -1.17295 -1.85368 
81.62 -1.34299 -1.75465 
81.63 -1.50351 -1.65222 
81.64 -1.65432 -1.54875 
81.65 -1.79539 -1.44611 
81.66 -1.92689 -1.34569 
81.67 -2.04906 -1.24847 
81.68 -2.16224 -1.15501 
81.69 -2.26681 -1.06558 
81.7 -2.36313 -0.980192 
81.71 -2.45159 -0.898663 
81.72 -2.53254 -0.820676 
81.73 -2.60628 -0.745823 
81.74 -2.6731 -0.673636 
81.75 -2.73323 -0.603618 
81.76 -2.78683 -0.535261 
81.77 -2.83405 -0.468063 
81.78 -2.87498 -0.401537 
81.79 -2.90965 -0.335218 
81.8 -2.93806 -0.268665 
81.81 -2.96017 -0.201464 
81.82 -2.97591 -0.13323 
81.83 -2.98515 -0.0636012 
81.84 -2.98776 0.00776146 
81.85 -2.98354 0.0811752 
81.86 -2.9723 0.15694 
81.87 -2.9538 0.235338 
81.88 -2.92778 0.31664 
81.89 -2.89395 0.401098 
81.9 -2.852 0.488947 
81.91 -2.80161 0.580398 
81.92 -2.74243 0.675629 
81.93 -2.67409 0.774765 
81.94 -2.59622 0.877862 
81.95 -2.50846 0.984873 
81.96 -2.41043 1.09561 
81.97 -2.30181 1.20969 
81.98 -2.18231 1.32649 
81.99 -2.05171 1.44509 
82 -1.9099 1.56419 
82.01 -1.75691 1.68207 
82.02 -1.59295 1.79657 
82.03 -1.41846 1.90509 
82.04 -1.23415 2.00469 
82.05 -1.041 2.09214 
82.06 -0.840308 2.16424 
82.07 -0.633668 2.21799 
82.08 -0.422929 2.25091 
82.09 -0.210142 2.26133 
82.1 0.00253552 2.24861 
82.11 0.212932 2.21315 
82.12 0.418967 2.15643 
82.13 0.618743 2.08081 
82.14 0.810612 1.98923 
82.15 0.993224 1.88498 
82.16 1.16554 1.77134 
82.17 1.32683 1.65138 
82.18 1.47662 1.5278 
82.19 1.61467 1.40279 
82.2 1.74095 1.27805 
82.21 1.85553 1.15479 
82.22 1.95859 1.03379 
82.23 2.05037 0.915433 
82.24 2.13113 0.799837 
82.25 2.20112 0.686872 
82.26 2.26058 0.576244 
82.27 2.3097 0.467542 
82.28 2.34865 0.36028 
82.29 2.37754 0.25393 
82.3 2.39643 0.147947 
82.31 2.40532 0.0417928 
82.32 2.40419 -0.0650522 
82.33 2.39293 -0.173071 
82.34 2.37143 -0.282697 
82.35 2.3395 -0.394301 
82.36 2.29695 -0.508172 
82.37 2.24356 -0.624498 
82.38 2.17908 -0.743336 
82.39 2.1033 -0.864583 
82.4 2.01599 -0.987939 
82.41 1.91697 -1.11286 
82.42 1.80614 -1.23851 
82.43 1.68348 -1.36374 
82.44 1.5491 -1.48702 
82.45 1.40327 -1.60645 
82.46 1.24646 -1.7198 
82.47 1.07935 -1.82452 
82.48 0.90288 -1.91793 
82.49 0.718254 -1.99733 
82.5 0.526908 -2.06024 
82.51 0.330493 -2.10465 
82.52 0.130825 -2.1292 
82.53 -0.0701942 -2.13338 
82.54 -0.270657 -2.1176 
82.55 -0.468735 -2.08313 
82.56 -0.66276 -2.03204 
82.57 -0.851283 -1.96692 
82.58 -1.03312 -1.89069 
82.59 -1.20736 -1.80634 
82.6 -1.37338 -1.71672 
82.61 -1.53081 -1.62439 
82.62 -1.67949 -1.53152 
82.63 -1.81946 -1.43985 
82.64 -1.9509 -1.35067 
82.65 -2.07408 -1.26489 
82.66 -2.18936 -1.18307 
82.67 -2.29713 -1.10547 
82.68 -2.39778 -1.03213 
82.69 -2.49172 -0.962904 
82.7 -2.57931 -0.897513 
82.71 -2.66091 -0.835599 
82.72 -2.73681 -0.776744 
82.73 -2.8073 -0.7205 
82.74 -2.87259 -0.666407 
82.75 -2.93286 -0.614011 
82.76 -2.98826 -0.562873 
82.77 -3.03889 -0.512573 
82.78 -3.0848 -0.462723 
82.79 -3.12601 -0.412959 
82.8 3.12065 -0.362953 
82.81 3.08887 -0.312404 
82.82 3.06189 -0.261044 
82.83 3.03979 -0.208631 
82.84 3.02269 -0.154949 
82.85 3.01071 -0.0998046 
82.86 3.00401 -0.0430236 
82.87 3.00274 0.0155527 
82.88 3.00707 0.0760715 
82.89 3.01721 0.138673 
82.9 3.03335 0.203492 
82.91 3.0557 0.270666 
82.92 3.0845 0.340332 
82.93 3.11998 0.412635 
82.94 -3.12078 0.487721 
82.95 -3.07115 0.565743 
82.96 -3.01402 0.646849 
82.97 -2.94909 0.731178 
82.98 -2.87607 0.818849 
82.99 -2.79463 0.909937 
83 -2.70444 1.00445 
83.01 -2.60519 1.1023 
83.02 -2.49657 1.20325 
83.03 -2.37832 1.30688 
83.04 -2.25019 1.41251 
83.05 -2.11206 1.51917 
83.06 -1.96388 1.6255 
83.07 -1.80576 1.72977 
83.08 -1.63801 1.8298 
83.09 -1.46112 1.92299 
83.1 -1.27589 2.00646 
83.11 -1.08338 2.0771 
83.12 -0.884937 2.13183 
83.13 -0.682199 2.16786 
83.14 -0.477041 2.1829 
83.15 -0.271519 2.17547 
83.16 -0.0677839 2.14502 
83.17 0.132009 2.09201 
83.18 0.325793 2.01785 
83.19 0.511675 1.92474 
83.2 0.687993 1.81542 
83.21 0.85336 1.69287 
83.22 1.00667 1.56011 
83.23 1.1471 1.41992 
83.24 1.27406 1.27477 
83.25 1.38719 1.12669 
83.26 1.4863 0.977249 
83.27 1.57129 0.827615 
83.28 1.64221 0.678566 
83.29 1.69913 0.530569 
83.3 1.74217 0.383849 
83.31 1.77143 0.238452 
83.32 1.78706 0.0943135 
83.33 1.78916 -0.0486877 
83.34 1.77783 -0.190674 
83.35 1.75316 -0.331723 
83.36 1.71525 -0.471819 
83.37 1.66418 -0.610815 
83.38 1.60008 -0.748388 
83.39 1.52311 -0.884002 
83.4 1.43347 -1.01688 
83.41 1.33149 -1.14598 
83.42 1.21757 -1.26999 
83.43 1.09227 -1.38734 
83.44 0.956288 -1.49624 
83.45 0.810522 -1.59478 
83.46 0.656036 -1.68102 
83.47 0.494079 -1.75313 
83.48 0.326058 -1.80954 
83.49 0.153509 -1.84912 
83.5 -0.0219473 -1.87126 
83.51 -0.198665 -1.87602 
83.52 -0.375032 -1.86405 
83.53 -0.549528 -1.83664 
83.54 -0.720778 -1.79555 
83.55 -0.88759 -1.74291 
83.56 -1.04898 -1.68102 
83.57 -1.2042 -1.61218 
83.58 -1.35268 -1.53861 
83.59 -1.49408 -1.46228 
83.6 -1.62822 -1.38491 
83.61 -1.75508 -1.30787 
83.62 -1.87473 -1.23224 
83.63 -1.98734 -1.15876 
83.64 -2.09316 -1.08795 
83.65 -2.19243 -1.02007 
83.66 -2.28544 -0.955186 
83.67 -2.37248 -0.893232 
83.68 -2.45381 -0.834018 
83.69 -2.52967 -0.777271 
83.7 -2.60029 -0.72266 
83.71 -2.66585 -0.669818 
83.72 -2.72649 -0.618357 
83.73 -2.78234 -0.567883 
83.74 -2.83345 -0.518003 
83.75 -2.87988 -0.468334 
83.76 -2.92162 -0.418511 
83.77 -2.95865 -0.368183 
83.78 -2.9909 -0.317022 
83.79 -3.01827 -0.264719 
83.8 -3.04065 -0.210986 
83.81 -3.05789 -0.155554 
83.82 -3.06982 -0.0981724 
83.83 -3.07624 -0.0386055 
83.84 -3.07693 0.023369 
83.85 -3.07167 0.0879627 
83.86 -3.06018 0.155379 
83.87 -3.04221 0.225816 
83.88 -3.01744 0.299466 
83.89 -2.98558 0.376519 
83.9 -2.9463 0.457159 
83.91 -2.89923 0.541559 
83.92 -2.84404 0.629878 
83.93 -2.78033 0.722248 
83.94 -2.70773 0.818754 
83.95 -2.62583 0.919415 
83.96 -2.53427 1.02415 
83.97 -2.43264 1.13273 
83.98 -2.32063 1.24475 
83.99 -2.19792 1.35954 
84 -2.0643 1.47614 
84.01 -1.91966 1.59319 
84.02 -1.76404 1.70893 
84.03 -1.59766 1.82113 
84.04 -1.42098 1.92716 
84.05 -1.23472 2.02399 
84.06 -1.03989 2.10839 
84.07 -0.837827 2.17711 
84.08 -0.630148 2.22717 
84.09 -0.418732 2.25612 
84.1 -0.205652 2.26235 
84.11 0.00691418 2.24527 
84.12 0.216785 2.20538 
84.13 0.421876 2.14422 
84.14 0.620291 2.0642 
84.15 0.810389 1.96832 
84.16 0.990829 1.85983 
84.17 1.16058 1.74203 
84.18 1.31891 1.61794 
84.19 1.46535 1.49021 
84.2 1.59966 1.36097 
84.21 1.72179 1.23189 
84.22 1.83181 1.10412 
84.23 1.92988 0.97839 
84.24 2.01621 0.855072 
84.25 2.09103 0.734247 
84.26 2.15458 0.615773 
84.27 2.20706 0.499347 
84.28 2.24865 0.384558 
84.29 2.27949 0.270925 
84.3 2.29964 0.157934 
84.31 2.30916 0.0450619 
84.32 2.30803 -0.068196 
84.33 2.29619 -0.182311 
84.34 2.27354 -0.297702 
84.35 2.23994 -0.414712 
84.36 2.19523 -0.533592 
84.37 2.13922 -0.654472 
84.38 2.07173 -0.777332 
84.39 1.99257 -0.901966 
84.4 1.90161 -1.02794 
84.41 1.79873 -1.15457 
84.42 1.68393 -1.28083 
84.43 1.55731 -1.40539 
84.44 1.41909 -1.52653 
84.45 1.2697 -1.64221 
84.46 1.10976 -1.75008 
84.47 0.94012 -1.84759 
84.48 0.761886 -1.93214 
84.49 0.576394 -2.00129 
84.5 0.3852 -2.05292 
84.51 0.190031 -2.08552 
84.52 -0.00727747 -2.09831 
84.53 -0.204855 -2.09139 
84.54 -0.400883 -2.06571 
84.55 -0.593668 -2.023 
84.56 -0.781713 -1.9656 
84.57 -0.963759 -1.89625 
84.58 -1.13882 -1.81783 
84.59 -1.30616 -1.73318 
84.6 -1.46534 -1.64491 
84.61 -1.61612 -1.55529 
84.62 -1.75846 -1.46617 
84.63 -1.89248 -1.37901 
84.64 -2.01841 -1.29484 
84.65 -2.13658 -1.21437 
84.66 -2.24736 -1.13796 
84.67 -2.35113 -1.06576 
84.68 -2.44829 -0.997701 
84.69 -2.53922 -0.933582 
84.7 -2.62428 -0.87309 
84.71 -2.7038 -0.815847 
84.72 -2.77805 -0.761431 
84.73 -2.8473 -0.709402 
84.74 -2.91173 -0.659316 
84.75 -2.97152 -0.610738 
84.76 -3.02679 -0.563253 
84.77 -3.07761 -0.516468 
84.78 -3.12405 -0.470018 
84.79 3.11708 -0.423568 
84.8 3.07941 -0.376814 
84.81 3.04616 -0.329484 
84.82 3.01742 -0.281332 
84.83 2.99326 -0.232145 
84.84 2.97379 -0.181731 
84.85 2.95913 -0.129925 
84.86 2.94943 -0.0765793 
84.87 2.94483 -0.0215626 
84.88 2.94549 0.0352429 
84.89 2.9516 0.093947 
84.9 2.96333 0.154655 
84.91 2.98087 0.217472 
84.92 3.00444 0.282504 
84.93 3.03424 0.349866 
84.94 3.07051 0.419679 
84.95 3.11347 0.49207 
84.96 -3.11981 0.567178 
84.97 -3.0627 0.64514 
84.98 -2.9981 0.726092 
84.99 -2.92572 0.810153 
85 -2.84528 0.897408 
85.01 -2.75647 0.98789 
85.02 -2.65898 1.08154 
85.03 -2.55252 1.17819 
85.04 -2.43684 1.27747 
85.05 -2.31169 1.37883 
85.06 -2.17693 1.4814 
85.07 -2.03249 1.58401 
85.08 -1.87844 1.68508 
85.09 -1.71502 1.78264 
85.1 -1.54267 1.8743 
85.11 -1.36206 1.95735 
85.12 -1.17415 2.02881 
85.13 -0.980165 2.08568 
85.14 -0.78163 2.12509 
85.15 -0.580302 2.14461 
85.16 -0.378147 2.14246 
85.17 -0.177257 2.11774 
85.18 0.020236 2.07048 
85.19 0.212247 2.00167 
85.2 0.396825 1.91314 
85.21 0.572222 1.80731 
85.22 0.736939 1.68699 
85.23 0.889748 1.5551 
85.24 1.02969 1.41445 
85.25 1.15607 1.26758 
85.26 1.2684 1.11666 
85.27 1.36638 0.963442 
85.28 1.44987 0.809276 
85.29 1.51883 0.655129 
85.3 1.57328 0.501654 
85.31 1.61332 0.349255 
85.32 1.63906 0.198149 
85.33 1.65063 0.0484421 
85.34 1.64815 -0.0998186 
85.35 1.63177 -0.246581 
85.36 1.60164 -0.391738 
85.37 1.55791 -0.535078 
85.38 1.50078 -0.676242 
85.39 1.43046 -0.814684 
85.4 1.34726 -0.949639 
85.41 1.25154 -1.0801 
85.42 1.14379 -1.20483 
85.43 1.02462 -1.32235 
85.44 0.894772 -1.431 
85.45 0.755178 -1.52902 
85.46 0.606919 -1.61464 
85.47 0.451244 -1.68621 
85.48 0.289546 -1.74234 
85.49 0.12333 -1.78202 
85.5 -0.0458276 -1.80478 
85.51 -0.21633 -1.8107 
85.52 -0.386617 -1.80045 
85.53 -0.55522 -1.77526 
85.54 -0.720805 -1.73679 
85.55 -0.882213 -1.68702 
85.56 -1.03848 -1.62811 
85.57 -1.18884 -1.56222 
85.58 -1.33275 -1.49142 
85.59 -1.46982 -1.41758 
85.6 -1.59986 -1.34232 
85.61 -1.72278 -1.26694 
85.62 -1.83863 -1.19247 
85.63 -1.94753 -1.11966 
85.64 -2.04967 -1.04898 
85.65 -2.14526 -0.980701 
85.66 -2.23452 -0.914916 
85.67 -2.3177 -0.851561 
85.68 -2.39502 -0.790462 
85.69 -2.46667 -0.731359 
85.7 -2.53283 -0.673935 
85.71 -2.59365 -0.617833 
85.72 -2.64922 -0.562671 
85.73 -2.69962 -0.508058 
85.74 -2.74489 -0.453601 
85.75 -2.78502 -0.398914 
85.76 -2.81996 -0.343621 
85.77 -2.84965 -0.28736 
85.78 -2.87399 -0.229784 
85.79 -2.89282 -0.170565 
85.8 -2.90598 -0.109388 
85.81 -2.91327 -0.0459568 
85.82 -2.91447 0.0200134 
85.83 -2.90932 0.0887928 
85.84 -2.89754 0.16064 
85.85 -2.87885 0.235802 
85.86 -2.8529 0.314514 
85.87 -2.81937 0.396998 
85.88 -2.77787 0.483457 
85.89 -2.72804 0.574068 
85.9 -2.66947 0.668971 
85.91 -2.60175 0.768251 
85.92 -2.52447 0.871912 
85.93 -2.43721 0.979852 
85.94 -2.3396 1.09181 
85.95 -2.23127 1.20734 
85.96 -2.1119 1.32572 
85.97 -1.98129 1.44593 
85.98 -1.83932 1.56657 
85.99 -1.68603 1.6858 
86 -1.52167 1.80138 
86.01 -1.34668 1.91062 
86.02 -1.16183 2.0105 
86.03 -0.968124 2.09784 
86.04 -0.76691 2.16944 
86.05 -0.559807 2.22245 
86.06 -0.348679 2.25458 
86.07 -0.135571 2.26439 
86.08 0.0773872 2.25149 
86.09 0.288079 2.21656 
86.1 0.494501 2.1613 
86.11 0.694852 2.08825 
86.12 0.887597 2.00048 
86.13 1.0715 1.90131 
86.14 1.24565 1.79405 
86.15 1.40943 1.6817 
86.16 1.56249 1.5669 
86.17 1.70469 1.45177 
86.18 1.83609 1.33792 
86.19 1.95686 1.22648 
86.2 2.06728 1.11817 
86.21 2.16764 1.01333 
86.22 2.2583 0.912028 
86.23 2.33956 0.814108 
86.24 2.41175 0.719257 
86.25 2.47512 0.627049 
86.26 2.52991 0.536992 
86.27 2.57629 0.448549 
86.28 2.61439 0.36117 
86.29 2.64428 0.274303 
86.3 2.666 0.187409 
86.31 2.6795 0.0999657 
86.32 2.68471 0.0114774 
86.33 2.68152 -0.0785244 
86.34 2.66976 -0.170477 
86.35 2.64923 -0.264782 
86.36 2.61968 -0.361802 
86.37 2.58086 -0.461854 
86.38 2.53245 -0.565195 
86.39 2.47415 -0.672006 
86.4 2.40561 -0.782375 
86.41 2.3265 -0.896262 
86.42 2.23651 -1.01346 
86.43 2.13533 -1.13357 
86.44 2.02272 -1.25591 
86.45 1.89852 -1.37949 
86.46 1.76267 -1.50297 
86.47 1.61526 -1.62459 
86.48 1.45655 -1.74219 
86.49 1.28706 -1.85321 
86.5 1.10752 -1.95477 
86.51 0.918987 -2.04386 
86.52 0.722761 -2.1175 
86.53 0.520435 -2.17299 
86.54 0.313822 -2.20824 
86.55 0.104898 -2.22194 
86.56 -0.104281 -2.21377 
86.57 -0.31168 -2.18443 
86.58 -0.515375 -2.13559 
86.59 -0.71364 -2.0697 
86.6 -0.905004 -1.98973 
86.61 -1.08829 -1.89891 
86.62 -1.26263 -1.80042 
86.63 -1.42744 -1.69721 
86.64 -1.5824 -1.59186 
86.65 -1.72742 -1.48646 
86.66 -1.86256 -1.38264 
86.67 -1.98804 -1.28154 
86.68 -2.10414 -1.18391 
86.69 -2.21123 -1.09013 
86.7 -2.30966 -1.00032 
86.71 -2.39981 -0.914352 
86.72 -2.48202 -0.831969 
86.73 -2.55663 -0.752785 
86.74 -2.6239 -0.676346 
86.75 -2.68408 -0.602155 
86.76 -2.73736 -0.529698 
86.77 -2.78387 -0.458458 
86.78 -2.8237 -0.387932 
86.79 -2.8569 -0.317632 
86.8 -2.88346 -0.247096 
86.81 -2.90336 -0.175886 
86.82 -2.91649 -0.10359 
86.83 -2.92274 -0.0298222 
86.84 -2.92196 0.0457814 
86.85 -2.91396 0.123562 
86.86 -2.89851 0.203841 
86.87 -2.87537 0.286921 
86.88 -2.84426 0.373083 
86.89 -2.80488 0.462588 
86.9 -2.75689 0.555664 
86.91 -2.69996 0.652503 
86.92 -2.63372 0.753241 
86.93 -2.55781 0.857937 
86.94 -2.47184 0.966544 
86.95 -2.37547 1.07887 
86.96 -2.26835 1.19452 
86.97 -2.1502 1.31287 
86.98 -2.02081 1.43296 
86.99 -1.88007 1.55349 
87 -1.72802 1.67273 
87.01 -1.56488 1.78849 
87.02 -1.39109 1.89819 
87.03 -1.20738 1.99885 
87.04 -1.01472 2.0873 
87.05 -0.814442 2.16034 
87.06 -0.608122 2.21502 
87.07 -0.397615 2.24893 
87.08 -0.184959 2.26048 
87.09 0.0277003 2.24906 
87.1 0.238214 2.21518 
87.11 0.444531 2.16037 
87.12 0.644783 2.08702 
87.13 0.837363 1.99812 
87.14 1.02096 1.89697 
87.15 1.19457 1.78684 
87.16 1.3575 1.67082 
87.17 1.50932 1.55157 
87.18 1.64984 1.43129 
87.19 1.77904 1.31165 
87.2 1.89705 1.19386 
87.21 2.00406 1.07868 
87.22 2.10037 0.966487 
87.23 2.18624 0.857393 
87.24 2.26197 0.751262 
87.25 2.32783 0.647796 
87.26 2.38405 0.54658 
87.27 2.43081 0.447122 
87.28 2.46827 0.348887 
87.29 2.4965 0.251322 
87.3 2.51554 0.153872 
87.31 2.52539 0.0559951 
87.32 2.52597 -0.0428256 
87.33 2.51718 -0.143076 
87.34 2.49886 -0.2452 
87.35 2.47081 -0.349592 
87.36 2.4328 -0.456583 
87.37 2.38458 -0.566429 
87.38 2.32586 -0.679285 
87.39 2.25637 -0.795185 
87.4 2.17582 -0.914005 
87.41 2.08395 -1.03542 
87.42 1.98053 -1.15888 
87.43 1.86542 -1.28351 
87.44 1.73855 -1.40813 
87.45 1.60001 -1.53116 
87.46 1.45002 -1.65065 
87.47 1.28903 -1.76425 
87.48 1.11772 -1.86933 
87.49 0.937017 -1.96304 
87.5 0.748136 -2.04255 
87.51 0.552538 -2.10523 
87.52 0.351917 -2.14892 
87.53 0.148137 -2.17216 
87.54 -0.0568413 -2.17438 
87.55 -0.261046 -2.15597 
87.56 -0.46259 -2.11826 
87.57 -0.659748 -2.06338 
87.58 -0.851027 -1.99404 
87.59 -1.0352 -1.91327 
87.6 -1.21135 -1.82418 
87.61 -1.37882 -1.72973 
87.62 -1.53724 -1.63253 
87.63 -1.68646 -1.53481 
87.64 -1.82651 -1.43833 
87.65 -1.95758 -1.3444 
87.66 -2.07995 -1.2539 
87.67 -2.19397 -1.16737 
87.68 -2.30003 -1.08504 
87.69 -2.39853 -1.00692 
87.7 -2.48986 -0.932827 
87.71 -2.57439 -0.862456 
87.72 -2.65244 -0.795414 
87.73 -2.72431 -0.731257 
87.74 -2.79025 -0.669509 
87.75 -2.85046 -0.609689 
87.76 -2.90512 -0.551324 
87.77 -2.95432 -0.493954 
87.78 -2.99814 -0.437144 
87.79 -3.03662 -0.380487 
87.8 -3.06975 -0.323605 
87.81 -3.0975 -0.266148 
87.82 -3.1198 -0.207798 
87.83 -3.13654 -0.14826 
87.84 3.13557 -0.0872669 
87.85 3.13033 -0.0245691 
87.86 3.13108 0.0400636 
87.87 3.13803 0.106848 
87.88 -3.13182 0.175992 
87.89 -3.11184 0.247693 
87.9 -3.08498 0.322149 
87.91 -3.05096 0.399552 
87.92 -3.00951 0.480088 
87.93 -2.96032 0.56394 
87.94 -2.90306 0.651276 
87.95 -2.83741 0.74224 
87.96 -2.76301 0.836935 
87.97 -2.67951 0.935403 
87.98 -2.58656 1.03759 
87.99 -2.48381 1.14331 
88 -2.37094 1.25219 
88.01 -2.2477 1.36363 
88.02 -2.11386 1.47671 
88.03 -1.96935 1.59017 
88.04 -1.81418 1.70233 
88.05 -1.6486 1.81105 
88.06 -1.47303 1.91378 
88.07 -1.28818 2.00759 
88.08 -1.09504 2.08931 
88.09 -0.89489 2.15571 
88.1 -0.689328 2.2038 
88.11 -0.480201 2.23106 
88.12 -0.26956 2.23577 
88.13 -0.0595758 2.21714 
88.14 0.147559 2.17549 
88.15 0.349731 2.11214 
88.16 0.544991 2.0293 
88.17 0.731633 1.92979 
88.18 0.908232 1.81676 
88.19 1.07367 1.69341 
88.2 1.22711 1.56273 
88.21 1.36799 1.42736 
88.22 1.49598 1.2895 
88.23 1.61093 1.15084 
88.24 1.71282 1.0126 
88.25 1.80173 0.875575 
88.26 1.87781 0.740216 
88.27 1.94122 0.606675 
88.28 1.99212 0.474885 
88.29 2.03068 0.344624 
88.3 2.05702 0.215565 
88.31 2.07124 0.0873263 
88.32 2.0734 -0.0404903 
88.33 2.06352 -0.168264 
88.34 2.04159 -0.296323 
88.35 2.00756 -0.424912 
88.36 1.96139 -0.554161 
88.37 1.90301 -0.684052 
88.38 1.83236 -0.814381 
88.39 1.74943 -0.944723 
88.4 1.65425 -1.07439 
88.41 1.54691 -1.20242 
88.42 1.42764 -1.3275 
88.43 1.29678 -1.44803 
88.44 1.15485 -1.56211 
88.45 1.00256 -1.66759 
88.46 0.840829 -1.76218 
88.47 0.670789 -1.8436 
88.48 0.493783 -1.90976 
88.49 0.311334 -1.95891 
88.5 0.125107 -1.98986 
88.51 -0.063155 -2.00213 
88.52 -0.251695 -1.99595 
88.53 -0.438819 -1.97236 
88.54 -0.622959 -1.93303 
88.55 -0.802732 -1.88016 
88.56 -0.976979 -1.81626 
88.57 -1.14478 -1.74398 
88.58 -1.30548 -1.66588 
88.59 -1.45864 -1.58434 
88.6 -1.60402 -1.50143 
88.61 -1.7416 -1.41884 
88.62 -1.87145 -1.33793 
88.63 -1.9938 -1.25965 
88.64 -2.10892 -1.18467 
88.65 -2.21714 -1.11337 
88.66 -2.31882 -1.04589 
88.67 -2.41432 -0.982196 
88.68 -2.50398 -0.922119 
88.69 -2.58814 -0.865385 
88.7 -2.6671 -0.811653 
88.71 -2.74112 -0.76054 
88.72 -2.81043 -0.711639 
88.73 -2.87522 -0.664536 
88.74 -2.93563 -0.618822 
88.75 -2.99179 -0.574101 
88.76 -3.04377 -0.529998 
88.77 -3.0916 -0.486161 
88.78 -3.1353 -0.442265 
88.79 3.10833 -0.39801 
88.8 3.07298 -0.353128 
88.81 3.04189 -0.307377 
88.82 3.01517 -0.26054 
88.83 2.99291 -0.212426 
88.84 2.97526 -0.162868 
88.85 2.96235 -0.111717 
88.86 2.95434 -0.0588402 
88.87 2.95139 -0.00412074 
88.88 2.95369 0.0525498 
88.89 2.96143 0.111273 
88.9 2.9748 0.172149 
88.91 2.99401 0.235279 
88.92 3.01927 0.300767 
88.93 3.05083 0.368725 
88.94 3.0889 0.439274 
88.95 3.13375 0.512542 
88.96 -3.09756 0.588665 
88.97 -3.03836 0.667778 
88.98 -2.97157 0.750011 
88.99 -2.89688 0.835471 
89 -2.81398 0.924227 
89.01 -2.72256 1.01629 
89.02 -2.62232 1.11155 
89.03 -2.51296 1.20979 
89.04 -2.39422 1.31059 
89.05 -2.26589 1.41329 
89.06 -2.12783 1.51692 
89.07 -1.98001 1.62016 
89.08 -1.82255 1.72131 
89.09 -1.65574 1.81823 
89.1 -1.48009 1.90841 
89.11 -1.29637 1.98899 
89.12 -1.10564 2.05696 
89.13 -0.909208 2.10929 
89.14 -0.708699 2.14322 
89.15 -0.505952 2.15648 
89.16 -0.302994 2.14758 
89.17 -0.101948 2.11589 
89.18 0.0950474 2.06182 
89.19 0.285939 1.98667 
89.2 0.468832 1.89251 
89.21 0.642056 1.78198 
89.22 0.804203 1.65796 
89.23 0.954142 1.5234 
89.24 1.09101 1.38105 
89.25 1.21419 1.23334 
89.26 1.32328 1.08232 
89.27 1.41805 0.929585 
89.28 1.49839 0.77635 
89.29 1.5643 0.623452 
89.3 1.61584 0.471429 
89.31 1.6531 0.320588 
89.32 1.67622 0.17107 
89.33 1.6853 0.0229163 
89.34 1.68049 -0.123872 
89.35 1.66191 -0.269281 
89.36 1.6297 -0.413228 
89.37 1.58399 -0.555519 
89.38 1.52497 -0.695807 
89.39 1.45285 -0.833545 
89.4 1.3679 -0.967967 
89.41 1.27047 -1.09806 
89.42 1.16104 -1.22255 
89.43 1.0402 -1.33994 
89.44 0.908703 -1.44855 
89.45 0.767454 -1.54658 
89.46 0.617541 -1.6322 
89.47 0.460212 -1.70374 
89.48 0.296866 -1.75975 
89.49 0.129018 -1.79922 
89.5 -0.0417448 -1.82163 
89.51 -0.213814 -1.82707 
89.52 -0.385618 -1.81623 
89.53 -0.555675 -1.79033 
89.54 -0.722645 -1.75108 
89.55 -0.885361 -1.7005 
89.56 -1.04286 -1.64077 
89.57 -1.19438 -1.5741 
89.58 -1.33937 -1.50259 
89.59 -1.47747 -1.42813 
89.6 -1.60847 -1.35235 
89.61 -1.73232 -1.2766 
89.62 -1.84907 -1.20188 
89.63 -1.95885 -1.12896 
89.64 -2.06186 -1.0583 
89.65 -2.15834 -0.990192 
89.66 -2.24851 -0.924701 
89.67 -2.33263 -0.861767 
89.68 -2.41093 -0.80121 
89.69 -2.48363 -0.742769 
89.7 -2.5509 -0.68612 
89.71 -2.6129 -0.630905 
89.72 -2.66976 -0.57674 
89.73 -2.72154 -0.523234 
89.74 -2.76829 -0.469993 
89.75 -2.81002 -0.416634 
89.76 -2.84671 -0.362781 
89.77 -2.87828 -0.308078 
89.78 -2.90464 -0.252182 
89.79 -2.92566 -0.194769 
89.8 -2.9412 -0.135532 
89.81 -2.95105 -0.0741805 
89.82 -2.95501 -0.0104382 
89.83 -2.95284 0.0559576 
89.84 -2.94428 0.125258 
89.85 -2.92905 0.197704 
89.86 -2.90683 0.273527 
89.87 -2.8773 0.352947 
89.88 -2.84011 0.436172 
89.89 -2.79489 0.523393 
89.9 -2.74126 0.614773 
89.91 -2.67882 0.710437 
89.92 -2.60715 0.810451 
89.93 -2.52587 0.914795 
89.94 -2.43455 1.02333 
89.95 -2.33282 1.13576 
89.96 -2.22033 1.25157 
89.97 -2.09679 1.36998 
89.98 -1.96203 1.48985 
89.99 -1.81595 1.60969 
90 -1.65867 1.72756 
90.01 -1.49046 1.84106 
90.02 -1.31187 1.9474 
90.03 -1.12372 2.04349 
90.04 -0.927126 2.12609 
90.05 -0.723512 2.19205 
90.06 -0.514581 2.23859 
90.07 -0.302266 2.26362 
90.08 -0.0886604 2.26593 
90.09 0.124081 2.24542 
90.1 0.333844 2.20302 
90.11 0.538652 2.14071 
90.12 0.736749 2.06117 
90.13 0.926659 1.96758 
90.14 1.10722 1.8633 
90.15 1.27757 1.75155 
90.16 1.43715 1.63528 
90.17 1.58566 1.51697 
90.18 1.723 1.39861 
90.19 1.84924 1.28166 
90.2 1.96457 1.16713 
90.21 2.06924 1.05563 
90.22 2.16355 0.947408 
90.23 2.24782 0.842453 
90.24 2.32235 0.740557 
90.25 2.3874 0.641364 
90.26 2.44321 0.54442 
90.27 2.48997 0.449211 
90.28 2.52782 0.355189 
90.29 2.55684 0.261795 
90.3 2.57707 0.168477 
90.31 2.58849 0.0746945 
90.32 2.59102 -0.0200657 
90.33 2.58457 -0.116288 
90.34 2.56896 -0.214419 
90.35 2.54399 -0.314864 
90.36 2.50944 -0.417974 
90.37 2.46504 -0.524037 
90.38 2.41049 -0.63326 
90.39 2.3455 -0.745749 
90.4 2.26976 -0.861475 
90.41 2.18296 -0.980246 
90.42 2.08485 -1.10165 
90.43 1.9752 -1.22503 
90.44 1.85386 -1.34941 
90.45 1.72081 -1.47344 
90.46 1.57616 -1.59541 
90.47 1.4202 -1.71317 
90.48 1.25343 -1.82423 
90.49 1.07662 -1.92581 
90.5 0.89081 -2.01497 
90.51 0.697296 -2.08883 
90.52 0.497647 -2.14483 
90.53 0.293647 -2.18095 
90.54 0.0872344 -2.19598 
90.55 -0.119583 -2.18964 
90.56 -0.324818 -2.16266 
90.57 -0.526597 -2.11669 
90.58 -0.723237 -2.05413 
90.59 -0.91331 -1.9779 
90.6 -1.09567 -1.89113 
90.61 -1.26948 -1.79695 
90.62 -1.43418 -1.69827 
90.63 -1.58947 -1.5976 
90.64 -1.73525 -1.49703 
90.65 -1.87162 -1.39816 
90.66 -1.9988 -1.30215 
90.67 -2.1171 -1.20974 
90.68 -2.22687 -1.12135 
90.69 -2.3285 -1.03711 
90.7 -2.42239 -0.956918 
90.71 -2.5089 -0.880544 
90.72 -2.58838 -0.807623 
90.73 -2.66113 -0.737726 
90.74 -2.72741 -0.670378 
90.75 -2.78745 -0.605087 
90.76 -2.84142 -0.541357 
90.77 -2.88943 -0.478706 
90.78 -2.93157 -0.416669 
90.79 -2.96788 -0.354807 
90.8 -2.99834 -0.292708 
90.81 -3.02293 -0.229988 
90.82 -3.04157 -0.166291 
90.83 -3.05415 -0.101285 
90.84 -3.06052 -0.0346635 
90.85 -3.06054 0.033861 
90.86 -3.05399 0.104558 
90.87 -3.04067 0.177685 
90.88 -3.02034 0.253485 
90.89 -2.99273 0.332194 
90.9 -2.95756 0.414036 
90.91 -2.91453 0.499224 
90.92 -2.8633 0.587955 
90.93 -2.80354 0.680397 
90.94 -2.73489 0.776681 
90.95 -2.65698 0.876875 
90.96 -2.56945 0.980956 
90.97 -2.47193 1.08878 
90.98 -2.36409 1.20002 
90.99 -2.24563 1.31414 
91 -2.11632 1.43029 
91.01 -1.97601 1.54729 
91.02 -1.82469 1.66355 
91.03 -1.66254 1.77704 
91.04 -1.48992 1.88527 
91.05 -1.30745 1.98538 
91.06 -1.11607 2.0742 
91.07 -0.916974 2.1485 
91.08 -0.711688 2.20515 
91.09 -0.502003 2.24152 
91.1 -0.289929 2.25565 
91.11 -0.0776171 2.24656 
91.12 0.132741 2.21433 
91.13 0.339011 2.16014 
91.14 0.539216 2.08607 
91.15 0.731608 1.99491 
91.16 0.914725 1.88983 
91.17 1.08741 1.77412 
91.18 1.24881 1.65091 
91.19 1.39836 1.52299 
91.2 1.53572 1.39267 
91.21 1.66076 1.26178 
91.22 1.77348 1.13167 
91.23 1.87402 1.00321 
91.24 1.96255 0.876897 
91.25 2.03928 0.752926 
91.26 2.10444 0.631233 
91.27 2.15823 0.511578 
91.28 2.20082 0.393592 
91.29 2.23236 0.276829 
91.3 2.25293 0.160797 
91.31 2.26258 0.0449922 
91.32 2.26131 -0.071078 
91.33 2.24907 -0.187871 
91.34 2.22577 -0.305788 
91.35 2.1913 -0.425155 
91.36 2.1455 -0.546194 
91.37 2.08821 -0.669003 
91.38 2.01927 -0.793515 
91.39 1.93852 -0.919471 
91.4 1.84586 -1.04637 
91.41 1.74122 -1.17344 
91.42 1.62465 -1.2996 
91.43 1.49628 -1.4234 
91.44 1.35643 -1.54307 
91.45 1.20558 -1.6565 
91.46 1.04443 -1.76132 
91.47 0.873908 -1.855 
91.48 0.695184 -1.93503 
91.49 0.509655 -1.9991 
91.5 0.31892 -2.04532 
91.51 0.124726 -2.07242 
91.52 -0.0710941 -2.07989 
91.53 -0.266701 -2.0681 
91.54 -0.460329 -2.03822 
91.55 -0.650359 -1.99216 
91.56 -0.835375 -1.93235 
91.57 -1.01421 -1.86155 
91.58 -1.18597 -1.7826 
91.59 -1.35 -1.69824 
91.6 -1.50593 -1.61094 
91.61 -1.65357 -1.52285 
91.62 -1.79294 -1.43567 
91.63 -1.92419 -1.35072 
91.64 -2.04757 -1.26895 
91.65 -2.16341 -1.19095 
91.66 -2.2721 -1.11702 
91.67 -2.37401 -1.04726 
91.68 -2.46954 -0.981566 
91.69 -2.55906 -0.919707 
91.7 -2.64291 -0.861362 
91.71 -2.72142 -0.806146 
91.72 -2.79485 -0.753639 
91.73 -2.86345 -0.703406 
91.74 -2.9274 -0.655013 
91.75 -2.98686 -0.608033 
91.76 -3.04194 -0.562062 
91.77 -3.09272 -0.516719 
91.78 -3.13925 -0.471651 
91.79 3.10166 -0.426534 
91.8 3.06365 -0.381076 
91.81 3.02994 -0.335015 
91.82 3.00062 -0.288117 
91.83 2.97576 -0.240179 
91.84 2.95547 -0.191021 
91.85 2.93988 -0.140486 
91.86 2.92912 -0.0884386 
91.87 2.92334 -0.0347589 
91.88 2.9227 0.0206601 
91.89 2.92736 0.0779165 
91.9 2.93751 0.137103 
91.91 2.95332 0.198313 
91.92 2.97501 0.26164 
91.93 3.00276 0.327186 
91.94 3.03679 0.395059 
91.95 3.07734 0.465377 
91.96 3.12462 0.538268 
91.97 -3.10428 0.613867 
91.98 -3.04275 0.692306 
91.99 -2.97368 0.773714 
92 -2.8968 0.858192 
92.01 -2.81182 0.945802 
92.02 -2.71844 1.03654 
92.03 -2.61636 1.13029 
92.04 -2.50532 1.22681 
92.05 -2.38507 1.32565 
92.06 -2.25542 1.42611 
92.07 -2.11627 1.52721 
92.08 -1.96762 1.6276 
92.09 -1.8096 1.72554 
92.1 -1.64256 1.81889 
92.11 -1.46704 1.90512 
92.12 -1.28383 1.98143 
92.13 -1.09402 2.04484 
92.14 -0.898963 2.09242 
92.15 -0.700273 2.1215 
92.16 -0.499803 2.12995 
92.17 -0.299569 2.11638 
92.18 -0.101675 2.0803 
92.19 0.0917708 2.02216 
92.2 0.278746 1.94332 
92.21 0.457394 1.84585 
92.22 0.626076 1.73232 
92.23 0.783412 1.60558 
92.24 0.928293 1.46848 
92.25 1.05987 1.32368 
92.26 1.17753 1.17356 
92.27 1.28087 1.0201 
92.28 1.36966 0.864859 
92.29 1.44378 0.709038 
92.3 1.50322 0.553481 
92.31 1.54804 0.398759 
92.32 1.57833 0.24523 
92.33 1.59422 0.0931084 
92.34 1.59584 -0.0574711 
92.35 1.58335 -0.206392 
92.36 1.55691 -0.353501 
92.37 1.5167 -0.498557 
92.38 1.46294 -0.641184 
92.39 1.39587 -0.780835 
92.4 1.31581 -0.916753 
92.41 1.22316 -1.04796 
92.42 1.11841 -1.17324 
92.43 1.00219 -1.29116 
92.44 0.875271 -1.40013 
92.45 0.738573 -1.49844 
92.46 0.593182 -1.58438 
92.47 0.440341 -1.65636 
92.48 0.281431 -1.71304 
92.49 0.117941 -1.75347 
92.5 -0.048568 -1.77717 
92.51 -0.216521 -1.78423 
92.52 -0.384374 -1.77529 
92.53 -0.550673 -1.75154 
92.54 -0.714093 -1.71457 
92.55 -0.873479 -1.66632 
92.56 -1.02786 -1.60888 
92.57 -1.17648 -1.54434 
92.58 -1.31876 -1.47474 
92.59 -1.45431 -1.40191 
92.6 -1.58291 -1.32743 
92.61 -1.70445 -1.2526 
92.62 -1.81897 -1.17844 
92.63 -1.92655 -1.10569 
92.64 -2.02737 -1.03485 
92.65 -2.12161 -0.966177 
92.66 -2.20948 -0.899781 
92.67 -2.29119 -0.835606 
92.68 -2.36696 -0.773487 
92.69 -2.43695 -0.713174 
92.7 -2.50134 -0.654356 
92.71 -2.56024 -0.596679 
92.72 -2.61373 -0.539766 
92.73 -2.66189 -0.483226 
92.74 -2.70472 -0.426666 
92.75 -2.7422 -0.369696 
92.76 -2.77428 -0.311937 
92.77 -2.80086 -0.253021 
92.78 -2.82182 -0.192594 
92.79 -2.837 -0.130317 
92.8 -2.84622 -0.0658688 
92.81 -2.84925 0.00106042 
92.82 -2.84584 0.0707645 
92.83 -2.83572 0.143524 
92.84 -2.81859 0.219605 
92.85 -2.79413 0.299261 
92.86 -2.76198 0.382725 
92.87 -2.72178 0.470208 
92.88 -2.67315 0.561894 
92.89 -2.61567 0.657918 
92.9 -2.54893 0.758357 
92.91 -2.47252 0.863202 
92.92 -2.38603 0.972325 
92.93 -2.28907 1.08544 
92.94 -2.18128 1.20205 
92.95 -2.06237 1.3214 
92.96 -1.93212 1.4424 
92.97 -1.79045 1.5636 
92.98 -1.63743 1.68312 
92.99 -1.47331 1.79866 
93 -1.2986 1.90751 
93.01 -1.11406 2.00667 
93.02 -0.92076 2.09297 
93.03 -0.720061 2.16331 
93.04 -0.513597 2.21495 
93.05 -0.303237 2.24575 
93.06 -0.0910133 2.25446 
93.07 0.120975 2.24085 
93.08 0.330655 2.20577 
93.09 0.536082 2.15105 
93.1 0.735524 2.07928 
93.11 0.927517 1.99359 
93.12 1.1109 1.89727 
93.13 1.28484 1.79358 
93.14 1.44877 1.68549 
93.15 1.60241 1.57555 
93.16 1.74568 1.46581 
93.17 1.87868 1.35783 
93.18 2.00162 1.25269 
93.19 2.11482 1.15106 
93.2 2.21862 1.05327 
93.21 2.31338 0.95937 
93.22 2.39947 0.869191 
93.23 2.47723 0.782422 
93.24 2.54695 0.698645 
93.25 2.60889 0.617374 
93.26 2.66328 0.538089 
93.27 2.71026 0.460255 
93.28 2.74996 0.383339 
93.29 2.78243 0.30682 
93.3 2.80769 0.230198 
93.31 2.82571 0.152995 
93.32 2.83641 0.0747619 
93.33 2.83967 -0.004928 
93.34 2.83533 -0.0864741 
93.35 2.82321 -0.170251 
93.36 2.80308 -0.256609 
93.37 2.77467 -0.34587 
93.38 2.73771 -0.438327 
93.39 2.69187 -0.534237 
93.4 2.63683 -0.633808 
93.41 2.57223 -0.737184 
93.42 2.4977 -0.844423 
93.43 2.41289 -0.955465 
93.44 2.31745 -1.07009 
93.45 2.21105 -1.18788 
93.46 2.09343 -1.30815 
93.47 1.9644 -1.42991 
93.48 1.82388 -1.55176 
93.49 1.67194 -1.67193 
93.5 1.50885 -1.78818 
93.51 1.33509 -1.89787 
93.52 1.15142 -1.99802 
93.53 0.958882 -2.08549 
93.54 0.75883 -2.15715 
93.55 0.552884 -2.21018 
93.56 0.342911 -2.24235 
93.57 0.130952 -2.25226 
93.58 -0.0808713 -2.23955 
93.59 -0.29045 -2.2049 
93.6 -0.495791 -2.15002 
93.61 -0.6951 -2.07743 
93.62 -0.886849 -1.99018 
93.63 -1.06981 -1.89155 
93.64 -1.24307 -1.78481 
93.65 -1.406 -1.67295 
93.66 -1.55825 -1.55859 
93.67 -1.69968 -1.44381 
93.68 -1.83035 -1.33022 
93.69 -1.9504 -1.21896 
93.7 -2.06011 -1.11073 
93.71 -2.15978 -1.00587 
93.72 -2.24973 -0.904464 
93.73 -2.33027 -0.806347 
93.74 -2.40171 -0.711214 
93.75 -2.46431 -0.618644 
93.76 -2.51829 -0.528147 
93.77 -2.56381 -0.439192 
93.78 -2.601 -0.35123 
93.79 -2.62993 -0.263711 
93.8 -2.65061 -0.176099 
93.81 -2.66301 -0.0878718 
93.82 -2.66704 0.00146351 
93.83 -2.66259 0.0923738 
93.84 -2.64948 0.185293 
93.85 -2.6275 0.280621 
93.86 -2.59642 0.378711 
93.87 -2.55594 0.479872 
93.88 -2.50579 0.584346 
93.89 -2.44562 0.692295 
93.9 -2.37512 0.803778 
93.91 -2.29395 0.91872 
93.92 -2.20179 1.03687 
93.93 -2.09837 1.15775 
93.94 -1.98345 1.28062 
93.95 -1.85691 1.40441 
93.96 -1.71872 1.52767 
93.97 -1.569 1.64856 
93.98 -1.4081 1.76479 
93.99 -1.23657 1.87376 
94 -1.05522 1.97254 
94.01 -0.86517 2.05812 
94.02 -0.667793 2.12758 
94.03 -0.464733 2.1784 
94.04 -0.257844 2.20865 
94.05 -0.0491221 2.21727 
94.06 0.159385 2.20422 
94.07 0.36567 2.17044 
94.08 0.567863 2.11782 
94.09 0.764306 2.04895 
94.1 0.953608 1.96687 
94.11 1.13468 1.87482 
94.12 1.30672 1.77593 
94.13 1.46923 1.67305 
94.14 1.62196 1.56864 
94.15 1.76485 1.46468 
94.16 1.89802 1.36267 
94.17 2.02171 1.26365 
94.18 2.13624 1.16827 
94.19 2.24196 1.07685 
94.2 2.33925 0.989444 
94.21 2.42849 0.905901 
94.22 2.51002 0.825924 
94.23 2.58417 0.749115 
94.24 2.65121 0.675013 
94.25 2.71137 0.603118 
94.26 2.76485 0.532921 
94.27 2.81176 0.463912 
94.28 2.85221 0.395595 
94.29 2.88624 0.327496 
94.3 2.91384 0.259164 
94.31 2.93497 0.190174 
94.32 2.94956 0.120128 
94.33 2.95748 0.0486535 
94.34 2.95858 -0.0245998 
94.35 2.95269 -0.0999604 
94.36 2.93958 -0.177739 
94.37 2.91903 -0.258227 
94.38 2.89074 -0.341701 
94.39 2.85445 -0.428417 
94.4 2.80982 -0.518612 
94.41 2.75652 -0.612489 
94.42 2.69419 -0.71021 
94.43 2.62248 -0.811875 
94.44 2.54099 -0.917497 
94.45 2.44938 -1.02697 
94.46 2.34727 -1.14002 
94.47 2.23437 -1.25617 
94.48 2.1104 -1.37464 
94.49 1.9752 -1.49435 
94.5 1.82873 -1.6138 
94.51 1.67108 -1.73107 
94.52 1.50258 -1.8438 
94.53 1.32378 -1.9492 
94.54 1.13551 -2.04419 
94.55 0.938914 -2.12554 
94.56 0.73542 -2.1901 
94.57 0.526746 -2.2351 
94.58 0.314841 -2.25844 
94.59 0.101811 -2.25892 
94.6 -0.110173 -2.23639 
94.61 -0.318981 -2.1918 
94.62 -0.522617 -2.12708 
94.63 -0.719305 -2.04491 
94.64 -0.907547 -1.94844 
94.65 -1.08615 -1.84099 
94.66 -1.25424 -1.72578 
94.67 -1.41121 -1.60572 
94.68 -1.55674 -1.48328 
94.69 -1.6907 -1.36043 
94.7 -1.81311 -1.23862 
94.71 -1.92414 -1.11887 
94.72 -2.024 -1.00175 
94.73 -2.11295 -0.887514 
94.74 -2.19128 -0.77616 
94.75 -2.25924 -0.667471 
94.76 -2.31707 -0.561089 
94.77 -2.36496 -0.456563 
94.78 -2.40307 -0.353378 
94.79 -2.43149 -0.250991 
94.8 -2.45029 -0.148849 
94.81 -2.45945 -0.0464109 
94.82 -2.45892 0.0568454 
94.83 -2.4486 0.161406 
94.84 -2.42835 0.267711 
94.85 -2.39798 0.376144 
94.86 -2.35729 0.487015 
94.87 -2.30602 0.600544 
94.88 -2.24393 0.716834 
94.89 -2.17075 0.835846 
94.9 -2.08623 0.957357 
94.91 -1.99017 1.08092 
94.92 -1.88239 1.20583 
94.93 -1.76282 1.33105 
94.94 -1.63149 1.45519 
94.95 -1.48858 1.5765 
94.96 -1.33445 1.69283 
94.97 -1.1697 1.80171 
94.98 -0.99514 1.90045 
94.99 -0.811868 1.98625 
95 -0.621229 2.05644 
95.01 -0.424804 2.10873 
95.02 -0.224369 2.1414 
95.03 -0.0218222 2.15353 
95.04 0.180892 2.1451 
95.05 0.381874 2.11706 
95.06 0.579353 2.07118 
95.07 0.771758 2.00991 
95.08 0.957771 1.9361 
95.09 1.13635 1.8528 
95.1 1.30675 1.763 
95.11 1.46849 1.66943 
95.12 1.62132 1.57446 
95.13 1.76522 1.48003 
95.14 1.90029 1.38764 
95.15 2.0268 1.29833 
95.16 2.14506 1.21281 
95.17 2.25545 1.13145 
95.18 2.35837 1.05436 
95.19 2.45423 0.981435 
95.2 2.5434 0.912453 
95.21 2.62624 0.847065 
95.22 2.70307 0.784863 
95.23 2.77416 0.725395 
95.24 2.83977 0.668196 
95.25 2.90007 0.612798 
95.26 2.95522 0.558745 
95.27 3.00532 0.505603 
95.28 3.05044 0.452963 
95.29 3.0906 0.400444 
95.3 3.12581 0.347696 
95.31 -3.12716 0.2944 
95.32 -3.102 0.240265 
95.33 -3.08199 0.185031 
95.34 -3.06725 0.128458 
95.35 -3.05791 0.0703332 
95.36 -3.05413 0.0104579 
95.37 -3.05608 -0.05135 
95.38 -3.06395 -0.115262 
95.39 -3.07795 -0.181444 
95.4 -3.09829 -0.250056 
95.41 -3.12522 -0.321261 
95.42 3.1242 -0.39522 
95.43 3.08333 -0.472098 
95.44 3.03507 -0.552059 
95.45 2.97913 -0.635261 
95.46 2.9152 -0.721851 
95.47 2.84294 -0.811946 
95.48 2.76202 -0.905621 
95.49 2.67211 -1.00287 
95.5 2.57287 -1.1036 
95.51 2.46399 -1.20754 
95.52 2.34518 -1.31424 
95.53 2.21621 -1.42297 
95.54 2.07694 -1.53269 
95.55 1.92735 -1.64199 
95.56 1.76754 -1.74903 
95.57 1.59784 -1.85153 
95.58 1.41881 -1.9468 
95.59 1.23125 -2.03185 
95.6 1.03629 -2.10352 
95.61 0.83533 -2.1587 
95.62 0.630061 -2.19458 
95.63 0.422409 -2.20899 
95.64 0.214471 -2.20055 
95.65 0.00842578 -2.16891 
95.66 -0.193564 -2.11473 
95.67 -0.389445 -2.03964 
95.68 -0.577353 -1.94602 
95.69 -0.755676 -1.83677 
95.7 -0.923085 -1.71498 
95.71 -1.07855 -1.58371 
95.72 -1.2213 -1.44577 
95.73 -1.35083 -1.30358 
95.74 -1.46684 -1.1591 
95.75 -1.56919 -1.01385 
95.76 -1.65786 -0.868878 
95.77 -1.7329 -0.724881 
95.78 -1.79444 -0.582222 
95.79 -1.84259 -0.441025 
95.8 -1.87751 -0.301231 
95.81 -1.89932 -0.162664 
95.82 -1.90811 -0.0250865 
95.83 -1.90398 0.111759 
95.84 -1.88697 0.248097 
95.85 -1.85714 0.384087 
95.86 -1.8145 0.519776 
95.87 -1.7591 0.655067 
95.88 -1.69097 0.789675 
95.89 -1.61022 0.923092 
95.9 -1.51697 1.05455 
95.91 -1.41147 1.18302 
95.92 -1.29406 1.30715 
95.93 -1.16522 1.42532 
95.94 -1.0256 1.53566 
95.95 -0.876033 1.63616 
95.96 -0.717542 1.7247 
95.97 -0.551352 1.79928 
95.98 -0.378863 1.85815 
95.99 -0.201625 1.89997 
96 -0.0212853 1.92396 
96.01 0.160465 1.93001 
96.02 0.341958 1.91872 
96.03 0.521612 1.89132 
96.04 0.69799 1.84961 
96.05 0.869846 1.79579 
96.06 1.03615 1.73227 
96.07 1.1961 1.66149 
96.08 1.34913 1.58581 
96.09 1.49488 1.50733 
96.1 1.63317 1.42789 
96.11 1.76399 1.34896 
96.12 1.88743 1.27168 
96.13 2.0037 1.19688 
96.14 2.11305 1.12509 
96.15 2.2158 1.05659 
96.16 2.31224 0.991486 
96.17 2.4027 0.929696 
96.18 2.48749 0.871033 
96.19 2.56688 0.815217 
96.2 2.64114 0.761911 
96.21 2.71047 0.71074 
96.22 2.77506 0.66131 
96.23 2.83506 0.61322 
96.24 2.89058 0.566074 
96.25 2.94168 0.519489 
96.26 2.9884 0.4731 
96.27 3.03075 0.426562 
96.28 3.06869 0.379554 
96.29 3.10217 0.331778 
96.3 3.1311 0.282961 
96.31 -3.12781 0.232853 
96.32 -3.10833 0.181226 
96.33 -3.0938 0.127872 
96.34 -3.08438 0.0725988 
96.35 -3.08026 0.0152297 
96.36 -3.08166 -0.0444009 
96.37 -3.08879 -0.106451 
96.38 -3.10188 -0.171072 
96.39 -3.12119 -0.238417 
96.4 3.13621 -0.308637 
96.41 3.10367 -0.381885 
96.42 3.06408 -0.458318 
96.43 3.01713 -0.538091 
96.44 2.9625 -0.621356 
96.45 2.89986 -0.708252 
96.46 2.82885 -0.798891 
96.47 2.74913 -0.893338 
96.48 2.66032 -0.99159 
96.49 2.56209 -1.09353 
96.5 2.45409 -1.19891 
96.51 2.33601 -1.30724 
96.52 2.20762 -1.41782 
96.53 2.06874 -1.52959 
96.54 1.91932 -1.64112 
96.55 1.75949 -1.75055 
96.56 1.58953 -1.85558 
96.57 1.40998 -1.9535 
96.58 1.22166 -2.04128 
96.59 1.02568 -2.11569 
96.6 0.823443 -2.17358 
96.61 0.616642 -2.21212 
96.62 0.407214 -2.22908 
96.63 0.197266 -2.22307 
96.64 -0.0110138 -2.19374 
96.65 -0.215452 -2.14179 
96.66 -0.413988 -2.0689 
96.67 -0.60476 -1.97751 
96.68 -0.78616 -1.87058 
96.69 -0.956874 -1.75129 
96.7 -1.11588 -1.62275 
96.71 -1.26246 -1.48782 
96.72 -1.39611 -1.34895 
96.73 -1.51657 -1.20813 
96.74 -1.62372 -1.06686 
96.75 -1.71758 -0.926199 
96.76 -1.79824 -0.786801 
96.77 -1.86584 -0.649003 
96.78 -1.92053 -0.512883 
96.79 -1.96247 -0.37833 
96.8 -1.99179 -0.245101 
96.81 -2.0086 -0.112879 
96.82 -2.01299 0.0186857 
96.83 -2.005 0.149936 
96.84 -1.98464 0.281167 
96.85 -1.95191 0.412597 
96.86 -1.90678 0.544327 
96.87 -1.84922 0.676311 
96.88 -1.77922 0.808313 
96.89 -1.6968 0.939874 
96.9 -1.60203 1.07028 
96.91 -1.49507 1.19851 
96.92 -1.37618 1.32326 
96.93 -1.24576 1.4429 
96.94 -1.10438 1.55552 
96.95 -0.952799 1.65902 
96.96 -0.791987 1.75118 
96.97 -0.623113 1.82981 
96.98 -0.447547 1.89294 
96.99 -0.26683 1.93899 
97 -0.0826231 1.96694 
97.01 0.103346 1.97645 
97.02 0.289353 1.96794 
97.03 0.473745 1.94252 
97.04 0.655009 1.90193 
97.05 0.831815 1.84839 
97.06 1.00306 1.78439 
97.07 1.16788 1.71249 
97.08 1.32564 1.63519 
97.09 1.47595 1.55476 
97.1 1.61861 1.47316 
97.11 1.75359 1.39201 
97.12 1.88098 1.31256 
97.13 2.00101 1.23573 
97.14 2.11394 1.16211 
97.15 2.22009 1.09205 
97.16 2.31982 1.02566 
97.17 2.41345 0.962904 
97.18 2.50134 0.903587 
97.19 2.58378 0.847438 
97.2 2.66107 0.794115 
97.21 2.73345 0.743238 
97.22 2.80113 0.694403 
97.23 2.86429 0.647204 
97.24 2.92306 0.601237 
97.25 2.97754 0.556112 
97.26 3.0278 0.511458 
97.27 3.07385 0.466927 
97.28 3.1157 0.422198 
97.29 -3.12987 0.376974 
97.3 -3.09655 0.330986 
97.31 -3.06761 0.283992 
97.32 -3.04315 0.235772 
97.33 -3.0233 0.186133 
97.34 -3.0082 0.1349 
97.35 -2.99801 0.0819172 
97.36 -2.9929 0.0270429 
97.37 -2.99305 -0.0298523 
97.38 -2.99867 -0.0888901 
97.39 -3.00995 -0.150188 
97.4 -3.02711 -0.213862 
97.41 -3.0504 -0.280031 
97.42 -3.08003 -0.348819 
97.43 -3.11628 -0.420357 
97.44 3.12379 -0.49478 
97.45 3.07351 -0.57223 
97.46 3.01579 -0.652848 
97.47 2.95033 -0.736765 
97.48 2.87679 -0.824092 
97.49 2.79487 -0.914896 
97.5 2.70423 -1.00918 
97.51 2.60454 -1.10685 
97.52 2.4955 -1.20765 
97.53 2.37683 -1.31117 
97.54 2.24831 -1.41671 
97.55 2.10979 -1.52328 
97.56 1.96122 -1.62953 
97.57 1.80273 -1.73369 
97.58 1.63461 -1.83358 
97.59 1.45738 -1.9266 
97.6 1.27182 -2.00982 
97.61 1.079 -2.08016 
97.62 0.88029 -2.13452 
97.63 0.677319 -2.17011 
97.64 0.471972 -2.18467 
97.65 0.266308 -2.17671 
97.66 0.0624812 -2.14573 
97.67 -0.137354 -2.09219 
97.68 -0.331132 -2.01755 
97.69 -0.516965 -1.92401 
97.7 -0.693196 -1.81432 
97.71 -0.858445 -1.69149 
97.72 -1.01162 -1.55851 
97.73 -1.15189 -1.41819 
97.74 -1.27868 -1.27297 
97.75 -1.39164 -1.12487 
97.76 -1.49057 -0.975463 
97.77 -1.57541 -0.825896 
97.78 -1.64617 -0.67694 
97.79 -1.70294 -0.529055 
97.8 -1.74584 -0.382457 
97.81 -1.77498 -0.237187 
97.82 -1.79049 -0.0931735 
97.83 -1.79249 0.0497072 
97.84 -1.78107 0.191582 
97.85 -1.75632 0.332531 
97.86 -1.71833 0.472543 
97.87 -1.6672 0.611471 
97.88 -1.60304 0.748996 
97.89 -1.52601 0.884585 
97.9 -1.43633 1.01746 
97.91 -1.33429 1.14658 
97.92 -1.22031 1.27064 
97.93 -1.09494 1.38805 
97.94 -0.958889 1.49705 
97.95 -0.813042 1.5957 
97.96 -0.658464 1.68207 
97.97 -0.496401 1.75431 
97.98 -0.328262 1.81086 
97.99 -0.155583 1.85057 
98 0.0200158 1.87283 
98.01 0.196886 1.87768 
98.02 0.373414 1.86579 
98.03 0.548076 1.83842 
98.04 0.719495 1.79736 
98.05 0.886477 1.74471 
98.06 1.04804 1.68278 
98.07 1.20342 1.6139 
98.08 1.35206 1.54027 
98.09 1.49361 1.46387 
98.1 1.6279 1.38643 
98.11 1.75489 1.30932 
98.12 1.87468 1.23361 
98.13 1.98742 1.16008 
98.14 2.09335 1.08921 
98.15 2.19274 1.02128 
98.16 2.28587 0.956365 
98.17 2.37302 0.894388 
98.18 2.45446 0.835161 
98.19 2.53043 0.778413 
98.2 2.60115 0.723813 
98.21 2.66682 0.670992 
98.22 2.72758 0.619562 
98.23 2.78353 0.56913 
98.24 2.83477 0.519301 
98.25 2.88133 0.469695 
98.26 2.9232 0.419944 
98.27 2.96037 0.369699 
98.28 2.99276 0.31863 
98.29 3.02029 0.26643 
98.3 3.04284 0.212811 
98.31 3.06026 0.157504 
98.32 3.07237 0.100258 
98.33 3.07899 0.0408387 
98.34 3.07991 -0.0209753 
98.35 3.07487 -0.0853953 
98.36 3.06364 -0.152624 
98.37 3.04593 -0.222858 
98.38 3.02146 -0.29629 
98.39 2.98991 -0.373109 
98.4 2.95096 -0.453498 
98.41 2.90425 -0.537632 
98.42 2.84944 -0.625669 
98.43 2.78614 -0.717744 
98.44 2.71398 -0.813946 
98.45 2.63255 -0.914297 
98.46 2.54148 -1.01872 
98.47 2.44038 -1.12701 
98.48 2.32892 -1.23876 
98.49 2.20679 -1.35332 
98.5 2.07376 -1.46975 
98.51 1.92973 -1.58672 
98.52 1.77472 -1.7025 
98.53 1.60894 -1.81489 
98.54 1.43283 -1.92126 
98.55 1.2471 -2.01863 
98.56 1.05275 -2.10376 
98.57 0.851078 -2.1734 
98.58 0.643699 -2.22453 
98.59 0.432476 -2.25468 
98.6 0.219472 -2.26218 
98.61 0.00686115 -2.24637 
98.62 -0.203171 -2.20768 
98.63 -0.408531 -2.1476 
98.64 -0.607308 -2.06848 
98.65 -0.797844 -1.97329 
98.66 -0.978777 -1.86528 
98.67 -1.14905 -1.74775 
98.68 -1.30793 -1.62374 
98.69 -1.45491 -1.49591 
98.7 -1.58975 -1.36646 
98.71 -1.71238 -1.23705 
98.72 -1.82287 -1.10887 
98.73 -1.92136 -0.982677 
98.74 -2.00807 -0.858865 
98.75 -2.08323 -0.737527 
98.76 -2.14706 -0.618534 
98.77 -2.19978 -0.501593 
98.78 -2.24156 -0.386298 
98.79 -2.27254 -0.272174 
98.8 -2.29279 -0.158708 
98.81 -2.30236 -0.0453809 
98.82 -2.30124 0.0683113 
98.83 -2.28937 0.182839 
98.84 -2.26665 0.298617 
98.85 -2.23294 0.415988 
98.86 -2.18809 0.5352 
98.87 -2.13192 0.656377 
98.88 -2.06424 0.779494 
98.89 -1.98487 0.904339 
98.9 -1.89367 1.03047 
98.91 -1.79055 1.15718 
98.92 -1.67551 1.28345 
98.93 -1.54864 1.40792 
98.94 -1.41019 1.52888 
98.95 -1.26059 1.64426 
98.96 -1.10047 1.75171 
98.97 -0.930707 1.8487 
98.98 -0.752397 1.93263 
98.99 -0.566893 2.00106 
99 -0.375756 2.05193 
99.01 -0.180717 2.08374 
99.02 0.0163878 2.09578 
99.03 0.213693 2.08815 
99.04 0.409386 2.06186 
99.05 0.601784 2.01866 
99.06 0.789401 1.9609 
99.07 0.970992 1.89132 
99.08 1.14558 1.81282 
99.09 1.31246 1.7282 
99.1 1.47117 1.64006 
99.11 1.6215 1.55064 
99.12 1.76341 1.46179 
99.13 1.89703 1.37494 
99.14 2.0226 1.29112 
99.15 2.14044 1.21099 
99.16 2.25091 1.13494 
99.17 2.35441 1.06309 
99.18 2.45134 0.995367 
99.19 2.54206 0.931572 
99.2 2.62695 0.871387 
99.21 2.70632 0.814434 
99.22 2.78045 0.760292 
99.23 2.8496 0.70852 
99.24 2.91397 0.658676 
99.25 2.97371 0.610328 
99.26 3.02894 0.563059 
99.27 3.07976 0.51648 
99.28 3.12621 0.470228 
99.29 -3.11489 0.423968 
99.3 -3.07717 0.377399 
99.31 -3.04387 0.330249 
99.32 -3.01504 0.282276 
99.33 -2.99078 0.233267 
99.34 -2.9712 0.183032 
99.35 -2.95641 0.131406 
99.36 -2.94656 0.0782445 
99.37 -2.94179 0.0234177 
99.38 -2.94227 -0.0331911 
99.39 -2.94817 -0.0916899 
99.4 -2.95968 -0.152182 
99.41 -2.97698 -0.214771 
99.42 -3.00029 -0.279562 
99.43 -3.0298 -0.346667 
99.44 -3.06575 -0.416205 
99.45 -3.10837 -0.488304 
99.46 3.12528 -0.563098 
99.47 3.06857 -0.640727 
99.48 3.0044 -0.721326 
99.49 2.93249 -0.805014 
99.5 2.85255 -0.89188 
99.51 2.76428 -0.981962 
99.52 2.66737 -1.07521 
99.53 2.56153 -1.17146 
99.54 2.44649 -1.27036 
99.55 2.32203 -1.37138 
99.56 2.18799 -1.47368 
99.57 2.04428 -1.57611 
99.58 1.89099 -1.67712 
99.59 1.72831 -1.77477 
99.6 1.55669 -1.86671 
99.61 1.37677 -1.95025 
99.62 1.1895 -2.02245 
99.63 0.996073 -2.08028 
99.64 0.797991 -2.12087 
99.65 0.596998 -2.14176 
99.66 0.395042 -2.14111 
99.67 0.194205 -2.11794 
99.68 -0.00338018 -2.07222 
99.69 -0.195625 -2.00487 
99.7 -0.380567 -1.91763 
99.71 -0.556441 -1.8129 
99.72 -0.721729 -1.69346 
99.73 -0.87518 -1.56222 
99.74 -1.01582 -1.422 
99.75 -1.14292 -1.27536 
99.76 -1.25598 -1.1245 
99.77 -1.3547 -0.971208 
99.78 -1.43892 -0.816858 
99.79 -1.50858 -0.66245 
99.8 -1.56371 -0.508664 
99.81 -1.60439 -0.355926 
99.82 -1.63075 -0.204472 
99.83 -1.64289 -0.0544211 
99.84 -1.64096 0.0941669 
99.85 -1.6251 0.241232 
99.86 -1.59546 0.386661 
99.87 -1.5522 0.530239 
99.88 -1.49551 0.671604 
99.89 -1.42562 0.81021 
99.9 -1.34284 0.945293 
99.91 -1.24752 1.07585 
99.92 -1.14017 1.20065 
99.93 -1.02139 1.31821 
99.94 -0.891932 1.4269 
99.95 -0.752724 1.52494 
99.96 -0.604849 1.61059 
99.97 -0.449555 1.68219 
99.98 -0.288232 1.73837 
99.99 -0.122386 1.77814 
100 0.0464106 1.80101 
