0 -3.94102e-17 0
0.628319 -3.23848e-17 4.60906e-18
1.25664 -1.03147e-16 -4.19677e-18
1.88496 -2.61643e-19 -1.51489e-17
2.51327 -1.15132e-16 1.69002e-17
3.14159 0.569328 0.00894372
3.76991 5.8829e-17 -8.0331e-18
4.39823 -1.49427e-16 2.23533e-17
5.02655 3.92415e-17 4.08604e-17
5.65487 -7.10584e-17 6.43069e-17
6.28319 -3.94792e-17 7.96831e-18
6.9115 -1.9415e-16 2.04946e-18
7.53982 -2.44261e-17 -6.53071e-17
8.16814 2.30329e-16 9.75835e-17
8.79646 -2.58008e-16 5.62906e-17
9.42478 -0.189557 -0.0089393
10.0531 -1.00668e-16 -4.4501e-17
10.6814 3.40248e-16 1.0855e-16
11.3097 -5.73766e-17 4.07751e-17
11.9381 -7.85943e-17 -6.06047e-17
12.5664 -3.27773e-17 1.60851e-17
13.1947 -1.8917e-17 1.59641e-16
13.823 -8.77805e-17 6.76317e-18
14.4513 -6.74446e-17 6.90964e-19
15.0796 -9.02261e-17 -1.36641e-16
15.708 0.113472 0.00893046
16.3363 2.2382e-16 -1.35874e-16
16.9646 3.67048e-17 6.68626e-18
17.5929 2.55862e-16 -1.42525e-16
18.2212 -1.42249e-17 -4.6321e-18
18.8496 -1.38764e-16 -8.14418e-17
19.4779 -1.29134e-16 -8.88741e-17
20.1062 3.49693e-17 2.2115e-17
20.7345 1.12719e-17 1.09937e-16
21.3628 2.86773e-16 2.71682e-17
21.9911 -0.0807711 -0.00891721
22.6195 -8.25461e-17 -2.65095e-17
23.2478 9.65806e-17 -1.10855e-16
23.8761 -1.01534e-16 1.05104e-16
24.5044 -1.6631e-16 7.21602e-17
25.1327 2.16408e-17 -4.80526e-17
25.7611 -2.08913e-16 -3.38313e-17
26.3894 -6.65599e-17 -6.20204e-17
27.0177 5.63249e-17 -2.77522e-16
27.646 1.9197e-16 1.16939e-16
28.2743 0.0625316 0.00889956
28.9027 -3.15101e-16 2.30791e-16
29.531 2.47133e-16 1.62766e-17
30.1593 1.05417e-16 -5.604e-17
30.7876 -2.50119e-16 -7.96007e-17
31.4159 1.10691e-17 -1.15754e-16
32.0442 1.82174e-16 -2.32624e-16
32.6726 2.37781e-16 1.88359e-16
33.3009 4.68883e-17 -7.96145e-17
33.9292 -7.69679e-16 1.05451e-16
34.5575 -0.050866 -0.00887754
35.1858 1.97397e-16 2.96673e-16
35.8142 2.82578e-16 -3.78767e-16
36.4425 -1.74853e-16 -4.8739e-17
37.0708 -1.23638e-16 7.218e-17
37.6991 -9.07298e-18 1.54148e-16
38.3274 7.37988e-17 8.34924e-17
38.9557 -1.83047e-16 -1.62855e-16
39.5841 -7.97064e-17 -1.92784e-17
40.2124 -2.55299e-17 -1.20639e-17
40.8407 0.0427406 0.00885116
41.469 4.06677e-16 1.47383e-16
42.0973 2.55358e-16 -3.07589e-16
42.7257 -7.21408e-17 -2.47816e-16
43.354 1.01464e-16 3.34263e-16
43.9823 -6.70607e-17 1.49877e-17
44.6106 -1.90489e-16 -2.06803e-16
45.2389 -1.20892e-16 -1.81368e-16
45.8673 -1.20778e-16 -1.92132e-16
46.4956 -8.55872e-16 -1.18489e-17
47.1239 -0.0367398 -0.00882045
47.7522 2.04984e-16 1.72089e-16
48.3805 -2.49533e-16 1.03921e-16
49.0088 -4.92264e-16 -2.46432e-16
49.6372 -2.42288e-15 4.25947e-16
50.2655 6.05421e-16 -6.58671e-16
50.8938 4.69276e-16 7.24419e-17
51.5221 -5.81721e-17 -2.9585e-16
52.1504 -3.02412e-16 -1.71636e-16
52.7788 -4.24364e-17 1.9387e-16
53.4071 0.0321142 0.00878544
54.0354 -7.41204e-16 5.22771e-17
54.6637 -3.7743e-16 -1.98466e-16
55.292 -4.54712e-17 -2.72982e-17
55.9203 3.77371e-16 -2.71444e-17
56.5487 4.06255e-16 2.5177e-16
57.177 8.99579e-17 3.26413e-16
57.8053 8.01127e-17 9.70196e-16
58.4336 7.93527e-18 8.63724e-18
59.0619 6.87392e-17 2.22814e-16
59.6903 -0.0284299 -0.00874616
60.3186 2.44863e-16 -1.5567e-15
60.9469 4.27649e-16 -2.16764e-16
61.5752 3.084e-16 -2.52608e-18
62.2035 -4.87389e-16 -1.03798e-16
62.8319 -7.66366e-17 -4.60286e-16
63.4602 1.10343e-15 7.31803e-16
64.0885 -4.4481e-16 1.87008e-16
64.7168 -1.64319e-16 -1.89677e-16
65.3451 -1.57838e-16 3.77294e-16
65.9734 0.0254184 0.00870266
66.6018 -1.36131e-16 3.34778e-16
67.2301 -9.37148e-16 2.10552e-17
67.8584 -1.17004e-16 -3.24902e-16
68.4867 -1.46003e-16 2.65757e-16
69.115 -2.01415e-16 1.56223e-16
69.7434 1.46906e-15 7.26797e-16
70.3717 -4.0689e-17 3.01595e-16
71 -3.80634e-16 -1.87113e-16
71.6283 8.87369e-16 1.55258e-16
72.2566 -0.0229047 -0.00865497
72.8849 -4.89255e-16 3.13871e-16
73.5133 -5.41873e-16 -2.73317e-17
74.1416 4.02806e-16 -6.99425e-17
74.7699 1.34641e-16 1.47083e-16
75.3982 1.37267e-16 5.79535e-17
76.0265 6.84211e-18 6.01421e-17
76.6549 2.23625e-16 4.65105e-16
77.2832 -1.00734e-16 2.60177e-16
77.9115 -8.9897e-16 -6.26791e-16
78.5398 0.0207698 0.00860315
79.1681 1.87897e-16 7.34238e-17
79.7965 -1.4129e-17 3.25926e-16
80.4248 -2.38116e-16 1.72954e-16
81.0531 7.82986e-17 2.69168e-16
81.6814 -2.71132e-16 -7.97206e-16
82.3097 1.48641e-15 -1.30727e-15
82.938 -1.63478e-16 5.81572e-16
83.5664 -1.27806e-16 8.78733e-16
84.1947 8.1927e-17 -3.9191e-16
84.823 -0.01893 -0.00854724
85.4513 -8.3645e-16 4.24447e-16
86.0796 9.33668e-16 2.19485e-15
86.708 -1.5631e-16 1.26768e-16
87.3363 2.27578e-16 -3.99246e-16
87.9646 9.74682e-17 -2.33061e-16
88.5929 -5.29627e-16 -3.57947e-16
89.2212 6.35677e-17 7.17455e-17
89.8495 -4.00591e-16 -5.84228e-16
90.4779 -1.06277e-16 -9.73874e-17
91.1062 0.0173247 0.0084873
91.7345 4.38415e-15 -1.35504e-15
92.3628 -7.60767e-16 9.54543e-16
92.9911 1.76408e-16 5.61956e-16
93.6195 -1.69282e-16 6.82547e-16
94.2478 -5.28258e-16 -2.8838e-16
94.8761 -1.50567e-16 -1.29629e-16
95.5044 1.03401e-15 6.55419e-16
96.1327 -1.70986e-17 -7.62322e-16
96.7611 5.61662e-17 5.11071e-16
97.3894 -0.015909 -0.0084234
98.0177 4.63328e-16 9.06639e-16
98.646 -1.08127e-15 -5.39054e-16
99.2743 2.92204e-16 -1.34025e-15
99.9026 -1.50654e-17 -2.31469e-17
100.531 1.49948e-16 -6.63091e-17
101.159 -9.25101e-16 -3.11102e-16
101.788 2.09581e-16 7.10212e-16
102.416 -5.91681e-16 1.15688e-16
103.044 -2.18432e-16 -1.2485e-17
103.673 0.0146489 0.00835558
104.301 5.84638e-17 1.35098e-16
104.929 6.00273e-16 -1.34807e-16
105.558 9.55406e-16 5.45254e-16
106.186 7.66941e-16 -1.90088e-15
106.814 -8.35861e-18 7.89557e-16
107.442 8.21742e-16 -5.85327e-16
108.071 4.63725e-16 4.31822e-16
108.699 -6.44813e-17 -4.27221e-16
109.327 9.03235e-16 3.58161e-16
109.956 -0.0135181 -0.00828393
110.584 -2.46366e-16 2.62673e-16
111.212 1.3144e-16 6.89245e-16
111.841 9.64987e-16 -4.19722e-16
112.469 1.08744e-17 -4.7361e-16
113.097 5.44318e-16 -8.53521e-17
113.726 -6.85312e-16 1.38098e-15
114.354 -1.10894e-15 -6.12401e-16
114.982 -5.22438e-16 -1.48865e-15
115.611 -1.92097e-15 7.56145e-16
116.239 0.0124963 0.0082085
116.867 -1.50182e-15 1.57043e-15
117.496 1.42438e-15 -4.67922e-16
118.124 -7.34693e-16 6.45932e-17
118.752 2.73917e-16 -2.0158e-17
119.381 -8.47746e-17 6.92393e-16
120.009 2.9519e-16 8.1545e-16
120.637 -3.75899e-16 -3.31073e-16
121.265 -9.71873e-17 -4.0055e-16
121.894 -3.37779e-16 -1.06213e-15
122.522 -0.0115669 -0.00812939
123.15 1.26611e-16 3.93603e-16
123.779 -4.61316e-16 -3.17559e-16
124.407 1.30173e-16 7.93385e-16
125.035 -3.48102e-16 -6.7454e-16
125.664 2.63654e-15 3.93874e-16
126.292 8.06237e-16 5.0911e-16
126.92 -6.92791e-16 -2.35322e-15
127.549 -1.61084e-16 3.64879e-16
128.177 5.00496e-16 7.40603e-16
128.805 0.0107171 0.00804665
129.434 -2.3755e-16 -1.53973e-16
130.062 9.33707e-16 4.68797e-16
130.69 4.44737e-16 7.49486e-16
131.319 1.93656e-15 9.01365e-16
131.947 -6.08539e-16 8.57488e-16
132.575 -1.44785e-15 8.13115e-16
133.204 2.3454e-15 1.95291e-15
133.832 4.57332e-16 -4.52584e-16
134.46 -8.55859e-17 1.66582e-16
135.088 -0.00993619 -0.00796039
135.717 6.21331e-16 -5.22473e-16
136.345 2.65721e-15 -1.0241e-15
136.973 -1.27402e-15 -6.02478e-16
137.602 -5.02708e-18 -5.34904e-17
138.23 -7.07962e-16 -1.13036e-15
138.858 -3.63915e-17 5.11331e-17
139.487 -3.24194e-15 -8.17607e-17
140.115 -2.43002e-17 -6.24208e-16
140.743 2.41678e-16 -3.74765e-16
141.372 0.00921538 0.00787068
142 1.49854e-16 -4.38346e-16
142.628 -1.77232e-16 -9.37214e-17
143.257 -5.45998e-16 -2.1393e-16
143.885 -8.14339e-16 1.0893e-15
144.513 -5.42056e-16 1.13141e-15
145.142 4.76634e-16 6.63966e-16
145.77 -5.44401e-16 2.67387e-15
146.398 -5.27155e-17 -6.49545e-16
147.027 3.32498e-16 -1.66593e-16
147.655 -0.00854748 -0.00777761
148.283 4.65489e-16 -1.19817e-15
148.911 3.27029e-16 1.41243e-16
149.54 -3.24515e-16 -4.78625e-16
150.168 5.74538e-16 -8.36769e-18
150.796 8.66015e-16 -3.51487e-16
151.425 -1.3433e-16 -6.75039e-16
152.053 -4.88102e-16 5.18058e-16
152.681 -7.03455e-16 -2.05067e-16
153.31 1.8062e-16 5.37754e-17
153.938 0.00792646 0.00768128
154.566 3.41681e-16 2.6225e-16
155.195 -9.01596e-16 -1.23117e-15
155.823 -2.04636e-16 4.7318e-16
156.451 -4.51884e-16 1.97958e-16
157.08 9.80502e-16 -1.44644e-15
157.708 3.4255e-16 8.40338e-16
158.336 9.56038e-17 6.79067e-16
158.965 2.42288e-18 -3.22894e-16
159.593 1.6457e-15 2.09672e-16
160.221 -0.00734725 -0.00758177
160.85 -3.52252e-16 -7.331e-17
161.478 1.36806e-15 -3.3658e-16
162.106 2.1679e-16 -1.75455e-16
162.734 -3.43177e-16 -7.07281e-16
163.363 -4.598e-16 7.66786e-16
163.991 8.91092e-16 4.75971e-16
164.619 -1.83601e-16 7.01113e-16
165.248 -1.1497e-15 -9.35525e-16
165.876 -6.64007e-16 7.80314e-16
166.504 0.00680554 0.0074792
167.133 -4.12644e-16 -3.45147e-16
167.761 2.10743e-16 -1.9101e-16
168.389 5.50314e-16 6.22707e-16
169.018 -5.86758e-16 2.29423e-16
169.646 9.82055e-16 -4.86621e-17
170.274 -6.60846e-17 -3.57175e-15
170.903 3.156e-16 -1.77403e-16
171.531 -4.16591e-16 2.00618e-16
172.159 1.07569e-15 1.76443e-16
172.788 -0.00629769 -0.00737365
173.416 -5.29544e-17 2.24194e-16
174.044 7.71339e-16 4.83121e-16
174.673 4.68302e-15 -1.92088e-15
175.301 -3.49753e-17 3.29895e-16
175.929 1.87128e-16 1.50984e-16
176.558 -2.96659e-17 7.70255e-16
177.186 2.42778e-16 6.62197e-16
177.814 -4.54772e-16 -6.42571e-16
178.442 -9.20949e-17 1.68746e-16
179.071 0.00582055 0.00726524
179.699 -1.33509e-15 -4.87494e-16
180.327 1.80137e-16 8.27244e-16
180.956 -1.55885e-15 6.42548e-16
181.584 -2.32758e-15 -6.90145e-17
182.212 -3.88249e-17 -7.88483e-16
182.841 -1.49982e-16 9.91585e-16
183.469 -2.72982e-16 1.19627e-16
184.097 -5.93086e-16 -7.22221e-17
184.726 1.06841e-15 -5.62032e-16
185.354 -0.00537143 -0.00715407
185.982 3.73556e-15 -2.59831e-15
186.611 -6.08199e-16 -1.05687e-16
187.239 2.72038e-16 -1.99633e-17
187.867 -1.32644e-15 -1.18163e-16
188.496 -3.2351e-16 -5.52749e-16
189.124 8.40979e-16 9.80493e-16
189.752 -1.07311e-15 9.13561e-16
190.381 3.57999e-16 4.63743e-16
191.009 1.02361e-15 -2.41395e-16
191.637 0.00494797 0.00704025
192.265 -7.51963e-16 1.58838e-15
192.894 2.53261e-16 -2.61162e-16
193.522 3.82903e-16 2.26543e-16
194.15 -5.65757e-16 9.76749e-17
194.779 1.93602e-16 1.68764e-16
195.407 -3.72837e-15 2.14254e-15
196.035 -5.81644e-16 2.98358e-16
196.664 5.69543e-16 -3.82599e-16
197.292 1.43551e-15 2.00693e-15
197.92 -0.00454815 -0.0069239
198.549 5.17701e-17 6.88268e-17
199.177 -5.28546e-16 4.63047e-16
199.805 -8.2905e-16 -9.46865e-17
200.434 2.63165e-16 1.6167e-16
201.062 2.09696e-16 5.78984e-16
201.69 -3.20154e-16 3.72486e-17
202.319 -5.94153e-19 -3.32823e-16
202.947 -2.53993e-16 1.9172e-15
203.575 -8.75043e-16 2.56091e-16
204.204 0.00417018 0.00680512
204.832 1.18751e-15 3.60639e-16
205.46 -6.64635e-17 8.51413e-16
206.088 -1.89298e-16 2.13053e-16
206.717 -2.13222e-16 9.97884e-16
207.345 5.89675e-16 -2.20702e-16
207.973 2.75972e-15 8.80217e-16
208.602 1.19014e-15 -4.26133e-16
209.23 -2.34407e-15 -6.43213e-16
209.858 -1.75405e-15 1.89667e-15
210.487 -0.00381251 -0.00668405
211.115 -6.35766e-16 8.58217e-16
211.743 -7.11393e-16 1.20274e-15
212.372 1.69004e-15 -1.35428e-15
213 2.82605e-16 -1.68922e-16
213.628 -3.81122e-16 9.61785e-18
214.257 7.2053e-16 6.86455e-16
214.885 1.04286e-15 -1.98701e-16
215.513 3.93731e-16 8.59403e-16
216.142 9.8385e-16 4.38875e-16
216.77 0.00347376 0.00656079
217.398 -1.23838e-15 -1.75131e-15
218.027 -6.45379e-16 3.53581e-16
218.655 -1.48526e-15 -2.66814e-15
219.283 2.16332e-16 1.8175e-16
219.911 -1.42801e-16 -5.79535e-16
220.54 6.26593e-16 4.18282e-16
221.168 -5.56939e-16 -1.21432e-15
221.796 1.69024e-15 -1.11356e-16
222.425 -1.77163e-15 -2.26118e-15
223.053 -0.0031527 -0.00643546
223.681 9.25167e-16 -9.35656e-16
224.31 1.30354e-15 -1.80403e-15
224.938 1.46433e-15 -7.45866e-16
225.566 1.28191e-15 4.48995e-15
226.195 -4.30554e-16 7.45701e-16
226.823 6.09427e-16 1.17437e-16
227.451 -2.6437e-16 -7.37545e-16
228.08 -1.12046e-15 -2.63513e-16
228.708 -2.03888e-16 5.5488e-16
229.336 0.00284826 0.0063082
229.965 1.22807e-15 -9.11965e-16
230.593 1.74522e-15 7.18993e-16
231.221 -3.07184e-15 -8.69634e-16
231.85 2.97075e-15 3.55513e-15
232.478 -1.51113e-15 1.6255e-15
233.106 -1.3003e-17 -1.55067e-15
233.734 1.59569e-15 8.7954e-16
234.363 -1.75101e-16 -1.9124e-15
234.991 4.26965e-16 -3.44696e-16
235.619 -0.00255948 -0.00617913
236.248 5.52068e-16 -2.02219e-16
236.876 -8.83863e-16 -1.47401e-16
237.504 1.5677e-16 -1.25684e-15
238.133 4.51359e-16 -6.3476e-16
238.761 -5.06931e-16 1.04815e-15
239.389 -2.69523e-16 6.63856e-16
240.018 1.14335e-15 -1.23282e-16
240.646 6.05917e-16 4.68917e-16
241.274 3.65292e-16 -9.22153e-16
241.903 0.00228549 0.00604838
242.531 4.26869e-16 2.3661e-15
243.159 5.92354e-16 -1.71845e-15
243.788 1.43981e-15 4.48142e-16
244.416 2.30653e-15 1.74256e-15
245.044 -7.81327e-16 -8.66929e-16
245.673 -3.2883e-16 1.76903e-16
246.301 -9.71808e-16 -9.07019e-16
246.929 4.09997e-15 8.7885e-16
247.558 3.64264e-15 8.94591e-17
248.186 -0.00202552 -0.00591607
248.814 -3.86704e-16 -2.00373e-15
249.442 -1.90129e-17 -5.0952e-16
250.071 1.82133e-15 -4.05224e-15
250.699 -1.16205e-15 8.18556e-17
251.327 2.60324e-15 -2.62151e-16
251.956 -1.10244e-15 -7.36551e-16
252.584 9.86683e-16 -3.96605e-15
253.212 -1.59445e-15 1.56735e-16
253.841 -4.84127e-16 -4.17716e-16
254.469 0.00177888 0.00578233
255.097 -1.36451e-15 -2.8218e-16
255.726 1.94239e-16 -1.923e-16
256.354 -7.34918e-17 2.38113e-16
256.982 -2.66123e-15 1.76731e-15
257.611 -7.21987e-16 7.66155e-17
258.239 4.09625e-15 6.13571e-15
258.867 8.87e-16 1.45213e-16
259.496 1.6696e-15 -5.77459e-15
260.124 3.69434e-16 -6.65587e-16
260.752 -0.00154493 -0.0056473
261.381 -2.8363e-16 2.85677e-16
262.009 1.258e-15 7.20532e-16
262.637 5.11647e-17 -7.57555e-16
263.265 -9.52222e-16 1.19864e-15
263.894 1.79211e-15 1.28366e-15
264.522 1.23151e-15 2.43973e-16
265.15 6.26533e-15 -6.02774e-15
265.779 -7.88992e-17 -1.38422e-16
266.407 4.82868e-16 2.69267e-15
267.035 0.0013231 0.00551112
267.664 1.90736e-15 -4.71779e-16
268.292 -1.849e-16 -5.33616e-16
268.92 -4.34096e-15 -5.61074e-15
269.549 3.56775e-16 4.92008e-16
270.177 1.29386e-15 4.98453e-16
270.805 3.16279e-15 -6.10099e-15
271.434 7.55567e-16 1.85798e-16
272.062 -3.26351e-15 3.11281e-15
272.69 -1.51828e-15 -1.66639e-15
273.319 -0.00111288 -0.00537391
273.947 -8.0351e-16 -6.95542e-16
274.575 8.77983e-16 1.90023e-16
275.204 -7.77746e-16 -1.54119e-15
275.832 3.51685e-16 4.89598e-17
276.46 -2.05627e-16 1.3276e-15
277.088 5.96133e-16 -1.15461e-15
277.717 4.90441e-16 -6.91673e-16
278.345 -5.97041e-16 2.37168e-16
278.973 -5.10403e-15 3.71191e-15
279.602 0.000913795 0.00523581
280.23 -1.00998e-15 2.04652e-16
280.858 9.13803e-16 -8.68827e-17
281.487 -3.83895e-16 1.08777e-15
282.115 8.10766e-16 4.3079e-15
282.743 1.92102e-17 1.05014e-16
283.372 7.31127e-16 2.52472e-16
284 4.30879e-16 8.88239e-16
284.628 -3.31859e-16 -1.4327e-15
285.257 4.94425e-16 6.83081e-16
285.885 -0.000725405 -0.00509696
286.513 7.58089e-16 4.86988e-16
287.142 -5.80813e-16 2.32447e-16
287.77 -9.0111e-16 -6.88416e-16
288.398 3.85739e-16 -6.51817e-16
289.027 9.27037e-16 7.17714e-16
289.655 1.0598e-15 5.67018e-16
290.283 -6.38217e-16 6.02064e-16
290.911 -1.53538e-15 -1.48077e-16
291.54 2.83474e-16 1.06854e-15
292.168 0.000547313 0.0049575
292.796 -1.42578e-15 1.5143e-15
293.425 -1.07929e-15 -5.13145e-16
294.053 9.21188e-16 4.9758e-16
294.681 6.17259e-16 2.48506e-16
295.31 -2.61335e-16 -7.87903e-16
295.938 -6.74104e-16 3.86297e-16
296.566 9.83816e-16 3.44208e-15
297.195 6.01571e-16 1.48595e-15
297.823 -1.19294e-15 -2.48727e-16
298.451 -0.00037915 -0.00481756
299.08 -5.73452e-15 4.14542e-15
299.708 -2.68006e-15 -2.50127e-15
300.336 -1.46285e-15 -2.85176e-16
300.965 -1.63394e-15 -1.1632e-15
301.593 7.38674e-16 1.82319e-15
302.221 5.39145e-17 3.9545e-16
302.85 -1.02135e-16 -9.98922e-16
303.478 -2.86694e-16 -5.42309e-16
304.106 -1.29894e-15 3.44446e-16
304.734 0.000220575 0.00467729
305.363 -9.60167e-16 2.49358e-16
305.991 -6.95353e-16 -3.24249e-16
306.619 -4.51307e-16 5.19201e-16
307.248 -7.84196e-16 1.27813e-15
307.876 -1.53691e-16 1.84666e-15
308.504 -9.96674e-16 -1.19279e-16
309.133 2.45239e-16 -4.39772e-16
309.761 1.02678e-15 1.54659e-15
310.389 1.43184e-15 1.4585e-15
311.018 -7.127e-05 -0.00453681
311.646 -2.80171e-16 -1.37705e-15
312.274 -1.66316e-15 5.98871e-16
312.903 1.61303e-15 6.39883e-17
313.531 -4.68272e-16 -1.85276e-15
314.159 -6.30337e-16 -8.4325e-16
314.788 1.87451e-16 1.36416e-16
315.416 -4.47292e-16 -7.98598e-16
316.044 2.83589e-16 -5.15878e-16
316.673 8.96106e-16 -3.67624e-15
317.301 -6.90623e-05 0.00439628
317.929 -5.6391e-16 -7.32864e-16
318.557 7.15114e-16 4.89566e-17
319.186 -5.08758e-16 1.35803e-15
319.814 1.05312e-15 -9.56759e-16
320.442 1.32728e-16 1.77987e-16
321.071 -1.44081e-15 1.40207e-15
321.699 2.97576e-16 -8.5487e-16
322.327 -6.80052e-16 3.63615e-16
322.956 -3.02061e-16 1.24734e-15
323.584 0.0002007 -0.00425583
324.212 1.96857e-16 -8.26448e-16
324.841 -1.13416e-15 -4.49657e-17
325.469 1.71871e-16 1.46947e-16
326.097 1.06786e-15 3.87907e-17
326.726 -1.05634e-15 -1.92787e-16
327.354 -2.78513e-16 -4.96289e-16
327.982 -2.24344e-15 -9.24205e-16
328.611 2.10123e-15 1.5113e-15
329.239 -2.21171e-15 -1.34291e-15
329.867 -0.000323904 0.00411559
330.496 4.79806e-16 -5.67322e-16
331.124 -1.67984e-16 -5.63702e-16
331.752 7.51926e-16 -3.58945e-16
332.381 8.26662e-16 -1.5936e-15
333.009 -2.17274e-17 2.1422e-15
333.637 -7.89993e-16 -1.70068e-17
334.265 -1.82267e-17 1.51723e-16
334.894 2.63664e-15 -2.52054e-15
335.522 9.57506e-16 3.38446e-16
336.15 0.000438923 -0.00397572
336.779 -2.36684e-16 1.22647e-16
337.407 -6.9901e-16 6.82018e-16
338.035 5.53438e-16 -8.02227e-16
338.664 -9.64776e-16 -4.50064e-16
339.292 6.21145e-16 4.84609e-16
339.92 1.49822e-15 5.24912e-16
340.549 -1.87198e-15 7.92838e-16
341.177 -7.71226e-16 3.41107e-16
341.805 2.10147e-16 -1.63538e-15
342.434 -0.000545992 0.00383634
343.062 5.9572e-16 -7.6354e-16
343.69 -2.39708e-15 6.21021e-16
344.319 9.99031e-17 2.39487e-16
344.947 5.00386e-16 2.94767e-16
345.575 4.14857e-16 1.06452e-15
346.204 3.09394e-16 9.57109e-16
346.832 -9.98956e-17 -2.72193e-16
347.46 8.15196e-16 -1.3251e-16
348.088 2.36883e-16 9.79107e-16
348.717 0.000645333 -0.00369759
349.345 3.34857e-16 6.88502e-16
349.973 9.4924e-16 -7.41663e-16
350.602 8.84248e-16 2.05978e-15
351.23 1.23578e-15 1.19722e-16
351.858 -1.58018e-15 6.11729e-16
352.487 8.84284e-16 1.75466e-15
353.115 4.75712e-16 7.61345e-16
353.743 1.1148e-15 -1.81374e-16
354.372 8.72379e-16 7.72649e-16
355 -0.00073716 0.00355961
355.628 4.44231e-16 -3.4265e-16
356.257 -2.6283e-16 -7.40085e-16
356.885 4.20185e-16 -1.14739e-15
357.513 9.57846e-17 1.95762e-17
358.142 -1.50804e-15 7.61665e-16
358.77 4.76419e-19 1.25901e-15
359.398 -5.67418e-16 1.63471e-15
360.027 -2.30857e-15 1.87846e-15
360.655 -1.3807e-15 -8.91742e-16
361.283 0.00082168 -0.00342254
361.911 1.68995e-15 -2.24035e-16
362.54 -6.37594e-16 -1.45755e-15
363.168 5.15342e-16 -1.58657e-16
363.796 1.82753e-16 2.5694e-16
364.425 5.36633e-16 -5.39861e-16
365.053 1.40651e-16 1.50042e-15
365.681 2.2953e-16 -5.42778e-17
366.31 -1.91348e-17 -4.47324e-17
366.938 1.81194e-15 3.17061e-15
367.566 -0.000899088 0.00328651
368.195 3.97941e-15 -4.34329e-16
368.823 7.14086e-16 -1.36948e-15
369.451 1.23505e-16 -5.70821e-16
370.08 2.27188e-15 2.46097e-15
370.708 8.61249e-17 -1.02597e-16
371.336 -1.24097e-15 -1.36123e-15
371.965 -4.32048e-16 1.51809e-15
372.593 -4.43181e-16 1.44771e-15
373.221 -6.64434e-16 -3.20134e-16
373.85 0.000969578 -0.00315166
374.478 -6.35109e-16 3.1467e-16
375.106 -1.69074e-15 -1.336e-15
375.734 -1.36213e-15 1.93331e-16
376.363 -2.32026e-15 9.26315e-16
376.991 3.32111e-16 -7.54391e-16
377.619 -3.16286e-16 -7.07162e-16
378.248 -5.16641e-16 -5.47543e-16
378.876 -2.07824e-16 3.58273e-16
379.504 5.89501e-16 5.69002e-15
380.133 -0.00103333 0.00301812
380.761 1.7075e-15 2.68087e-16
381.389 9.35428e-17 -6.72206e-16
382.018 -1.07725e-14 -6.14022e-15
382.646 -5.99716e-16 4.89533e-16
383.274 -1.56076e-15 -4.48296e-17
383.903 1.76903e-16 5.2246e-16
384.531 -4.25483e-17 2.80831e-16
385.159 1.41834e-16 8.30928e-16
385.788 7.64511e-16 8.30034e-16
386.416 0.00109053 -0.00288601
387.044 -1.78012e-15 -8.80592e-16
387.673 -4.07208e-16 2.47579e-15
388.301 -1.35229e-15 -5.30029e-16
388.929 3.44e-16 1.55236e-15
389.557 -1.51539e-16 1.1712e-15
390.186 -1.10349e-15 -4.94178e-16
390.814 -9.54688e-16 1.57741e-15
391.442 6.3445e-16 -3.55196e-16
392.071 1.07219e-15 9.6223e-16
392.699 -0.00114136 0.00275548
393.327 9.56398e-16 4.67206e-16
393.956 -5.17752e-16 1.99994e-15
394.584 -2.21621e-16 6.61992e-16
395.212 -1.1494e-16 6.72754e-16
395.841 1.26444e-16 -1.11046e-16
396.469 -1.2295e-15 -2.42005e-15
397.097 1.7669e-15 8.57077e-16
397.726 7.47375e-16 6.56588e-16
398.354 -6.80388e-16 1.49571e-15
398.982 0.00118598 -0.00262665
399.611 1.06419e-16 1.38337e-15
400.239 -1.68398e-16 -1.32588e-16
400.867 -1.3514e-15 4.63756e-16
401.496 -9.21042e-16 -6.58238e-16
402.124 1.79503e-15 2.74312e-16
402.752 -2.93335e-16 -2.24553e-15
403.38 3.57557e-16 -4.31503e-16
404.009 -4.60399e-15 -1.77746e-15
404.637 3.69026e-15 4.23111e-17
405.265 -0.00122456 0.00249964
405.894 -4.43874e-16 -1.17433e-15
406.522 1.01551e-15 -3.05108e-16
407.15 1.3553e-16 -1.03322e-15
407.779 2.88907e-15 1.01897e-15
408.407 6.716e-16 3.551e-16
409.035 2.00658e-15 -1.62221e-15
409.664 2.70448e-15 1.96346e-15
410.292 2.8886e-16 1.30146e-15
410.92 -1.07692e-15 7.51071e-16
411.549 0.00125727 -0.00237458
412.177 -1.03057e-15 -5.91407e-16
412.805 -4.96249e-16 -6.2918e-16
413.434 8.50243e-16 4.86444e-16
414.062 2.367e-16 1.04683e-15
414.69 -7.78533e-17 4.95193e-16
415.319 -4.39802e-16 -2.57187e-16
415.947 -1.69225e-16 6.53962e-16
416.575 2.61662e-17 -1.64521e-15
417.204 -7.59749e-16 1.4207e-16
417.832 -0.00128429 0.00225159
418.46 -5.32936e-15 -3.46349e-15
419.088 -2.96555e-16 -4.21555e-16
419.717 5.75268e-19 -5.75914e-16
420.345 -4.76402e-16 1.74638e-16
420.973 4.18352e-16 1.58236e-15
421.602 1.02895e-15 1.68726e-15
422.23 -9.33598e-16 4.72078e-16
422.858 -1.9472e-17 5.31012e-16
423.487 5.71779e-15 -3.31949e-15
424.115 0.00130576 -0.0021308
424.743 1.67667e-15 -3.757e-15
425.372 1.85508e-16 4.18245e-16
426 -1.90124e-16 -1.52119e-16
426.628 3.43692e-17 -8.86019e-16
427.257 -3.67582e-16 2.07568e-16
427.885 -7.6017e-16 -1.90778e-16
428.513 -5.32585e-16 7.23867e-16
429.142 -9.29771e-16 -8.1084e-16
429.77 -4.72329e-16 3.50607e-16
430.398 -0.00132185 0.00201232
431.027 2.4379e-16 9.24569e-16
431.655 1.01027e-15 -5.283e-15
432.283 4.51081e-17 8.0566e-16
432.911 3.57183e-16 5.19507e-16
433.54 -1.67665e-17 6.24501e-16
434.168 4.91119e-16 -7.57824e-16
434.796 4.89154e-16 -5.50263e-16
435.425 4.77883e-16 -4.10944e-16
436.053 1.37535e-15 1.89224e-15
436.681 0.00133272 -0.00189628
437.31 1.88714e-15 -1.93007e-16
437.938 1.54138e-15 8.59179e-16
438.566 2.62246e-16 -3.61522e-15
439.195 -8.01274e-16 -1.76325e-15
439.823 -8.29955e-16 -2.23501e-15
440.451 -1.1972e-15 -5.03285e-16
441.08 5.78903e-16 -6.97143e-16
441.708 5.67615e-16 -1.40345e-15
442.336 -1.31602e-15 -7.65488e-16
442.965 -0.00133854 0.00178277
443.593 1.54026e-16 3.19125e-15
444.221 -7.34259e-17 -1.60042e-15
444.85 8.9943e-16 -1.4253e-15
445.478 5.79305e-16 2.37498e-15
446.106 8.65644e-16 9.18947e-16
446.734 -6.10416e-16 -1.0127e-15
447.363 -1.30085e-15 -1.28467e-15
447.991 -5.0508e-16 -4.43916e-16
448.619 5.28476e-15 -5.14357e-16
449.248 0.00133946 -0.00167192
449.876 6.41712e-17 -1.13555e-15
450.504 3.24183e-15 -3.41005e-15
451.133 -2.86158e-16 1.69254e-15
451.761 2.23647e-15 -2.36414e-16
452.389 7.59206e-16 -1.05795e-15
453.018 -7.56583e-17 1.01787e-15
453.646 -7.09189e-16 -1.2387e-16
454.274 1.49276e-15 2.63616e-15
454.903 -1.91345e-16 -8.23054e-16
455.531 -0.00133564 0.00156384
456.159 1.7836e-15 6.41192e-17
456.788 1.66136e-16 1.8135e-15
457.416 -4.21385e-17 1.89434e-15
458.044 1.49404e-15 -1.01283e-15
458.673 -1.21076e-16 1.06311e-15
459.301 -2.67442e-15 -2.45067e-16
459.929 2.37323e-16 1.37169e-15
460.557 -1.71412e-16 -4.65303e-17
461.186 -1.20329e-15 -6.65111e-16
461.814 0.00132724 -0.00145862
462.442 1.70472e-15 5.52851e-16
463.071 1.99761e-15 8.62881e-16
463.699 8.46837e-16 -4.14643e-16
464.327 9.85484e-16 5.22951e-16
464.956 -5.99743e-16 1.07987e-15
465.584 1.191e-15 7.74203e-16
466.212 1.07705e-15 2.8059e-15
466.841 1.62955e-15 -8.4419e-16
467.469 -6.53403e-16 -6.1855e-16
468.097 -0.00131443 0.00135638
468.726 8.53953e-16 1.81958e-15
469.354 1.17849e-15 -9.29504e-16
469.982 -8.21095e-16 -1.43379e-16
470.611 -1.25145e-15 4.7838e-15
471.239 -4.12281e-15 -1.15622e-15
471.867 -1.03316e-15 8.3677e-16
472.496 -1.82396e-15 -1.05183e-15
473.124 -1.45601e-15 -1.25403e-15
473.752 -2.33353e-16 -6.35099e-16
474.38 0.00129735 -0.00125722
475.009 8.41321e-16 8.93234e-16
475.637 2.84473e-15 -2.49185e-15
476.265 2.08462e-16 3.54104e-16
476.894 -3.65821e-16 3.57766e-16
477.522 -1.31011e-16 5.86019e-16
478.15 6.66295e-16 -1.21968e-15
478.779 -2.34773e-15 -1.26801e-16
479.407 -1.69824e-16 7.38684e-17
480.035 -1.21773e-15 2.7514e-15
480.664 -0.00127617 0.00116123
481.292 -9.54864e-16 3.84185e-16
481.92 -3.35045e-16 -2.63333e-16
482.549 -6.1997e-16 -3.81204e-16
483.177 9.34508e-16 6.27216e-16
483.805 1.07247e-15 -1.47103e-16
484.434 1.40096e-15 -1.92406e-17
485.062 3.17039e-15 -3.2204e-16
485.69 8.91996e-16 -4.64608e-16
486.319 -9.11699e-16 6.12709e-16
486.947 0.00125105 -0.0010685
487.575 -1.09952e-15 3.63073e-16
488.203 -1.16614e-15 1.3573e-15
488.832 -2.65905e-16 -5.65674e-16
489.46 2.60787e-16 1.14354e-15
490.088 4.31541e-16 1.15115e-16
490.717 2.43352e-16 -1.82499e-15
491.345 -1.38161e-15 -4.16534e-16
491.973 2.64582e-15 1.18517e-15
492.602 2.89247e-16 -1.57374e-15
493.23 -0.00122216 0.000979132
493.858 2.18987e-15 -3.34474e-16
494.487 -6.99562e-16 -3.45107e-16
495.115 -4.59994e-16 -6.77331e-16
495.743 5.38566e-16 -5.89741e-16
496.372 -3.26814e-16 -5.44565e-16
497 -4.21101e-16 -6.26204e-16
497.628 -2.46147e-15 -5.9926e-16
498.257 1.78981e-15 -3.60043e-16
498.885 -4.04378e-16 5.39538e-16
499.513 0.00118964 -0.000893211
500.142 5.30741e-16 -1.62433e-15
500.77 -1.28636e-15 -4.31237e-17
501.398 -5.87169e-16 2.22708e-16
502.027 -1.19231e-15 9.95254e-16
502.655 4.47434e-16 3.35642e-15
503.283 -1.51015e-15 8.3999e-16
503.911 -2.71797e-16 9.96028e-16
504.54 1.0043e-15 -8.37285e-16
505.168 1.40167e-15 1.59805e-15
505.796 -0.00115368 0.000810819
506.425 -1.04908e-15 -8.04664e-16
507.053 3.72187e-16 1.29656e-16
507.681 4.2673e-16 5.69396e-16
508.31 -5.92966e-16 4.66637e-16
508.938 2.37916e-15 1.74237e-15
509.566 3.49641e-15 1.42228e-15
510.195 5.35994e-16 -6.75402e-17
510.823 -1.03406e-15 2.3048e-15
511.451 -5.83522e-16 -1.84787e-16
512.08 0.00111442 -0.000732038
512.708 -4.95413e-17 -6.01957e-16
513.336 3.63948e-16 6.4842e-18
513.965 -3.40792e-15 -3.96803e-15
514.593 -3.81489e-16 -1.96286e-15
515.221 1.79834e-16 1.17468e-16
515.85 -7.77303e-16 -1.414e-16
516.478 1.00488e-15 -1.22757e-15
517.106 -2.1647e-15 -1.03396e-15
517.734 5.14526e-17 -4.05774e-16
518.363 -0.00107204 0.000656946
518.991 -1.21988e-15 -1.808e-15
519.619 1.65433e-15 -3.35445e-16
520.248 -6.92752e-16 5.13678e-16
520.876 -5.701e-16 3.57878e-16
521.504 -1.57698e-16 1.32077e-15
522.133 6.10808e-16 -1.02259e-15
522.761 1.85019e-15 -2.37366e-15
523.389 -3.22927e-16 -2.14834e-15
524.018 -7.80027e-16 1.45628e-15
524.646 0.00102669 -0.000585615
525.274 -4.75808e-16 -5.20509e-16
525.903 3.27209e-17 -5.61499e-16
526.531 -4.51232e-16 -7.01586e-16
527.159 8.90975e-16 3.91126e-16
527.788 2.35183e-15 -4.11527e-15
528.416 -4.99559e-16 -6.12692e-17
529.044 -1.45755e-15 -2.97531e-16
529.673 -1.1987e-15 -6.07145e-17
530.301 -5.6172e-16 -2.45731e-16
530.929 -0.000978548 0.000518115
531.557 -1.05367e-15 -2.25237e-16
532.186 5.18382e-16 -9.60049e-16
532.814 -4.66622e-16 -3.47345e-16
533.442 3.65044e-16 -3.61714e-17
534.071 1.15505e-15 -1.03433e-15
534.699 -1.83165e-16 5.90053e-17
535.327 -9.59573e-16 -4.64273e-16
535.956 3.48201e-16 -1.1675e-15
536.584 2.62975e-16 7.3475e-16
537.212 0.000927774 -0.000454512
537.841 3.80864e-15 3.02408e-15
538.469 2.2298e-16 -7.64115e-16
539.097 1.31478e-16 -6.58073e-16
539.726 -7.48673e-16 1.00978e-15
540.354 1.00976e-15 1.45389e-16
540.982 3.423e-16 -7.88398e-16
541.611 -5.20966e-16 -7.30548e-16
542.239 -4.10097e-16 -3.06852e-16
542.867 -5.35334e-17 -1.13791e-16
543.496 -0.000874536 0.000394868
544.124 1.02547e-16 -9.00611e-16
544.752 4.571e-16 3.62985e-17
545.38 1.3972e-16 -8.75719e-17
546.009 -1.80779e-16 -1.43564e-16
546.637 -1.94108e-16 -4.82323e-17
547.265 -1.25298e-16 2.69977e-16
547.894 -2.06652e-16 -8.92515e-16
548.522 -4.95605e-16 1.79453e-15
549.15 -1.37962e-15 2.94206e-15
549.779 0.000819001 -0.000339241
550.407 2.29774e-16 -6.30535e-16
551.035 1.5006e-15 -1.2544e-15
551.664 -1.51353e-16 1.2104e-15
552.292 3.39576e-16 -9.68952e-16
552.92 -1.13774e-15 -1.26999e-15
553.549 1.23199e-16 -8.26455e-16
554.177 -2.96441e-16 -1.57325e-17
554.805 -1.12966e-15 -9.35193e-17
555.434 -8.0097e-16 6.8365e-16
556.062 -0.000761337 0.000287685
556.69 -6.08189e-16 5.64658e-17
557.319 2.87363e-16 7.71742e-17
557.947 -5.49444e-16 -1.0141e-15
558.575 6.87201e-16 -1.80792e-16
559.203 -8.13578e-16 1.50249e-15
559.832 3.95383e-16 -1.52e-16
560.46 -4.69938e-16 5.30511e-16
561.088 4.2683e-16 4.68405e-16
561.717 -7.88455e-16 3.68848e-15
562.345 0.000701713 -0.00024025
562.973 5.70253e-16 1.00259e-17
563.602 -8.05372e-17 4.53293e-16
564.23 1.27138e-16 -9.18955e-16
564.858 -7.34586e-16 -3.36626e-16
565.487 -1.90366e-16 -1.06963e-15
566.115 -4.62576e-16 8.76604e-17
566.743 4.54487e-17 -4.01642e-16
567.372 3.04975e-16 -5.95522e-17
568 -8.72959e-16 -4.43996e-16
568.628 -0.000640296 0.000196981
569.257 1.18611e-15 7.17598e-16
569.885 2.25225e-16 3.18982e-16
570.513 -8.76727e-16 -3.39476e-16
571.142 2.33342e-16 -4.00803e-16
571.77 6.53308e-17 2.34033e-16
572.398 -1.73433e-16 2.48085e-16
573.027 -5.11111e-16 4.45953e-16
573.655 2.04558e-16 8.56975e-16
574.283 -2.89264e-16 2.61982e-16
574.911 0.000577258 -0.00015792
575.54 1.68474e-16 -3.49895e-16
576.168 7.52524e-17 3.95013e-16
576.796 3.03708e-16 5.15974e-16
577.425 6.31068e-16 3.89975e-16
578.053 1.73337e-15 5.94687e-16
578.681 -1.60062e-16 1.72703e-16
579.31 -2.15967e-17 -4.01298e-16
579.938 1.18295e-17 1.80637e-16
580.566 2.03069e-16 -3.86565e-16
581.195 -0.000512767 0.000123104
581.823 -3.34901e-16 2.34609e-16
582.451 -3.23908e-16 5.76113e-16
583.08 -7.41853e-16 -2.24731e-16
583.708 9.2439e-17 1.76772e-16
584.336 -3.68656e-16 -2.26353e-16
584.965 1.37212e-16 4.5099e-16
585.593 -9.40911e-18 -1.02917e-16
586.221 -3.26628e-16 -2.20794e-16
586.85 -3.83675e-16 -6.61031e-17
587.478 0.000446994 -9.2568e-05
588.106 -3.75709e-17 -3.86248e-16
588.734 -2.22931e-16 -3.39609e-16
589.363 -1.61914e-16 -5.16274e-16
589.991 -3.2832e-17 -2.84891e-16
590.619 2.3019e-16 3.24898e-17
591.248 4.58972e-16 -7.63401e-16
591.876 -4.4604e-16 -2.2384e-17
592.504 2.59228e-16 -5.82959e-16
593.133 4.44789e-17 -3.93576e-17
593.761 -0.000380109 6.63396e-05
594.389 -1.67918e-16 3.21331e-17
595.018 -1.66539e-17 -6.0152e-17
595.646 -6.1869e-16 -2.14662e-17
596.274 1.73256e-16 -6.17076e-16
596.903 -2.76508e-16 -4.15516e-16
597.531 2.47583e-16 -1.29593e-16
598.159 -3.1809e-16 -3.80745e-17
598.788 -6.81535e-16 3.31657e-16
599.416 -7.15762e-16 4.90088e-16
600.044 0.000312282 -4.44444e-05
600.673 7.18591e-17 2.63455e-16
601.301 3.46761e-16 -3.18775e-16
601.929 -1.23437e-15 9.11558e-16
602.557 2.73416e-17 4.89329e-17
603.186 2.07338e-16 -6.55931e-16
603.814 -1.98069e-16 4.82622e-17
604.442 -1.88784e-16 -2.47285e-16
605.071 -1.18242e-16 2.94412e-16
605.699 1.30535e-16 -3.8917e-16
606.327 -0.000243686 2.69031e-05
606.956 1.63924e-16 -1.36161e-16
607.584 -2.34509e-16 -3.7711e-16
608.212 -6.4051e-16 -6.13836e-16
608.841 1.23625e-16 5.18929e-17
609.469 -1.59078e-16 -6.79521e-16
610.097 7.05507e-17 -1.2449e-16
610.726 -5.73476e-16 2.37178e-16
611.354 4.04108e-16 5.50898e-17
611.982 -2.63704e-16 -3.37802e-16
612.611 0.000174489 -1.37326e-05
613.239 1.23025e-16 -5.12185e-16
613.867 8.4348e-18 9.40826e-17
614.496 1.58394e-16 -2.79122e-16
615.124 -7.4936e-17 -1.21077e-16
615.752 -7.76992e-17 -8.85798e-17
616.38 2.95818e-16 -1.66877e-16
617.009 -1.13104e-16 -1.05305e-16
617.637 5.171e-16 -2.21515e-16
618.265 1.09071e-17 -1.08182e-17
618.894 -0.000104865 4.9453e-06
619.522 -1.86151e-16 3.70303e-16
620.15 3.86763e-16 2.72684e-16
620.779 3.01234e-17 -1.67885e-18
621.407 2.49468e-16 -6.19209e-16
622.035 -3.47173e-17 3.39655e-16
622.664 8.46585e-17 -2.1461e-17
623.292 -1.19851e-16 1.32435e-17
623.92 -1.18212e-16 3.00893e-16
624.549 -1.43642e-16 3.77555e-16
625.177 3.49835e-05 -5.49565e-07
625.805 4.73265e-16 6.71889e-17
626.434 -1.05831e-16 -6.00485e-16
627.062 -3.38429e-17 2.44259e-16
627.69 1.56821e-16 2.11144e-16
