0.005 0.02
0.01 0.02
0.015 0.02
0.02 0.02
0.025 0.02
0.03 0.02
0.035 0.02
0.04 0.02
0.045 0.02
0.05 0.02
0.055 0.02
0.06 0.02
0.065 0.02
0.07 0.02
0.075 0.02
0.08 0.02
0.085 0.02
0.09 0.02
0.095 0.02
0.1 0.02
0.105 0.02
0.11 0.02
0.115 0.02
0.12 0.02
0.125 0.02
0.13 0.02
0.135 0.02
0.14 0.02
0.145 0.02
0.15 0.02
0.155 0.02
0.16 0.02
0.165 0.02
0.17 0.02
0.175 0.02
0.18 0.02
0.185 0.02
0.19 0.02
0.195 0.02
0.2 0.02
0.205 0.02
0.21 0.02
0.215 0.02
0.22 0.02
0.225 0.02
0.23 0.02
0.235 0.02
0.24 0.02
0.245 0.02
0.25 0.02
0.255 0.02
0.26 0.02
0.265 0.02
0.27 0.02
0.275 0.02
0.28 0.02
0.285 0.02
0.29 0.02
0.295 0.02
0.3 0.02
0.305 0.02
0.31 0.02
0.315 0.02
0.32 0.02
0.325 0.02
0.33 0.02
0.335 0.02
0.34 0.02
0.345 0.02
0.35 0.02
0.355 0.02
0.36 0.02
0.365 0.02
0.37 0.02
0.375 0.02
0.38 0.02
0.385 0.02
0.39 0.02
0.395 0.02
0.4 0.02
0.405 0.02
0.41 0.02
0.415 0.02
0.42 0.02
0.425 0.02
0.43 0.02
0.435 0.02
0.44 0.02
0.445 0.02
0.45 0.02
0.455 0.02
0.46 0.02
0.465 0.02
0.47 0.0200001
0.475 0.0199999
0.48 0.0200002
0.485 0.0199995
0.49 0.0200016
0.495 0.0199871
0.5 2.16175e-16
0.505 -0.0199871
0.51 -0.0200016
0.515 -0.0199995
0.52 -0.0200002
0.525 -0.0199999
0.53 -0.0200001
0.535 -0.02
0.54 -0.02
0.545 -0.02
0.55 -0.02
0.555 -0.02
0.56 -0.02
0.565 -0.02
0.57 -0.02
0.575 -0.02
0.58 -0.02
0.585 -0.02
0.59 -0.02
0.595 -0.02
0.6 -0.02
0.605 -0.02
0.61 -0.02
0.615 -0.02
0.62 -0.02
0.625 -0.02
0.63 -0.02
0.635 -0.02
0.64 -0.02
0.645 -0.02
0.65 -0.02
0.655 -0.02
0.66 -0.02
0.665 -0.02
0.67 -0.02
0.675 -0.02
0.68 -0.02
0.685 -0.02
0.69 -0.02
0.695 -0.02
0.7 -0.02
0.705 -0.02
0.71 -0.02
0.715 -0.02
0.72 -0.02
0.725 -0.02
0.73 -0.02
0.735 -0.02
0.74 -0.02
0.745 -0.02
0.75 -0.02
0.755 -0.02
0.76 -0.02
0.765 -0.02
0.77 -0.02
0.775 -0.02
0.78 -0.02
0.785 -0.02
0.79 -0.02
0.795 -0.02
0.8 -0.02
0.805 -0.02
0.81 -0.02
0.815 -0.02
0.82 -0.02
0.825 -0.02
0.83 -0.02
0.835 -0.02
0.84 -0.02
0.845 -0.02
0.85 -0.02
0.855 -0.02
0.86 -0.02
0.865 -0.02
0.87 -0.02
0.875 -0.02
0.88 -0.02
0.885 -0.02
0.89 -0.02
0.895 -0.02
0.9 -0.02
0.905 -0.02
0.91 -0.02
0.915 -0.02
0.92 -0.02
0.925 -0.02
0.93 -0.02
0.935 -0.02
0.94 -0.02
0.945 -0.02
0.95 -0.02
0.955 -0.02
0.96 -0.02
0.965 -0.02
0.97 -0.02
0.975 -0.02
0.98 -0.02
0.985 -0.02
0.99 -0.02
0.995 -0.02
1 -0.02
1.005 -0.02
1.01 -0.02
1.015 -0.02
1.02 -0.02
1.025 -0.02
1.03 -0.02
1.035 -0.02
1.04 -0.02
1.045 -0.02
1.05 -0.02
1.055 -0.02
1.06 -0.02
1.065 -0.02
1.07 -0.02
1.075 -0.02
1.08 -0.02
1.085 -0.02
1.09 -0.02
1.095 -0.02
1.1 -0.02
1.105 -0.02
1.11 -0.02
1.115 -0.02
1.12 -0.02
1.125 -0.02
1.13 -0.02
1.135 -0.02
1.14 -0.02
1.145 -0.02
1.15 -0.02
1.155 -0.02
1.16 -0.02
1.165 -0.02
1.17 -0.02
1.175 -0.02
1.18 -0.02
1.185 -0.02
1.19 -0.02
1.195 -0.02
1.2 -0.02
1.205 -0.02
1.21 -0.02
1.215 -0.02
1.22 -0.02
1.225 -0.02
1.23 -0.02
1.235 -0.02
1.24 -0.02
1.245 -0.02
1.25 -0.02
1.255 -0.02
1.26 -0.02
1.265 -0.02
1.27 -0.02
1.275 -0.02
1.28 -0.02
1.285 -0.02
1.29 -0.02
1.295 -0.02
1.3 -0.02
1.305 -0.02
1.31 -0.02
1.315 -0.02
1.32 -0.02
1.325 -0.02
1.33 -0.02
1.335 -0.02
1.34 -0.02
1.345 -0.02
1.35 -0.02
1.355 -0.02
1.36 -0.02
1.365 -0.02
1.37 -0.02
1.375 -0.02
1.38 -0.02
1.385 -0.02
1.39 -0.02
1.395 -0.02
1.4 -0.02
1.405 -0.02
1.41 -0.02
1.415 -0.02
1.42 -0.02
1.425 -0.02
1.43 -0.02
1.435 -0.02
1.44 -0.02
1.445 -0.02
1.45 -0.02
1.455 -0.02
1.46 -0.02
1.465 -0.02
1.47 -0.0200001
1.475 -0.0199999
1.48 -0.0200002
1.485 -0.0199995
1.49 -0.0200016
1.495 -0.0199871
1.5 -6.24385e-16
1.505 0.0199871
1.51 0.0200016
1.515 0.0199995
1.52 0.0200002
1.525 0.0199999
1.53 0.0200001
1.535 0.02
1.54 0.02
1.545 0.02
1.55 0.02
1.555 0.02
1.56 0.02
1.565 0.02
1.57 0.02
1.575 0.02
1.58 0.02
1.585 0.02
1.59 0.02
1.595 0.02
1.6 0.02
1.605 0.02
1.61 0.02
1.615 0.02
1.62 0.02
1.625 0.02
1.63 0.02
1.635 0.02
1.64 0.02
1.645 0.02
1.65 0.02
1.655 0.02
1.66 0.02
1.665 0.02
1.67 0.02
1.675 0.02
1.68 0.02
1.685 0.02
1.69 0.02
1.695 0.02
1.7 0.02
1.705 0.02
1.71 0.02
1.715 0.02
1.72 0.02
1.725 0.02
1.73 0.02
1.735 0.02
1.74 0.02
1.745 0.02
1.75 0.02
1.755 0.02
1.76 0.02
1.765 0.02
1.77 0.02
1.775 0.02
1.78 0.02
1.785 0.02
1.79 0.02
1.795 0.02
1.8 0.02
1.805 0.02
1.81 0.02
1.815 0.02
1.82 0.02
1.825 0.02
1.83 0.02
1.835 0.02
1.84 0.02
1.845 0.02
1.85 0.02
1.855 0.02
1.86 0.02
1.865 0.02
1.87 0.02
1.875 0.02
1.88 0.02
1.885 0.02
1.89 0.02
1.895 0.02
1.9 0.02
1.905 0.02
1.91 0.02
1.915 0.02
1.92 0.02
1.925 0.02
1.93 0.02
1.935 0.02
1.94 0.02
1.945 0.02
1.95 0.02
1.955 0.02
1.96 0.02
1.965 0.02
1.97 0.02
1.975 0.02
1.98 0.02
1.985 0.02
1.99 0.02
1.995 0.02
2 0.02
2.005 0.02
2.01 0.02
2.015 0.02
2.02 0.02
2.025 0.02
2.03 0.02
2.035 0.02
2.04 0.02
2.045 0.02
2.05 0.02
2.055 0.02
2.06 0.02
2.065 0.02
2.07 0.02
2.075 0.02
2.08 0.02
2.085 0.02
2.09 0.02
2.095 0.02
2.1 0.02
2.105 0.02
2.11 0.02
2.115 0.02
2.12 0.02
2.125 0.02
2.13 0.02
2.135 0.02
2.14 0.02
2.145 0.02
2.15 0.02
2.155 0.02
2.16 0.02
2.165 0.02
2.17 0.02
2.175 0.02
2.18 0.02
2.185 0.02
2.19 0.02
2.195 0.02
2.2 0.02
2.205 0.02
2.21 0.02
2.215 0.02
2.22 0.02
2.225 0.02
2.23 0.02
2.235 0.02
2.24 0.02
2.245 0.02
2.25 0.02
2.255 0.02
2.26 0.02
2.265 0.02
2.27 0.02
2.275 0.02
2.28 0.02
2.285 0.02
2.29 0.02
2.295 0.02
2.3 0.02
2.305 0.02
2.31 0.02
2.315 0.02
2.32 0.02
2.325 0.02
2.33 0.02
2.335 0.02
2.34 0.02
2.345 0.02
2.35 0.02
2.355 0.02
2.36 0.02
2.365 0.02
2.37 0.02
2.375 0.02
2.38 0.02
2.385 0.02
2.39 0.02
2.395 0.02
2.4 0.02
2.405 0.02
2.41 0.02
2.415 0.02
2.42 0.02
2.425 0.02
2.43 0.02
2.435 0.02
2.44 0.02
2.445 0.02
2.45 0.02
2.455 0.02
2.46 0.02
2.465 0.02
2.47 0.0200001
2.475 0.0199999
2.48 0.0200002
2.485 0.0199995
2.49 0.0200016
2.495 0.0199871
2.5 1.10359e-15
2.505 -0.0199871
2.51 -0.0200016
2.515 -0.0199995
2.52 -0.0200002
2.525 -0.0199999
2.53 -0.0200001
2.535 -0.02
2.54 -0.02
2.545 -0.02
2.55 -0.02
2.555 -0.02
2.56 -0.02
2.565 -0.02
2.57 -0.02
2.575 -0.02
2.58 -0.02
2.585 -0.02
2.59 -0.02
2.595 -0.02
2.6 -0.02
2.605 -0.02
2.61 -0.02
2.615 -0.02
2.62 -0.02
2.625 -0.02
2.63 -0.02
2.635 -0.02
2.64 -0.02
2.645 -0.02
2.65 -0.02
2.655 -0.02
2.66 -0.02
2.665 -0.02
2.67 -0.02
2.675 -0.02
2.68 -0.02
2.685 -0.02
2.69 -0.02
2.695 -0.02
2.7 -0.02
2.705 -0.02
2.71 -0.02
2.715 -0.02
2.72 -0.02
2.725 -0.02
2.73 -0.02
2.735 -0.02
2.74 -0.02
2.745 -0.02
2.75 -0.02
2.755 -0.02
2.76 -0.02
2.765 -0.02
2.77 -0.02
2.775 -0.02
2.78 -0.02
2.785 -0.02
2.79 -0.02
2.795 -0.02
2.8 -0.02
2.805 -0.02
2.81 -0.02
2.815 -0.02
2.82 -0.02
2.825 -0.02
2.83 -0.02
2.835 -0.02
2.84 -0.02
2.845 -0.02
2.85 -0.02
2.855 -0.02
2.86 -0.02
2.865 -0.02
2.87 -0.02
2.875 -0.02
2.88 -0.02
2.885 -0.02
2.89 -0.02
2.895 -0.02
2.9 -0.02
2.905 -0.02
2.91 -0.02
2.915 -0.02
2.92 -0.02
2.925 -0.02
2.93 -0.02
2.935 -0.02
2.94 -0.02
2.945 -0.02
2.95 -0.02
2.955 -0.02
2.96 -0.02
2.965 -0.02
2.97 -0.02
2.975 -0.02
2.98 -0.02
2.985 -0.02
2.99 -0.02
2.995 -0.02
3 -0.02
3.005 -0.02
3.01 -0.02
3.015 -0.02
3.02 -0.02
3.025 -0.02
3.03 -0.02
3.035 -0.02
3.04 -0.02
3.045 -0.02
3.05 -0.02
3.055 -0.02
3.06 -0.02
3.065 -0.02
3.07 -0.02
3.075 -0.02
3.08 -0.02
3.085 -0.02
3.09 -0.02
3.095 -0.02
3.1 -0.02
3.105 -0.02
3.11 -0.02
3.115 -0.02
3.12 -0.02
3.125 -0.02
3.13 -0.02
3.135 -0.02
3.14 -0.02
3.145 -0.02
3.15 -0.02
3.155 -0.02
3.16 -0.02
3.165 -0.02
3.17 -0.02
3.175 -0.02
3.18 -0.02
3.185 -0.02
3.19 -0.02
3.195 -0.02
3.2 -0.02
3.205 -0.02
3.21 -0.02
3.215 -0.02
3.22 -0.02
3.225 -0.02
3.23 -0.02
3.235 -0.02
3.24 -0.02
3.245 -0.02
3.25 -0.02
3.255 -0.02
3.26 -0.02
3.265 -0.02
3.27 -0.02
3.275 -0.02
3.28 -0.02
3.285 -0.02
3.29 -0.02
3.295 -0.02
3.3 -0.02
3.305 -0.02
3.31 -0.02
3.315 -0.02
3.32 -0.02
3.325 -0.02
3.33 -0.02
3.335 -0.02
3.34 -0.02
3.345 -0.02
3.35 -0.02
3.355 -0.02
3.36 -0.02
3.365 -0.02
3.37 -0.02
3.375 -0.02
3.38 -0.02
3.385 -0.02
3.39 -0.02
3.395 -0.02
3.4 -0.02
3.405 -0.02
3.41 -0.02
3.415 -0.02
3.42 -0.02
3.425 -0.02
3.43 -0.02
3.435 -0.02
3.44 -0.02
3.445 -0.02
3.45 -0.02
3.455 -0.02
3.46 -0.02
3.465 -0.02
3.47 -0.0200001
3.475 -0.0199999
3.48 -0.0200002
3.485 -0.0199995
3.49 -0.0200016
3.495 -0.0199871
3.5 -1.81519e-15
3.505 0.0199871
3.51 0.0200016
3.515 0.0199995
3.52 0.0200002
3.525 0.0199999
3.53 0.0200001
3.535 0.02
3.54 0.02
3.545 0.02
3.55 0.02
3.555 0.02
3.56 0.02
3.565 0.02
3.57 0.02
3.575 0.02
3.58 0.02
3.585 0.02
3.59 0.02
3.595 0.02
3.6 0.02
3.605 0.02
3.61 0.02
3.615 0.02
3.62 0.02
3.625 0.02
3.63 0.02
3.635 0.02
3.64 0.02
3.645 0.02
3.65 0.02
3.655 0.02
3.66 0.02
3.665 0.02
3.67 0.02
3.675 0.02
3.68 0.02
3.685 0.02
3.69 0.02
3.695 0.02
3.7 0.02
3.705 0.02
3.71 0.02
3.715 0.02
3.72 0.02
3.725 0.02
3.73 0.02
3.735 0.02
3.74 0.02
3.745 0.02
3.75 0.02
3.755 0.02
3.76 0.02
3.765 0.02
3.77 0.02
3.775 0.02
3.78 0.02
3.785 0.02
3.79 0.02
3.795 0.02
3.8 0.02
3.805 0.02
3.81 0.02
3.815 0.02
3.82 0.02
3.825 0.02
3.83 0.02
3.835 0.02
3.84 0.02
3.845 0.02
3.85 0.02
3.855 0.02
3.86 0.02
3.865 0.02
3.87 0.02
3.875 0.02
3.88 0.02
3.885 0.02
3.89 0.02
3.895 0.02
3.9 0.02
3.905 0.02
3.91 0.02
3.915 0.02
3.92 0.02
3.925 0.02
3.93 0.02
3.935 0.02
3.94 0.02
3.945 0.02
3.95 0.02
3.955 0.02
3.96 0.02
3.965 0.02
3.97 0.02
3.975 0.02
3.98 0.02
3.985 0.02
3.99 0.02
3.995 0.02
4 0.02
4.005 0.02
4.01 0.02
4.015 0.02
4.02 0.02
4.025 0.02
4.03 0.02
4.035 0.02
4.04 0.02
4.045 0.02
4.05 0.02
4.055 0.02
4.06 0.02
4.065 0.02
4.07 0.02
4.075 0.02
4.08 0.02
4.085 0.02
4.09 0.02
4.095 0.02
4.1 0.02
4.105 0.02
4.11 0.02
4.115 0.02
4.12 0.02
4.125 0.02
4.13 0.02
4.135 0.02
4.14 0.02
4.145 0.02
4.15 0.02
4.155 0.02
4.16 0.02
4.165 0.02
4.17 0.02
4.175 0.02
4.18 0.02
4.185 0.02
4.19 0.02
4.195 0.02
4.2 0.02
4.205 0.02
4.21 0.02
4.215 0.02
4.22 0.02
4.225 0.02
4.23 0.02
4.235 0.02
4.24 0.02
4.245 0.02
4.25 0.02
4.255 0.02
4.26 0.02
4.265 0.02
4.27 0.02
4.275 0.02
4.28 0.02
4.285 0.02
4.29 0.02
4.295 0.02
4.3 0.02
4.305 0.02
4.31 0.02
4.315 0.02
4.32 0.02
4.325 0.02
4.33 0.02
4.335 0.02
4.34 0.02
4.345 0.02
4.35 0.02
4.355 0.02
4.36 0.02
4.365 0.02
4.37 0.02
4.375 0.02
4.38 0.02
4.385 0.02
4.39 0.02
4.395 0.02
4.4 0.02
4.405 0.02
4.41 0.02
4.415 0.02
4.42 0.02
4.425 0.02
4.43 0.02
4.435 0.02
4.44 0.02
4.445 0.02
4.45 0.02
4.455 0.02
4.46 0.02
4.465 0.02
4.47 0.0200001
4.475 0.0199999
4.48 0.0200002
4.485 0.0199995
4.49 0.0200016
4.495 0.0199871
4.5 1.55586e-15
4.505 -0.0199871
4.51 -0.0200016
4.515 -0.0199995
4.52 -0.0200002
4.525 -0.0199999
4.53 -0.0200001
4.535 -0.02
4.54 -0.02
4.545 -0.02
4.55 -0.02
4.555 -0.02
4.56 -0.02
4.565 -0.02
4.57 -0.02
4.575 -0.02
4.58 -0.02
4.585 -0.02
4.59 -0.02
4.595 -0.02
4.6 -0.02
4.605 -0.02
4.61 -0.02
4.615 -0.02
4.62 -0.02
4.625 -0.02
4.63 -0.02
4.635 -0.02
4.64 -0.02
4.645 -0.02
4.65 -0.02
4.655 -0.02
4.66 -0.02
4.665 -0.02
4.67 -0.02
4.675 -0.02
4.68 -0.02
4.685 -0.02
4.69 -0.02
4.695 -0.02
4.7 -0.02
4.705 -0.02
4.71 -0.02
4.715 -0.02
4.72 -0.02
4.725 -0.02
4.73 -0.02
4.735 -0.02
4.74 -0.02
4.745 -0.02
4.75 -0.02
4.755 -0.02
4.76 -0.02
4.765 -0.02
4.77 -0.02
4.775 -0.02
4.78 -0.02
4.785 -0.02
4.79 -0.02
4.795 -0.02
4.8 -0.02
4.805 -0.02
4.81 -0.02
4.815 -0.02
4.82 -0.02
4.825 -0.02
4.83 -0.02
4.835 -0.02
4.84 -0.02
4.845 -0.02
4.85 -0.02
4.855 -0.02
4.86 -0.02
4.865 -0.02
4.87 -0.02
4.875 -0.02
4.88 -0.02
4.885 -0.02
4.89 -0.02
4.895 -0.02
4.9 -0.02
4.905 -0.02
4.91 -0.02
4.915 -0.02
4.92 -0.02
4.925 -0.02
4.93 -0.02
4.935 -0.02
4.94 -0.02
4.945 -0.02
4.95 -0.02
4.955 -0.02
4.96 -0.02
4.965 -0.02
4.97 -0.02
4.975 -0.02
4.98 -0.02
4.985 -0.02
4.99 -0.02
4.995 -0.02
5 -0.02
5.005 -0.02
5.01 -0.02
5.015 -0.02
5.02 -0.02
5.025 -0.02
5.03 -0.02
5.035 -0.02
5.04 -0.02
5.045 -0.02
5.05 -0.02
5.055 -0.02
5.06 -0.02
5.065 -0.02
5.07 -0.02
5.075 -0.02
5.08 -0.02
5.085 -0.02
5.09 -0.02
5.095 -0.02
5.1 -0.02
5.105 -0.02
5.11 -0.02
5.115 -0.02
5.12 -0.02
5.125 -0.02
5.13 -0.02
5.135 -0.02
5.14 -0.02
5.145 -0.02
5.15 -0.02
5.155 -0.02
5.16 -0.02
5.165 -0.02
5.17 -0.02
5.175 -0.02
5.18 -0.02
5.185 -0.02
5.19 -0.02
5.195 -0.02
5.2 -0.02
5.205 -0.02
5.21 -0.02
5.215 -0.02
5.22 -0.02
5.225 -0.02
5.23 -0.02
5.235 -0.02
5.24 -0.02
5.245 -0.02
5.25 -0.02
5.255 -0.02
5.26 -0.02
5.265 -0.02
5.27 -0.02
5.275 -0.02
5.28 -0.02
5.285 -0.02
5.29 -0.02
5.295 -0.02
5.3 -0.02
5.305 -0.02
5.31 -0.02
5.315 -0.02
5.32 -0.02
5.325 -0.02
5.33 -0.02
5.335 -0.02
5.34 -0.02
5.345 -0.02
5.35 -0.02
5.355 -0.02
5.36 -0.02
5.365 -0.02
5.37 -0.02
5.375 -0.02
5.38 -0.02
5.385 -0.02
5.39 -0.02
5.395 -0.02
5.4 -0.02
5.405 -0.02
5.41 -0.02
5.415 -0.02
5.42 -0.02
5.425 -0.02
5.43 -0.02
5.435 -0.02
5.44 -0.02
5.445 -0.02
5.45 -0.02
5.455 -0.02
5.46 -0.02
5.465 -0.02
5.47 -0.0200001
5.475 -0.0199999
5.48 -0.0200002
5.485 -0.0199995
5.49 -0.0200016
5.495 -0.0199871
5.5 -2.2231e-15
5.505 0.0199871
5.51 0.0200016
5.515 0.0199995
5.52 0.0200002
5.525 0.0199999
5.53 0.0200001
5.535 0.02
5.54 0.02
5.545 0.02
5.55 0.02
5.555 0.02
5.56 0.02
5.565 0.02
5.57 0.02
5.575 0.02
5.58 0.02
5.585 0.02
5.59 0.02
5.595 0.02
5.6 0.02
5.605 0.02
5.61 0.02
5.615 0.02
5.62 0.02
5.625 0.02
5.63 0.02
5.635 0.02
5.64 0.02
5.645 0.02
5.65 0.02
5.655 0.02
5.66 0.02
5.665 0.02
5.67 0.02
5.675 0.02
5.68 0.02
5.685 0.02
5.69 0.02
5.695 0.02
5.7 0.02
5.705 0.02
5.71 0.02
5.715 0.02
5.72 0.02
5.725 0.02
5.73 0.02
5.735 0.02
5.74 0.02
5.745 0.02
5.75 0.02
5.755 0.02
5.76 0.02
5.765 0.02
5.77 0.02
5.775 0.02
5.78 0.02
5.785 0.02
5.79 0.02
5.795 0.02
5.8 0.02
5.805 0.02
5.81 0.02
5.815 0.02
5.82 0.02
5.825 0.02
5.83 0.02
5.835 0.02
5.84 0.02
5.845 0.02
5.85 0.02
5.855 0.02
5.86 0.02
5.865 0.02
5.87 0.02
5.875 0.02
5.88 0.02
5.885 0.02
5.89 0.02
5.895 0.02
5.9 0.02
5.905 0.02
5.91 0.02
5.915 0.02
5.92 0.02
5.925 0.02
5.93 0.02
5.935 0.02
5.94 0.02
5.945 0.02
5.95 0.02
5.955 0.02
5.96 0.02
5.965 0.02
5.97 0.02
5.975 0.02
5.98 0.02
5.985 0.02
5.99 0.02
5.995 0.02
6 0.02
6.005 0.02
6.01 0.02
6.015 0.02
6.02 0.02
6.025 0.02
6.03 0.02
6.035 0.02
6.04 0.02
6.045 0.02
6.05 0.02
6.055 0.02
6.06 0.02
6.065 0.02
6.07 0.02
6.075 0.02
6.08 0.02
6.085 0.02
6.09 0.02
6.095 0.02
6.1 0.02
6.105 0.02
6.11 0.02
6.115 0.02
6.12 0.02
6.125 0.02
6.13 0.02
6.135 0.02
6.14 0.02
6.145 0.02
6.15 0.02
6.155 0.02
6.16 0.02
6.165 0.02
6.17 0.02
6.175 0.02
6.18 0.02
6.185 0.02
6.19 0.02
6.195 0.02
6.2 0.02
6.205 0.02
6.21 0.02
6.215 0.02
6.22 0.02
6.225 0.02
6.23 0.02
6.235 0.02
6.24 0.02
6.245 0.02
6.25 0.02
6.255 0.02
6.26 0.02
6.265 0.02
6.27 0.02
6.275 0.02
6.28 0.02
6.285 0.02
6.29 0.02
6.295 0.02
6.3 0.02
6.305 0.02
6.31 0.02
6.315 0.02
6.32 0.02
6.325 0.02
6.33 0.02
6.335 0.02
6.34 0.02
6.345 0.02
6.35 0.02
6.355 0.02
6.36 0.02
6.365 0.02
6.37 0.02
6.375 0.02
6.38 0.02
6.385 0.02
6.39 0.02
6.395 0.02
6.4 0.02
6.405 0.02
6.41 0.02
6.415 0.02
6.42 0.02
6.425 0.02
6.43 0.02
6.435 0.02
6.44 0.02
6.445 0.02
6.45 0.02
6.455 0.02
6.46 0.02
6.465 0.02
6.47 0.0200001
6.475 0.0199999
6.48 0.0200002
6.485 0.0199995
6.49 0.0200016
6.495 0.0199871
6.5 3.14556e-15
6.505 -0.0199871
6.51 -0.0200016
6.515 -0.0199995
6.52 -0.0200002
6.525 -0.0199999
6.53 -0.0200001
6.535 -0.02
6.54 -0.02
6.545 -0.02
6.55 -0.02
6.555 -0.02
6.56 -0.02
6.565 -0.02
6.57 -0.02
6.575 -0.02
6.58 -0.02
6.585 -0.02
6.59 -0.02
6.595 -0.02
6.6 -0.02
6.605 -0.02
6.61 -0.02
6.615 -0.02
6.62 -0.02
6.625 -0.02
6.63 -0.02
6.635 -0.02
6.64 -0.02
6.645 -0.02
6.65 -0.02
6.655 -0.02
6.66 -0.02
6.665 -0.02
6.67 -0.02
6.675 -0.02
6.68 -0.02
6.685 -0.02
6.69 -0.02
6.695 -0.02
6.7 -0.02
6.705 -0.02
6.71 -0.02
6.715 -0.02
6.72 -0.02
6.725 -0.02
6.73 -0.02
6.735 -0.02
6.74 -0.02
6.745 -0.02
6.75 -0.02
6.755 -0.02
6.76 -0.02
6.765 -0.02
6.77 -0.02
6.775 -0.02
6.78 -0.02
6.785 -0.02
6.79 -0.02
6.795 -0.02
6.8 -0.02
6.805 -0.02
6.81 -0.02
6.815 -0.02
6.82 -0.02
6.825 -0.02
6.83 -0.02
6.835 -0.02
6.84 -0.02
6.845 -0.02
6.85 -0.02
6.855 -0.02
6.86 -0.02
6.865 -0.02
6.87 -0.02
6.875 -0.02
6.88 -0.02
6.885 -0.02
6.89 -0.02
6.895 -0.02
6.9 -0.02
6.905 -0.02
6.91 -0.02
6.915 -0.02
6.92 -0.02
6.925 -0.02
6.93 -0.02
6.935 -0.02
6.94 -0.02
6.945 -0.02
6.95 -0.02
6.955 -0.02
6.96 -0.02
6.965 -0.02
6.97 -0.02
6.975 -0.02
6.98 -0.02
6.985 -0.02
6.99 -0.02
6.995 -0.02
7 -0.02
7.005 -0.02
7.01 -0.02
7.015 -0.02
7.02 -0.02
7.025 -0.02
7.03 -0.02
7.035 -0.02
7.04 -0.02
7.045 -0.02
7.05 -0.02
7.055 -0.02
7.06 -0.02
7.065 -0.02
7.07 -0.02
7.075 -0.02
7.08 -0.02
7.085 -0.02
7.09 -0.02
7.095 -0.02
7.1 -0.02
7.105 -0.02
7.11 -0.02
7.115 -0.02
7.12 -0.02
7.125 -0.02
7.13 -0.02
7.135 -0.02
7.14 -0.02
7.145 -0.02
7.15 -0.02
7.155 -0.02
7.16 -0.02
7.165 -0.02
7.17 -0.02
7.175 -0.02
7.18 -0.02
7.185 -0.02
7.19 -0.02
7.195 -0.02
7.2 -0.02
7.205 -0.02
7.21 -0.02
7.215 -0.02
7.22 -0.02
7.225 -0.02
7.23 -0.02
7.235 -0.02
7.24 -0.02
7.245 -0.02
7.25 -0.02
7.255 -0.02
7.26 -0.02
7.265 -0.02
7.27 -0.02
7.275 -0.02
7.28 -0.02
7.285 -0.02
7.29 -0.02
7.295 -0.02
7.3 -0.02
7.305 -0.02
7.31 -0.02
7.315 -0.02
7.32 -0.02
7.325 -0.02
7.33 -0.02
7.335 -0.02
7.34 -0.02
7.345 -0.02
7.35 -0.02
7.355 -0.02
7.36 -0.02
7.365 -0.02
7.37 -0.02
7.375 -0.02
7.38 -0.02
7.385 -0.02
7.39 -0.02
7.395 -0.02
7.4 -0.02
7.405 -0.02
7.41 -0.02
7.415 -0.02
7.42 -0.02
7.425 -0.02
7.43 -0.02
7.435 -0.02
7.44 -0.02
7.445 -0.02
7.45 -0.02
7.455 -0.02
7.46 -0.02
7.465 -0.02
7.47 -0.0200001
7.475 -0.0199999
7.48 -0.0200002
7.485 -0.0199995
7.49 -0.0200016
7.495 -0.0199871
7.5 -2.84364e-15
7.505 0.0199871
7.51 0.0200016
7.515 0.0199995
7.52 0.0200002
7.525 0.0199999
7.53 0.0200001
7.535 0.02
7.54 0.02
7.545 0.02
7.55 0.02
7.555 0.02
7.56 0.02
7.565 0.02
7.57 0.02
7.575 0.02
7.58 0.02
7.585 0.02
7.59 0.02
7.595 0.02
7.6 0.02
7.605 0.02
7.61 0.02
7.615 0.02
7.62 0.02
7.625 0.02
7.63 0.02
7.635 0.02
7.64 0.02
7.645 0.02
7.65 0.02
7.655 0.02
7.66 0.02
7.665 0.02
7.67 0.02
7.675 0.02
7.68 0.02
7.685 0.02
7.69 0.02
7.695 0.02
7.7 0.02
7.705 0.02
7.71 0.02
7.715 0.02
7.72 0.02
7.725 0.02
7.73 0.02
7.735 0.02
7.74 0.02
7.745 0.02
7.75 0.02
7.755 0.02
7.76 0.02
7.765 0.02
7.77 0.02
7.775 0.02
7.78 0.02
7.785 0.02
7.79 0.02
7.795 0.02
7.8 0.02
7.805 0.02
7.81 0.02
7.815 0.02
7.82 0.02
7.825 0.02
7.83 0.02
7.835 0.02
7.84 0.02
7.845 0.02
7.85 0.02
7.855 0.02
7.86 0.02
7.865 0.02
7.87 0.02
7.875 0.02
7.88 0.02
7.885 0.02
7.89 0.02
7.895 0.02
7.9 0.02
7.905 0.02
7.91 0.02
7.915 0.02
7.92 0.02
7.925 0.02
7.93 0.02
7.935 0.02
7.94 0.02
7.945 0.02
7.95 0.02
7.955 0.02
7.96 0.02
7.965 0.02
7.97 0.02
7.975 0.02
7.98 0.02
7.985 0.02
7.99 0.02
7.995 0.02
8 0.02
8.005 0.02
8.01 0.02
8.015 0.02
8.02 0.02
8.025 0.02
8.03 0.02
8.035 0.02
8.04 0.02
8.045 0.02
8.05 0.02
8.055 0.02
8.06 0.02
8.065 0.02
8.07 0.02
8.075 0.02
8.08 0.02
8.085 0.02
8.09 0.02
8.095 0.02
8.1 0.02
8.105 0.02
8.11 0.02
8.115 0.02
8.12 0.02
8.125 0.02
8.13 0.02
8.135 0.02
8.14 0.02
8.145 0.02
8.15 0.02
8.155 0.02
8.16 0.02
8.165 0.02
8.17 0.02
8.175 0.02
8.18 0.02
8.185 0.02
8.19 0.02
8.195 0.02
8.2 0.02
8.205 0.02
8.21 0.02
8.215 0.02
8.22 0.02
8.225 0.02
8.23 0.02
8.235 0.02
8.24 0.02
8.245 0.02
8.25 0.02
8.255 0.02
8.26 0.02
8.265 0.02
8.27 0.02
8.275 0.02
8.28 0.02
8.285 0.02
8.29 0.02
8.295 0.02
8.3 0.02
8.305 0.02
8.31 0.02
8.315 0.02
8.32 0.02
8.325 0.02
8.33 0.02
8.335 0.02
8.34 0.02
8.345 0.02
8.35 0.02
8.355 0.02
8.36 0.02
8.365 0.02
8.37 0.02
8.375 0.02
8.38 0.02
8.385 0.02
8.39 0.02
8.395 0.02
8.4 0.02
8.405 0.02
8.41 0.02
8.415 0.02
8.42 0.02
8.425 0.02
8.43 0.02
8.435 0.02
8.44 0.02
8.445 0.02
8.45 0.02
8.455 0.02
8.46 0.02
8.465 0.02
8.47 0.0200001
8.475 0.0199999
8.48 0.0200002
8.485 0.0199995
8.49 0.0200016
8.495 0.0199871
8.5 4.59556e-15
8.505 -0.0199871
8.51 -0.0200016
8.515 -0.0199995
8.52 -0.0200002
8.525 -0.0199999
8.53 -0.0200001
8.535 -0.02
8.54 -0.02
8.545 -0.02
8.55 -0.02
8.555 -0.02
8.56 -0.02
8.565 -0.02
8.57 -0.02
8.575 -0.02
8.58 -0.02
8.585 -0.02
8.59 -0.02
8.595 -0.02
8.6 -0.02
8.605 -0.02
8.61 -0.02
8.615 -0.02
8.62 -0.02
8.625 -0.02
8.63 -0.02
8.635 -0.02
8.64 -0.02
8.645 -0.02
8.65 -0.02
8.655 -0.02
8.66 -0.02
8.665 -0.02
8.67 -0.02
8.675 -0.02
8.68 -0.02
8.685 -0.02
8.69 -0.02
8.695 -0.02
8.7 -0.02
8.705 -0.02
8.71 -0.02
8.715 -0.02
8.72 -0.02
8.725 -0.02
8.73 -0.02
8.735 -0.02
8.74 -0.02
8.745 -0.02
8.75 -0.02
8.755 -0.02
8.76 -0.02
8.765 -0.02
8.77 -0.02
8.775 -0.02
8.78 -0.02
8.785 -0.02
8.79 -0.02
8.795 -0.02
8.8 -0.02
8.805 -0.02
8.81 -0.02
8.815 -0.02
8.82 -0.02
8.825 -0.02
8.83 -0.02
8.835 -0.02
8.84 -0.02
8.845 -0.02
8.85 -0.02
8.855 -0.02
8.86 -0.02
8.865 -0.02
8.87 -0.02
8.875 -0.02
8.88 -0.02
8.885 -0.02
8.89 -0.02
8.895 -0.02
8.9 -0.02
8.905 -0.02
8.91 -0.02
8.915 -0.02
8.92 -0.02
8.925 -0.02
8.93 -0.02
8.935 -0.02
8.94 -0.02
8.945 -0.02
8.95 -0.02
8.955 -0.02
8.96 -0.02
8.965 -0.02
8.97 -0.02
8.975 -0.02
8.98 -0.02
8.985 -0.02
8.99 -0.02
8.995 -0.02
9 -0.02
9.005 -0.02
9.01 -0.02
9.015 -0.02
9.02 -0.02
9.025 -0.02
9.03 -0.02
9.035 -0.02
9.04 -0.02
9.045 -0.02
9.05 -0.02
9.055 -0.02
9.06 -0.02
9.065 -0.02
9.07 -0.02
9.075 -0.02
9.08 -0.02
9.085 -0.02
9.09 -0.02
9.095 -0.02
9.1 -0.02
9.105 -0.02
9.11 -0.02
9.115 -0.02
9.12 -0.02
9.125 -0.02
9.13 -0.02
9.135 -0.02
9.14 -0.02
9.145 -0.02
9.15 -0.02
9.155 -0.02
9.16 -0.02
9.165 -0.02
9.17 -0.02
9.175 -0.02
9.18 -0.02
9.185 -0.02
9.19 -0.02
9.195 -0.02
9.2 -0.02
9.205 -0.02
9.21 -0.02
9.215 -0.02
9.22 -0.02
9.225 -0.02
9.23 -0.02
9.235 -0.02
9.24 -0.02
9.245 -0.02
9.25 -0.02
9.255 -0.02
9.26 -0.02
9.265 -0.02
9.27 -0.02
9.275 -0.02
9.28 -0.02
9.285 -0.02
9.29 -0.02
9.295 -0.02
9.3 -0.02
9.305 -0.02
9.31 -0.02
9.315 -0.02
9.32 -0.02
9.325 -0.02
9.33 -0.02
9.335 -0.02
9.34 -0.02
9.345 -0.02
9.35 -0.02
9.355 -0.02
9.36 -0.02
9.365 -0.02
9.37 -0.02
9.375 -0.02
9.38 -0.02
9.385 -0.02
9.39 -0.02
9.395 -0.02
9.4 -0.02
9.405 -0.02
9.41 -0.02
9.415 -0.02
9.42 -0.02
9.425 -0.02
9.43 -0.02
9.435 -0.02
9.44 -0.02
9.445 -0.02
9.45 -0.02
9.455 -0.02
9.46 -0.02
9.465 -0.02
9.47 -0.0200001
9.475 -0.0199999
9.48 -0.0200002
9.485 -0.0199995
9.49 -0.0200016
9.495 -0.0199871
9.5 -4.48087e-15
9.505 0.0199871
9.51 0.0200016
9.515 0.0199995
9.52 0.0200002
9.525 0.0199999
9.53 0.0200001
9.535 0.02
9.54 0.02
9.545 0.02
9.55 0.02
9.555 0.02
9.56 0.02
9.565 0.02
9.57 0.02
9.575 0.02
9.58 0.02
9.585 0.02
9.59 0.02
9.595 0.02
9.6 0.02
9.605 0.02
9.61 0.02
9.615 0.02
9.62 0.02
9.625 0.02
9.63 0.02
9.635 0.02
9.64 0.02
9.645 0.02
9.65 0.02
9.655 0.02
9.66 0.02
9.665 0.02
9.67 0.02
9.675 0.02
9.68 0.02
9.685 0.02
9.69 0.02
9.695 0.02
9.7 0.02
9.705 0.02
9.71 0.02
9.715 0.02
9.72 0.02
9.725 0.02
9.73 0.02
9.735 0.02
9.74 0.02
9.745 0.02
9.75 0.02
9.755 0.02
9.76 0.02
9.765 0.02
9.77 0.02
9.775 0.02
9.78 0.02
9.785 0.02
9.79 0.02
9.795 0.02
9.8 0.02
9.805 0.02
9.81 0.02
9.815 0.02
9.82 0.02
9.825 0.02
9.83 0.02
9.835 0.02
9.84 0.02
9.845 0.02
9.85 0.02
9.855 0.02
9.86 0.02
9.865 0.02
9.87 0.02
9.875 0.02
9.88 0.02
9.885 0.02
9.89 0.02
9.895 0.02
9.9 0.02
9.905 0.02
9.91 0.02
9.915 0.02
9.92 0.02
9.925 0.02
9.93 0.02
9.935 0.02
9.94 0.02
9.945 0.02
9.95 0.02
9.955 0.02
9.96 0.02
9.965 0.02
9.97 0.02
9.975 0.02
9.98 0.02
9.985 0.02
9.99 0.02
9.995 0.02
10 0.02
