0 5.03115e-07 0
0.628319 -1.80187e-17 -1.15764e-17
1.25664 9.98429e-18 2.10986e-18
1.88496 7.63841e-17 1.77114e-17
2.51327 1.59222e-16 1.09263e-16
3.14159 0.4887 0.00767711
3.76991 -1.28164e-16 3.81698e-17
4.39823 8.62627e-17 -1.27647e-16
5.02655 -7.32503e-17 2.48757e-17
5.65487 6.78715e-17 1.16253e-16
6.28319 0.464581 0.0146
6.9115 -7.51573e-16 -5.36135e-18
7.53982 -8.40133e-17 1.71144e-17
8.16814 -7.87431e-17 -2.22578e-17
8.79646 2.32572e-16 -5.58894e-17
9.42478 0.425986 0.020089
10.0531 -5.1999e-16 8.55305e-17
10.6814 5.8838e-16 -1.95014e-16
11.3097 -3.42768e-17 -1.08537e-16
11.9381 3.94034e-16 -2.15291e-17
12.5664 0.375204 0.0236058
13.1947 -1.50619e-16 1.52833e-17
13.823 -7.17043e-16 2.1676e-17
14.4513 -1.54329e-16 2.6831e-16
15.0796 -9.57757e-17 5.59867e-18
15.708 0.315201 0.0248068
16.3363 5.6173e-16 9.49989e-17
16.9646 -9.83333e-16 8.75272e-17
17.5929 3.02571e-16 6.96737e-16
18.2212 -2.01246e-16 -7.03129e-17
18.8496 0.249415 0.0235766
19.4779 -1.14754e-15 2.53948e-16
20.1062 -3.20016e-16 -8.9064e-17
20.7345 -4.05921e-17 2.56411e-16
21.3628 6.17075e-16 1.62271e-16
21.9911 0.181514 0.0200394
22.6195 -3.54689e-16 1.05451e-16
23.2478 2.48713e-18 -1.13241e-17
23.8761 -7.57454e-16 -1.38016e-16
24.5044 -3.76997e-16 2.77258e-17
25.1327 0.115143 0.0145459
25.7611 -1.10103e-15 2.91453e-16
26.3894 -3.86163e-16 -3.14831e-16
27.0177 -7.88893e-16 -5.75549e-16
27.646 -8.3369e-16 1.74095e-17
28.2743 0.0536758 0.0076392
28.9027 -1.11037e-15 8.90925e-17
29.531 4.67941e-16 6.10846e-16
30.1593 -2.8461e-16 4.89049e-17
30.7876 -1.20622e-15 9.40851e-18
31.4159 -8.85241e-08 -1.40208e-08
32.0442 -5.38494e-16 5.69794e-16
32.6726 7.86279e-16 7.06062e-17
33.3009 1.06208e-16 -5.86064e-17
33.9292 -1.14674e-15 -4.88077e-16
34.5575 -0.0436625 -0.00762032
35.1858 1.13656e-15 -4.9656e-17
35.8142 -7.21069e-16 5.15101e-16
36.4425 -2.00736e-16 8.40296e-17
37.0708 -9.22837e-16 -3.92936e-16
37.6991 -0.0758757 -0.0144741
38.3274 -2.88449e-16 -2.37907e-16
38.9557 -3.56078e-16 8.25625e-16
39.5841 -3.46806e-16 -2.33366e-16
40.2124 -2.80042e-16 4.8045e-16
40.8407 -0.0960498 -0.019891
41.469 1.04019e-16 -1.93293e-16
42.0973 -1.17652e-15 -5.65144e-16
42.7257 2.07226e-16 1.62685e-16
43.354 3.58179e-17 -1.15277e-16
43.9823 -0.104435 -0.0233441
44.6106 8.2328e-19 -1.46278e-19
45.2389 -1.70236e-16 7.53905e-17
45.8673 -4.08252e-16 -4.77055e-16
46.4956 -9.77189e-16 -1.16776e-16
47.1239 -0.102055 -0.0245013
47.7522 5.01554e-16 -3.61277e-16
48.3805 -1.51049e-16 3.05284e-16
49.0088 -6.74382e-16 -1.04708e-16
49.6372 -2.13916e-15 -2.46125e-16
50.2655 -0.090581 -0.0232572
50.8938 1.42487e-15 7.75425e-16
51.5221 -2.43975e-16 -2.21073e-16
52.1504 -8.61316e-16 -2.63906e-16
52.7788 7.81438e-16 1.03619e-16
53.4071 -0.0721691 -0.0197432
54.0354 1.04996e-15 8.11339e-16
54.6637 -2.6234e-16 2.56246e-16
55.292 -5.06296e-16 9.36559e-16
55.9203 2.59725e-16 8.41494e-16
56.5487 -0.049266 -0.0143131
57.177 6.73176e-16 9.08285e-16
57.8053 -7.40693e-16 1.06142e-16
58.4336 3.63014e-16 1.12089e-16
59.0619 -5.31096e-16 9.77228e-17
59.6903 -0.0244035 -0.00750751
60.3186 -6.2353e-16 -1.24924e-15
60.9469 -8.82431e-16 1.03568e-15
61.5752 7.82841e-16 -6.48473e-16
62.2035 -3.41489e-16 -2.83948e-16
62.8319 1.22546e-07 3.98176e-08
63.4602 1.82392e-15 2.75925e-16
64.0885 -1.64316e-15 -6.34791e-16
64.7168 -8.73828e-16 -1.71318e-17
65.3451 1.00797e-15 9.74899e-16
65.9734 0.0218188 0.00747024
66.6018 -3.40767e-16 -1.31984e-15
67.2301 -4.40134e-16 -8.6901e-16
67.8584 2.59895e-16 2.46642e-16
68.4867 -1.90451e-15 9.53605e-16
69.115 0.0393618 0.0141711
69.7434 1.73572e-16 6.54555e-17
70.3717 -1.1756e-15 1.88544e-15
71 1.45478e-15 -1.04646e-16
71.6283 -9.35015e-16 5.87747e-16
72.2566 0.0514732 0.0194501
72.8849 -3.02028e-16 -4.6833e-17
73.5133 -9.15751e-16 -1.8179e-16
74.1416 4.91885e-16 3.88683e-16
74.7699 1.00875e-16 5.29991e-16
75.3982 0.0575809 0.0227979
76.0265 7.07375e-16 1.48304e-16
76.6549 2.72615e-16 -4.02338e-16
77.2832 -2.06254e-16 3.54245e-16
77.9115 1.27465e-15 2.4756e-16
78.5398 0.0576941 0.0238977
79.1681 9.00554e-16 1.89518e-15
79.7965 -6.71693e-16 1.63346e-16
80.4248 5.27414e-17 4.25302e-17
81.0531 2.00903e-16 1.24336e-15
81.6814 0.0523539 0.0226555
82.3097 1.60255e-15 -3.43425e-16
82.938 -8.57715e-16 -3.6244e-16
83.5664 -1.96723e-16 -4.46653e-16
84.1947 -6.86989e-16 8.79532e-16
84.823 0.042541 0.019208
85.4513 1.01509e-15 1.75638e-16
86.0796 2.91862e-15 2.03692e-15
86.708 1.51408e-15 5.15905e-16
87.3363 -8.05383e-16 -1.18265e-16
87.9646 0.0295545 0.0139073
88.5929 -9.22353e-16 -1.46152e-15
89.2212 1.09954e-15 1.96382e-15
89.8495 5.57623e-16 -8.82143e-16
90.4779 -3.22545e-16 -2.72223e-16
91.1062 0.0148712 0.00728532
91.7345 2.2806e-15 -3.33535e-15
92.3628 -1.34266e-15 2.03645e-16
92.9911 -7.0673e-16 2.13377e-16
93.6195 -7.31897e-17 2.98366e-15
94.2478 -7.2198e-08 -3.67867e-08
94.8761 -3.95134e-16 -9.9359e-17
95.5044 4.30494e-20 -4.57356e-16
96.1327 -2.82423e-16 -4.22668e-16
96.7611 2.08929e-16 -9.67174e-17
97.3894 -0.0136561 -0.00723054
98.0177 1.85115e-16 3.2702e-16
98.646 1.45837e-15 1.79063e-15
99.2743 8.87558e-16 -2.44516e-15
99.9026 -2.78574e-16 9.40916e-17
100.531 -0.0249178 -0.0136987
101.159 -7.68371e-16 5.97667e-16
101.788 -1.03951e-15 6.91521e-16
102.416 -1.21625e-15 -5.93679e-16
103.044 -1.39392e-15 -1.79568e-15
103.673 -0.0329202 -0.0187773
104.301 5.35958e-16 -1.07992e-16
104.929 4.7385e-16 -1.9937e-16
105.558 -1.16141e-15 2.04291e-15
106.186 -5.89798e-16 -1.39609e-15
106.814 -0.0371673 -0.0219807
107.442 -1.63462e-15 1.84696e-15
108.071 2.22969e-15 -1.0845e-15
108.699 -4.06931e-16 6.16957e-16
109.327 2.15681e-16 -1.76055e-15
109.956 -0.0375506 -0.023011
110.584 -1.48506e-16 1.25341e-15
111.212 -4.75645e-16 3.05961e-15
111.841 -1.95922e-16 -1.86191e-15
112.469 1.13279e-15 -7.20234e-16
113.097 -0.0343299 -0.0217864
113.726 -1.99746e-16 1.3589e-15
114.354 -1.07942e-15 2.35318e-16
114.982 -1.61498e-16 -2.8329e-15
115.611 -3.79006e-15 -1.24895e-15
116.239 -0.0280826 -0.0184468
116.867 -1.97574e-15 5.59724e-16
117.496 8.59054e-17 -1.64628e-15
118.124 -1.08667e-15 3.70267e-16
118.752 -1.37922e-15 -7.87938e-16
119.381 -0.0196271 -0.0133386
120.009 -8.2408e-16 -2.82092e-15
120.637 -6.66469e-16 -8.95199e-16
121.265 -2.3144e-16 1.72238e-16
121.894 4.83549e-16 -1.20344e-15
122.522 -0.00992893 -0.00697817
123.15 -9.98346e-16 -5.63193e-16
123.779 -2.35738e-15 -3.75025e-16
124.407 4.51232e-16 4.06381e-16
125.035 -1.86468e-15 -1.57144e-15
125.664 -3.05902e-08 -2.22251e-08
126.292 -2.6245e-16 2.78342e-15
126.92 4.92437e-17 -9.9303e-16
127.549 3.15388e-16 1.20437e-15
128.177 3.02061e-16 9.06468e-16
128.805 0.00919941 0.00690711
129.434 1.77094e-15 1.82063e-15
130.062 -1.10509e-16 -1.05974e-15
130.69 1.17185e-15 1.7443e-16
131.319 -1.03804e-15 2.42659e-15
131.947 0.0168477 0.0130684
132.575 3.76135e-15 -4.81687e-16
133.204 3.8591e-15 3.32891e-15
133.832 1.10331e-15 -1.83169e-15
134.46 -9.02459e-16 -3.28891e-15
135.088 0.0223294 0.0178893
135.717 3.79426e-16 -5.59012e-16
136.345 1.24121e-15 -2.12448e-15
136.973 -2.51388e-15 3.2789e-15
137.602 -5.29095e-16 7.79241e-16
138.23 0.0252791 0.0209127
138.858 1.12991e-15 -1.58123e-15
139.487 -2.88275e-16 1.80873e-15
140.115 -2.51167e-15 -7.72752e-16
140.743 8.10646e-16 1.34831e-15
141.372 0.0255985 0.0218632
142 -8.34178e-16 -1.24411e-15
142.628 -9.47167e-16 -1.10484e-16
143.257 2.89642e-16 -6.02096e-16
143.885 1.71493e-16 -5.41549e-17
144.513 0.023447 0.0206713
145.142 -7.59122e-17 2.89934e-15
145.77 1.20993e-15 -4.33806e-15
146.398 -1.25071e-15 1.02603e-15
147.027 -2.88122e-16 1.6797e-15
147.655 0.0192087 0.0174786
148.283 2.59281e-15 -6.59948e-16
148.911 3.09128e-16 -1.55534e-15
149.54 6.5535e-16 -1.37334e-16
150.168 2.33594e-16 6.87165e-16
150.796 0.01344 0.012621
151.425 5.02254e-15 9.69701e-16
152.053 -8.61086e-16 -2.52133e-15
152.681 -6.25507e-16 -5.72676e-16
153.31 2.55399e-15 3.62731e-15
153.938 0.00680405 0.00659359
154.566 -2.21701e-17 -1.2883e-15
155.195 -9.8103e-16 -3.71402e-15
155.823 1.74672e-15 -2.35606e-16
156.451 -2.37089e-15 -6.68459e-16
157.08 8.69626e-08 8.69626e-08
157.708 -9.81838e-17 3.70556e-16
158.336 -1.68864e-16 -4.44901e-16
158.965 6.84145e-16 -2.60194e-15
159.593 1.37504e-15 -6.73487e-16
160.221 -0.0063067 -0.006508
160.85 2.34086e-16 -1.98252e-16
161.478 2.60531e-16 -1.24856e-15
162.106 1.87752e-15 3.89583e-15
162.734 -7.99068e-16 -3.58864e-15
163.363 -0.0115466 -0.0122959
163.991 -2.6212e-15 -2.40077e-15
164.619 -6.70455e-16 -2.83118e-16
165.248 1.07283e-15 2.21563e-15
165.876 1.40539e-15 -5.48238e-16
166.504 -0.0152939 -0.0168078
167.133 -4.19508e-15 3.96541e-16
167.761 -2.4252e-15 -2.87191e-15
168.389 2.85591e-16 1.84547e-15
169.018 -5.56612e-16 4.26996e-16
169.646 -0.0172977 -0.0196204
170.274 -1.01941e-16 -8.10803e-16
170.903 2.02746e-15 -1.95257e-16
171.531 1.85455e-17 -5.10463e-16
172.159 4.67958e-15 3.61902e-16
172.788 -0.0174937 -0.0204825
173.416 -7.11094e-16 1.09305e-15
174.044 -9.97466e-16 1.78884e-15
174.673 3.29229e-15 6.00425e-16
175.301 -1.4454e-15 2.36344e-15
175.929 -0.0159976 -0.0193377
176.558 1.71875e-15 1.24921e-15
177.186 -3.53628e-16 -5.00125e-16
177.814 4.28157e-18 7.67811e-16
178.442 1.28882e-15 -4.26355e-16
179.071 -0.0130805 -0.0163271
179.699 2.94008e-15 -1.73549e-15
180.327 -1.54789e-15 -1.60516e-15
180.956 -1.05621e-15 -4.55687e-16
181.584 5.36684e-15 7.55932e-16
182.212 -0.00913141 -0.0117721
182.841 3.04388e-16 3.06386e-15
183.469 2.66792e-15 -3.6342e-15
184.097 -1.83421e-15 3.87879e-16
184.726 7.58256e-16 3.2e-16
185.354 -0.00461081 -0.00614103
185.982 2.4402e-15 -1.76783e-15
186.611 -4.70711e-16 1.32769e-15
187.239 -8.82249e-16 6.2617e-16
187.867 -5.52472e-16 1.49422e-15
188.496 -7.04525e-08 -9.69696e-08
189.124 -7.17008e-16 8.34577e-16
189.752 -1.75489e-15 8.38953e-16
190.381 4.25315e-16 -1.44846e-15
191.009 1.69188e-16 4.19862e-16
191.637 0.00424719 0.00604314
192.265 -2.57646e-15 1.20889e-15
192.894 7.82345e-16 -1.49175e-15
193.522 -3.67783e-16 6.13073e-16
194.15 6.15394e-16 -4.38387e-16
194.779 0.00774766 0.0114003
195.407 -4.17377e-15 5.84669e-16
196.035 -1.13571e-15 1.48897e-15
196.664 -3.37974e-16 6.76902e-16
197.292 3.50674e-16 4.3118e-15
197.92 0.0102209 0.0155598
198.549 2.31621e-15 -1.04912e-15
199.177 -1.06218e-15 5.89861e-16
199.805 1.62651e-16 -9.98751e-16
200.434 1.35074e-15 2.38217e-16
201.062 0.0115092 0.0181356
201.69 -3.27471e-15 1.22453e-15
202.319 2.51759e-17 2.32751e-16
202.947 -1.99813e-15 1.31674e-15
203.575 2.81701e-16 1.02126e-15
204.204 0.0115838 0.0189031
204.832 -6.52484e-15 4.674e-16
205.46 -1.68162e-15 2.20977e-15
206.088 5.31927e-16 1.53612e-15
206.717 -3.263e-16 1.40073e-15
207.345 0.010538 0.0178187
207.973 2.79691e-15 -2.16327e-16
208.602 2.64378e-15 7.51756e-16
209.23 -6.97523e-15 -1.2075e-15
209.858 -2.31378e-15 9.69836e-16
210.487 0.00856775 0.0150209
211.115 3.51345e-16 -1.04824e-15
211.743 -2.76112e-15 -7.44111e-15
212.372 3.16246e-15 -1.79725e-15
213 -2.02338e-15 1.20993e-16
213.628 0.00594457 0.0108131
214.257 -1.32104e-15 4.69909e-16
214.885 1.83595e-15 -5.44982e-16
215.513 4.28305e-15 -1.29553e-15
216.142 -1.35193e-15 9.91716e-16
216.77 0.00298183 0.0056317
217.398 1.37244e-16 -1.24547e-15
218.027 5.34911e-16 -1.96415e-15
218.655 -3.92796e-15 -5.08685e-17
219.283 3.29091e-15 7.73608e-16
219.911 3.35164e-08 6.57797e-08
220.54 3.39283e-15 3.33502e-16
221.168 -1.6662e-15 -4.68821e-15
221.796 1.90419e-15 -9.43717e-17
222.425 -1.51807e-15 -2.23644e-15
223.053 -0.00270617 -0.00552399
223.681 -6.18892e-16 1.91709e-15
224.31 -5.63116e-15 -3.27936e-15
224.938 -1.60996e-16 -2.3491e-15
225.566 1.55897e-15 2.28088e-16
226.195 -0.00489566 -0.0104038
226.823 2.36753e-16 -9.46533e-16
227.451 -2.78454e-15 -6.24606e-16
228.08 1.14108e-15 1.23483e-16
228.708 -8.94729e-16 -6.77614e-17
229.336 -0.00640076 -0.0141761
229.965 -2.57238e-16 8.56318e-16
230.593 1.78561e-15 2.05919e-16
231.221 -1.0415e-15 1.54268e-15
231.85 -7.80237e-16 2.15801e-15
232.478 -0.00713807 -0.0164951
233.106 -3.2786e-15 -4.28778e-15
233.734 3.56749e-15 3.86217e-15
234.363 8.38623e-16 -1.36936e-15
234.991 -1.21025e-15 -2.68447e-16
235.619 -0.00710961 -0.0171641
236.248 -2.00849e-15 -1.95673e-15
236.876 -3.65567e-16 7.36262e-16
237.504 -3.82157e-15 -1.54678e-15
238.133 -1.60513e-15 -1.16214e-15
238.761 -0.00639498 -0.0161519
239.389 2.26315e-15 -3.48438e-18
240.018 2.94162e-15 -3.62518e-15
240.646 -1.64302e-17 2.42926e-15
241.274 -1.1641e-15 8.2101e-16
241.903 -0.00513608 -0.0135922
242.531 7.36448e-16 1.8151e-15
243.159 -5.90807e-16 -3.45956e-15
243.788 1.62001e-15 -1.84765e-15
244.416 1.50841e-15 3.23364e-15
245.044 -0.00351657 -0.00976764
245.673 1.61633e-15 3.55712e-15
246.301 -2.9292e-15 -7.09623e-16
246.929 1.49688e-15 -1.66475e-15
247.558 4.39611e-15 -3.77335e-16
248.186 -0.00173866 -0.00507822
248.814 -1.55591e-15 -1.92086e-15
249.442 -1.27022e-15 -2.41149e-15
250.071 1.33677e-15 2.64426e-16
250.699 -7.62488e-16 -3.07076e-16
251.327 -1.25e-08 -3.8471e-08
251.956 -1.15387e-15 1.3308e-15
252.584 4.13725e-16 -2.45136e-15
253.212 2.64717e-15 1.4345e-15
253.841 1.10456e-15 1.35524e-15
254.469 0.00152693 0.00496335
255.097 -1.27716e-15 4.84103e-16
255.726 -1.10655e-15 -2.83423e-15
256.354 1.29415e-15 1.38109e-15
256.982 -2.78104e-15 1.81052e-15
257.611 0.00271088 0.0093309
258.239 2.57261e-15 4.21896e-15
258.867 -1.28524e-15 1.27546e-15
259.496 -1.5639e-15 -5.51046e-15
260.124 -1.45316e-15 2.99864e-15
260.752 0.00347182 0.0126908
261.381 1.03636e-15 1.80474e-15
262.009 3.47671e-15 5.15805e-15
262.637 4.06056e-15 2.11055e-15
263.265 1.47589e-16 2.7687e-15
263.894 0.00378445 0.0147395
264.522 4.67709e-15 -8.36954e-16
265.15 6.52675e-15 -2.5997e-15
265.779 -2.10398e-15 -6.76445e-16
266.407 1.03965e-15 -1.22267e-15
267.035 0.00367524 0.0153085
267.664 3.52824e-15 2.65106e-15
268.292 6.2696e-16 -2.62946e-15
268.92 -7.38901e-15 -7.20995e-15
269.549 1.13741e-15 -2.77788e-16
270.177 0.00321393 0.0143783
270.805 3.30208e-15 -2.88942e-16
271.434 1.51805e-16 2.85434e-16
272.062 2.74463e-16 1.96496e-15
272.69 -6.23801e-15 -5.78091e-15
273.319 0.00250092 0.0120765
273.947 5.61468e-15 1.15146e-15
274.575 2.31671e-16 1.19844e-15
275.204 6.17396e-16 2.96491e-15
275.832 -5.66503e-16 -1.84431e-15
276.46 0.00165227 0.00866151
277.088 -6.14533e-15 1.92094e-15
277.717 8.15411e-15 2.28783e-17
278.345 4.92002e-15 -4.44989e-15
278.973 -8.55478e-15 6.10345e-15
279.602 0.000784377 0.00449428
280.23 -4.01265e-16 -2.98912e-15
280.858 6.92021e-17 1.12138e-15
281.487 -1.07839e-15 -1.94487e-15
282.115 -1.63755e-15 3.54352e-15
282.743 2.57207e-09 1.62394e-08
283.372 -9.18641e-16 -6.08437e-15
284 -4.61831e-16 -1.73841e-16
284.628 9.47155e-16 8.79684e-15
285.257 1.68102e-15 1.78595e-15
285.885 -0.000622664 -0.00437507
286.513 4.05037e-15 -1.90158e-15
287.142 3.48439e-15 -5.54766e-15
287.77 5.72838e-16 1.60406e-16
288.398 -1.68509e-15 4.0871e-16
289.027 -0.00103693 -0.00820815
289.655 -3.84844e-16 -1.12965e-15
290.283 2.20005e-15 2.82936e-15
290.911 -1.17476e-15 -1.04833e-15
291.54 -2.91418e-16 3.62358e-15
292.168 -0.00122995 -0.0111407
292.796 -1.25761e-15 -1.47219e-15
293.425 -5.01248e-15 -7.3666e-15
294.053 1.26457e-15 7.8332e-16
294.681 -2.14912e-15 -1.85614e-15
295.31 -0.00122054 -0.012912
295.938 -1.78024e-15 -1.17393e-15
296.566 5.21695e-16 1.03938e-15
297.195 2.42621e-15 1.18301e-15
297.823 5.29844e-16 -8.59734e-16
298.451 -0.00105318 -0.013382
299.08 -1.60635e-14 -1.81445e-15
299.708 -2.73024e-15 -2.04199e-15
300.336 1.42797e-15 -3.32763e-15
300.965 3.25864e-16 -1.42752e-15
301.593 -0.000789065 -0.0125418
302.221 1.2779e-15 1.61648e-16
302.85 3.44205e-15 3.54712e-16
303.478 7.31315e-16 -1.22395e-15
304.106 -1.83681e-15 -1.90305e-15
304.734 -0.000495687 -0.010511
305.363 2.11796e-17 -3.02115e-15
305.991 8.09841e-16 1.26592e-15
306.619 2.41304e-15 4.53925e-15
307.248 -1.26598e-15 3.28701e-15
307.876 -0.00023639 -0.00752206
308.504 1.31776e-15 -1.97434e-15
309.133 -1.02153e-15 1.64058e-16
309.761 1.85279e-15 1.32937e-15
310.389 -1.5229e-15 -2.19183e-15
311.018 -6.11762e-05 -0.00389428
311.646 9.66515e-16 -5.3789e-15
312.274 9.32502e-16 -5.73725e-16
312.903 1.02916e-15 5.92993e-16
313.531 -6.38272e-15 7.52295e-15
314.159 2.4268e-15 1.11803e-08
314.788 4.10301e-15 1.17661e-15
315.416 2.01194e-15 3.92372e-15
316.044 -4.63142e-16 -6.42467e-16
316.673 4.13715e-16 8.64143e-16
317.301 -5.92816e-05 0.00377367
317.929 -1.60714e-15 1.27167e-15
318.557 -1.95135e-15 -3.78767e-15
319.186 1.26081e-15 3.56144e-15
319.814 1.403e-15 -1.43349e-15
320.442 -0.000221972 0.00706326
321.071 -2.23453e-15 9.94332e-15
321.699 3.0565e-15 1.87043e-16
322.327 5.30909e-16 -3.77516e-15
322.956 -1.17508e-15 2.32561e-15
323.584 -0.000451025 0.00956397
324.212 -1.25071e-15 8.91279e-16
324.841 -2.19119e-15 5.88428e-16
325.469 -1.84075e-15 -1.84967e-15
326.097 -9.1436e-16 8.31838e-16
326.726 -0.000695697 0.0110578
327.354 3.56228e-17 -9.92232e-16
327.982 8.78256e-16 8.15498e-15
328.611 7.36856e-16 4.26215e-16
329.239 3.19241e-15 2.52659e-15
329.867 -0.000899732 0.0114322
330.496 -3.58753e-15 1.70838e-15
331.124 -1.65136e-15 2.7284e-15
331.752 1.42054e-15 1.77787e-15
332.381 1.02754e-16 4.44111e-16
333.009 -0.00101029 0.0106878
333.637 -2.55894e-15 -2.51898e-15
334.265 1.71998e-15 -9.80459e-16
334.894 2.02966e-15 -5.28182e-15
335.522 3.09164e-16 -4.32224e-15
336.15 -0.000986378 0.0089345
336.779 -9.39225e-16 -1.15375e-15
337.407 -4.6749e-16 1.48766e-15
338.035 2.0077e-15 -2.80036e-15
338.664 2.09968e-15 -1.43286e-15
339.292 -0.000805652 0.00637739
339.92 7.73973e-15 -5.9379e-16
340.549 -2.29947e-15 -4.8715e-15
341.177 -4.56576e-15 1.76085e-15
341.805 3.19229e-15 7.46788e-16
342.434 -0.000468668 0.00329303
343.062 5.5561e-16 -3.04132e-16
343.69 -5.79575e-15 -4.19939e-16
344.319 5.20487e-15 7.73548e-16
344.947 -3.07267e-15 -2.58506e-15
345.575 1.16166e-09 -7.3344e-09
346.204 1.727e-15 4.49531e-16
346.832 2.62925e-15 2.379e-15
347.46 4.93023e-15 -1.70819e-15
348.088 -9.53249e-16 9.4143e-16
348.717 0.000553943 -0.00317395
349.345 -7.58918e-16 -1.23464e-15
349.973 9.38299e-16 7.9476e-16
350.602 -2.61711e-15 -3.13811e-15
351.23 -5.80563e-15 7.46166e-16
351.858 0.00113014 -0.0059244
352.487 -1.75968e-15 1.89198e-15
353.115 -5.07737e-16 -1.65682e-15
353.743 -4.14582e-18 1.48979e-15
354.372 4.36177e-15 5.49711e-15
355 0.0016566 -0.00799943
355.628 -2.0585e-15 3.29964e-16
356.257 7.80028e-16 -1.34973e-15
356.885 9.81556e-16 -1.86023e-15
357.513 2.33948e-16 5.5625e-16
358.142 0.00206148 -0.00922252
358.77 1.21977e-15 3.63684e-15
359.398 -2.40213e-15 1.38626e-15
360.027 2.5617e-15 -2.61524e-15
360.655 2.08068e-16 9.81715e-16
361.283 0.00228245 -0.00950709
361.911 1.35226e-16 -2.02826e-16
362.54 -3.70504e-15 -3.95902e-15
363.168 9.69094e-16 -1.81665e-15
363.796 2.73685e-15 2.08483e-15
364.425 0.00227531 -0.00886174
365.053 2.12545e-15 5.58225e-15
365.681 8.88442e-16 2.82555e-15
366.31 1.53732e-15 -3.24787e-15
366.938 4.16941e-15 -1.12673e-15
367.566 0.00202051 -0.00738572
368.195 -2.36577e-15 3.35641e-15
368.823 -4.90524e-16 -1.44753e-15
369.451 -4.57529e-15 2.83918e-15
370.08 3.90932e-15 1.32126e-15
370.708 0.00152693 -0.00525572
371.336 -1.91586e-15 -1.53717e-15
371.965 2.93992e-16 -1.14158e-15
372.593 1.67971e-15 -2.82868e-15
373.221 -1.894e-15 -3.35779e-15
373.85 0.000832283 -0.00270538
374.478 4.03762e-17 -6.52939e-16
375.106 -2.77462e-15 1.27326e-15
375.734 -1.12178e-15 -1.32602e-15
376.363 3.76049e-15 -5.59018e-16
376.991 1.94098e-08 -5.97373e-08
377.619 -9.42286e-16 1.63362e-16
378.248 7.22337e-16 1.339e-15
378.876 -9.10558e-16 -1.94786e-16
379.504 2.50877e-16 4.40524e-15
380.133 -0.00088697 0.00259063
380.761 -3.09073e-15 1.152e-15
381.389 2.58628e-15 -5.01827e-15
382.018 -1.21527e-14 -4.32029e-15
382.646 -8.50968e-16 3.72689e-15
383.274 -0.00173515 0.00481957
383.903 1.18687e-16 -8.97967e-16
384.531 -2.76602e-15 2.0639e-15
385.159 -9.2122e-16 -2.70134e-16
385.788 1.86683e-15 -1.77517e-15
386.416 -0.0024507 0.00648559
387.044 -3.26422e-15 1.70789e-15
387.673 -2.05027e-15 4.95292e-16
388.301 -1.03138e-14 3.43742e-15
388.929 -2.07781e-15 1.46279e-15
389.557 -0.00295019 0.00745132
390.186 2.86169e-15 6.39239e-17
390.814 -1.18817e-15 5.73228e-15
391.442 -1.5499e-16 1.87184e-16
392.071 1.96323e-15 -3.00378e-15
392.699 -0.00317042 0.00765407
393.327 -1.71045e-15 2.37767e-16
393.956 8.09492e-15 9.34582e-16
394.584 -2.32694e-16 1.63795e-15
395.212 4.11594e-16 2.54106e-15
395.841 -0.00307622 0.00710872
396.469 -3.03185e-15 -6.14385e-15
397.097 -1.00911e-15 2.63763e-16
397.726 -6.80229e-16 -1.34172e-15
398.354 -3.43094e-16 -1.67292e-16
398.982 -0.00266522 0.0059028
399.611 -1.07273e-15 -1.71346e-15
400.239 -1.66627e-15 -2.72023e-15
400.867 -1.83455e-15 5.34377e-16
401.496 -1.24216e-15 -4.54035e-15
402.124 -0.00196913 0.00418461
402.752 -2.16378e-15 1.31284e-16
403.38 -5.85799e-16 8.78598e-16
404.009 6.41959e-15 5.3454e-15
404.637 8.02911e-16 2.42532e-16
405.265 -0.00105119 0.00214574
405.894 -1.21886e-15 -1.29051e-15
406.522 -2.64261e-15 1.44125e-15
407.15 -9.01128e-16 8.78841e-16
407.779 -1.47581e-15 -4.07772e-15
408.407 -7.16597e-08 1.4064e-07
409.035 1.65509e-15 -1.95949e-15
409.664 3.11302e-15 -3.50316e-15
410.292 2.83283e-16 -1.51426e-15
410.92 -4.38637e-15 4.31329e-16
411.549 0.00107913 -0.00203812
412.177 -2.16968e-15 -8.27912e-16
412.805 9.05407e-16 -1.22389e-15
413.434 1.80354e-15 -2.93033e-15
414.062 -1.30444e-15 4.32553e-15
414.69 0.00207589 -0.00377603
415.319 2.03102e-16 -1.11682e-15
415.947 2.80746e-15 1.7022e-15
416.575 -7.10403e-16 -1.08531e-15
417.204 -2.21204e-15 4.67029e-15
417.832 0.00288602 -0.00505974
418.46 -1.1534e-14 -2.57616e-15
419.088 1.55457e-15 -1.03019e-15
419.717 -2.559e-15 -1.88699e-15
420.345 -1.43425e-15 8.70783e-17
420.973 0.00342291 -0.00578783
421.602 -2.62031e-16 5.1152e-15
422.23 -1.17153e-15 -5.52158e-16
422.858 -2.07033e-15 9.127e-15
423.487 4.12956e-15 -1.0422e-14
424.115 0.00362701 -0.00591874
424.743 -6.95832e-17 4.62415e-16
425.372 3.59382e-15 -2.73938e-16
426 -1.10783e-16 -2.14878e-16
426.628 6.18177e-16 -1.35574e-15
427.257 0.00347252 -0.00547181
427.885 -3.71556e-16 -1.22114e-15
428.513 1.97508e-15 1.33199e-15
429.142 -3.37552e-15 -4.41526e-15
429.77 -2.25309e-15 1.10858e-16
430.398 0.00297052 -0.00452219
431.027 -1.95437e-15 -5.85752e-16
431.655 -2.24348e-15 -4.71019e-15
432.283 4.39625e-15 -1.3369e-15
432.911 -4.91023e-15 -2.06047e-15
433.54 0.00216817 -0.00319037
434.168 4.60045e-15 6.81467e-16
434.796 -2.5289e-15 -4.20835e-15
435.425 8.67471e-16 -1.09006e-15
436.053 8.15536e-16 4.1396e-15
436.681 0.00114405 -0.00162782
437.31 5.56772e-15 5.68145e-15
437.938 -1.40464e-15 -1.07315e-15
438.566 -7.01505e-16 -3.62189e-15
439.195 -3.15542e-15 -2.15443e-15
439.823 1.10903e-07 -1.52645e-07
440.451 -7.22226e-16 -9.34879e-16
441.08 -2.12487e-15 2.54592e-15
441.708 7.39258e-16 -3.01326e-15
442.336 -2.21111e-15 -1.63863e-15
442.965 -0.00114883 0.00153009
443.593 -3.25744e-15 -3.08343e-15
444.221 -1.30943e-15 -1.05911e-15
444.85 4.89116e-16 -1.08951e-15
445.478 1.1657e-15 3.42698e-15
446.106 -0.00218704 0.00281952
446.734 1.81142e-16 2.2649e-15
447.363 -2.12919e-15 1.73113e-15
447.991 1.41112e-16 2.36801e-15
448.619 8.91812e-15 9.66585e-16
449.248 -0.00300994 0.00375702
449.876 2.466e-15 -1.07954e-15
450.504 3.79561e-15 1.5232e-15
451.133 7.83467e-17 1.5538e-15
451.761 1.12878e-15 1.06923e-15
452.389 -0.00353493 0.00427299
453.018 -1.13898e-15 -9.16631e-16
453.646 3.4381e-16 -1.23123e-15
454.274 -3.77355e-16 -3.99973e-15
454.903 -8.82746e-16 6.80282e-16
455.531 -0.00370995 0.00434379
456.159 5.63815e-16 3.94182e-15
456.788 -3.5814e-16 -1.06562e-15
457.416 -1.08586e-15 4.99029e-15
458.044 2.07374e-15 -5.30934e-15
458.673 -0.00351879 0.00399129
459.301 -8.07412e-16 -3.05833e-16
459.929 -1.00629e-15 -6.26262e-17
460.557 -3.30651e-15 -4.25347e-16
461.186 3.22853e-15 -6.44368e-16
461.814 -0.00298259 0.00327783
462.442 2.01394e-15 7.06551e-16
463.071 3.08241e-15 -7.83477e-17
463.699 4.81863e-15 8.13479e-16
464.327 -1.06484e-15 3.72153e-15
464.956 -0.00215744 0.00229744
465.584 8.99223e-16 -1.41421e-15
466.212 2.54636e-15 1.83942e-15
466.841 1.10695e-15 -9.07918e-16
467.469 1.25998e-15 -1.83246e-15
468.097 -0.00112831 0.00116433
468.726 -2.06885e-15 -5.28525e-15
469.354 -2.38362e-15 9.54637e-16
469.982 2.53739e-15 -4.59703e-16
470.611 -4.53926e-15 2.45142e-15
471.239 -8.69626e-08 8.69626e-08
471.867 -2.44503e-15 -1.11737e-15
472.496 2.59173e-15 3.65175e-15
473.124 -1.65968e-15 -6.4997e-16
473.752 -1.71502e-15 1.40194e-15
474.38 0.00111349 -0.00107904
475.009 3.35843e-16 2.59408e-15
475.637 4.1654e-16 -2.64257e-15
476.265 -5.6399e-16 -2.8769e-16
476.894 3.55661e-15 -5.65827e-16
477.522 0.00210159 -0.00197353
478.15 4.98398e-15 -1.41449e-15
478.779 6.26309e-16 2.00112e-15
479.407 3.61614e-17 1.41497e-15
480.035 -4.53125e-16 3.9932e-15
480.664 0.00286771 -0.00260942
481.292 -1.34722e-15 3.28251e-16
481.92 -3.10283e-15 -3.04737e-15
482.549 1.11824e-15 3.94809e-15
483.177 1.02448e-15 -1.03134e-15
483.805 0.00333932 -0.00294401
484.434 9.45306e-16 -1.62723e-15
485.062 2.95079e-15 1.31207e-15
485.69 -5.65331e-15 -1.8746e-15
486.319 -1.72519e-15 2.3555e-15
486.947 0.00347497 -0.0029679
487.575 -1.31326e-15 8.52859e-16
488.203 -1.53423e-15 2.16789e-16
488.832 1.65117e-15 -1.35098e-15
489.46 -2.22984e-15 3.55559e-16
490.088 0.00326796 -0.00270349
490.717 4.17913e-16 2.91249e-16
491.345 -1.58762e-15 -2.33758e-15
491.973 6.59699e-16 -7.95869e-16
492.602 1.71259e-16 -3.89561e-15
493.23 0.00274639 -0.00220028
493.858 -2.73676e-17 8.53955e-16
494.487 -6.4662e-16 1.18335e-16
495.115 -1.59605e-15 -3.58688e-15
495.743 5.85962e-16 -1.06948e-15
496.372 0.00196956 -0.00152775
497 -1.32972e-15 -1.17106e-15
497.628 1.48565e-15 -5.94365e-16
498.257 3.26444e-15 -1.79252e-15
498.885 -7.10008e-17 5.34581e-16
499.513 0.00102113 -0.000766689
500.142 -2.15324e-15 -3.43839e-15
500.77 -1.72328e-16 -3.45303e-15
501.398 5.18026e-16 -1.07918e-15
502.027 4.57255e-16 4.78386e-16
502.655 1.25e-08 -9.08178e-09
503.283 -1.55647e-15 -9.42237e-16
503.911 -3.0472e-15 -3.51593e-16
504.54 -6.83558e-16 1.31472e-15
505.168 2.15715e-15 1.01388e-15
505.796 -0.000990238 0.000695951
506.425 6.7399e-16 -6.02621e-16
507.053 -2.05027e-15 -2.5341e-15
507.681 -1.81585e-15 -3.41182e-16
508.31 1.11733e-15 -2.2884e-16
508.938 -0.00185216 0.00125873
509.566 1.62544e-15 7.37159e-16
510.195 1.41179e-15 6.36112e-16
510.823 4.34793e-16 -1.46817e-15
511.451 3.65827e-16 1.06371e-15
512.08 -0.00250428 0.001645
512.708 1.59224e-15 2.41878e-17
513.336 -8.67041e-16 -1.45898e-15
513.965 -1.78801e-15 -1.39043e-15
514.593 -1.59766e-15 -5.15956e-15
515.221 -0.00288897 0.0018334
515.85 1.69736e-15 -4.94656e-16
516.478 3.65527e-15 -3.83828e-15
517.106 2.60531e-16 3.12667e-15
517.734 8.78325e-16 -2.00858e-16
518.363 -0.00297772 0.00182475
518.991 -7.14122e-16 -2.57013e-16
519.619 1.49981e-15 -2.36692e-15
520.248 -8.66176e-16 -5.79988e-16
520.876 -3.86087e-15 3.39712e-16
521.504 -0.00277302 0.00163996
522.133 1.35409e-15 -4.16744e-16
522.761 5.93765e-16 5.73518e-16
523.389 3.31538e-16 8.81545e-16
524.018 7.95914e-16 1.47447e-15
524.646 -0.00230709 0.00131594
525.274 -1.77988e-15 -2.48665e-15
525.903 -1.17717e-15 -5.44182e-16
526.531 -1.48789e-15 -5.52295e-16
527.159 1.69411e-16 -3.54739e-16
527.788 -0.00163743 0.000900185
528.416 -4.74977e-16 1.98118e-15
529.044 -2.04667e-15 -1.34709e-15
529.673 -1.14091e-15 -1.05309e-15
530.301 -3.42481e-15 -8.22171e-16
530.929 -0.000839863 0.000444685
531.557 -2.29711e-15 -1.8902e-15
532.186 2.22758e-15 -5.55422e-16
532.814 -5.67726e-16 -1.88643e-15
533.442 -5.71599e-16 -3.7111e-16
534.071 6.03413e-08 -3.07454e-08
534.699 6.53099e-15 -5.10879e-16
535.327 1.02972e-15 1.13901e-15
535.956 -4.70084e-16 -1.34667e-15
536.584 -1.29611e-15 5.94217e-16
537.212 0.000796393 -0.000390149
537.841 2.75638e-15 6.76207e-17
538.469 3.94123e-16 -1.96829e-16
539.097 -7.64237e-16 -2.30479e-15
539.726 6.56152e-17 -5.67933e-16
540.354 0.00147179 -0.000692572
540.982 -1.82884e-15 -1.14188e-15
541.611 2.90552e-15 1.91663e-15
542.239 2.19147e-16 -7.97124e-16
542.867 -2.3059e-16 -5.49387e-18
543.496 0.00196522 -0.000887331
544.124 1.40254e-15 -1.15782e-15
544.752 3.68741e-15 -3.52686e-15
545.38 -2.8691e-15 -1.44974e-15
546.009 -1.14509e-15 2.09557e-15
546.637 0.0022376 -0.000968296
547.265 -3.09178e-16 -3.85833e-16
547.894 2.609e-15 -2.35814e-15
548.522 -3.76229e-16 4.24708e-15
549.15 -2.28657e-15 4.12908e-15
549.779 0.00227482 -0.000942262
550.407 1.50133e-15 -1.22681e-15
551.035 1.3513e-16 -2.23155e-15
551.664 -1.37021e-15 -3.99925e-16
552.292 -1.83576e-17 -8.11154e-16
552.92 0.00208796 -0.000826682
553.549 4.40169e-17 -8.04287e-17
554.177 -2.76355e-16 8.77012e-16
554.805 4.82529e-16 -2.1475e-16
555.434 -2.72621e-15 4.94427e-16
556.062 0.00171072 -0.000646429
556.69 -7.95899e-16 -8.71e-16
557.319 -2.94905e-16 -9.70162e-16
557.947 -1.47259e-15 -7.41401e-16
558.575 2.27125e-15 -4.81319e-16
559.203 0.00119458 -0.000430075
559.832 -1.82893e-15 1.54417e-15
560.46 -1.11538e-16 -1.59033e-16
561.088 3.24554e-15 2.99359e-16
561.717 1.01777e-15 8.90331e-16
562.345 0.00060218 -0.000206172
562.973 -3.60673e-16 3.671e-15
563.602 -3.20522e-15 -4.52284e-16
564.23 1.12614e-15 8.59857e-17
564.858 1.6571e-15 -7.49135e-16
565.487 -1.07095e-07 3.47973e-08
566.115 1.54155e-15 -2.05336e-15
566.743 -1.30125e-15 3.89451e-16
567.372 -6.65235e-16 -9.05479e-16
568 -2.47816e-16 -3.00121e-16
568.628 -0.000549665 0.000169099
569.257 -6.47969e-16 1.82962e-16
569.885 4.42749e-16 -5.27499e-16
570.513 2.01213e-15 1.56108e-17
571.142 -1.04715e-15 -1.40233e-15
571.77 -0.000994269 0.000288862
572.398 -1.4321e-15 2.16871e-15
573.027 -8.1289e-17 9.34724e-16
573.655 -6.75613e-17 -2.09796e-15
574.283 9.99566e-16 -1.83151e-15
574.911 -0.00129717 0.000354867
575.54 -1.86285e-15 -7.87304e-16
576.168 -3.54608e-16 -1.95262e-15
576.796 -9.26938e-16 1.10233e-15
577.425 8.92587e-16 9.93784e-16
578.053 -0.00144014 0.000369766
578.681 1.64297e-15 -7.47551e-16
579.31 1.5386e-15 -1.02237e-15
579.938 -5.71057e-16 -3.66578e-16
580.566 -3.62212e-16 1.10597e-15
581.195 -0.00142418 0.000341914
581.823 -1.21409e-15 -1.36804e-15
582.451 -2.16189e-15 -7.32322e-16
583.08 3.49979e-16 1.76398e-16
583.708 1.57648e-15 -2.09759e-16
584.336 -0.00126795 0.000283421
584.965 2.34585e-15 -8.53446e-16
585.593 6.06336e-16 -4.0802e-16
586.221 -2.95335e-17 -6.6984e-16
586.85 -3.61863e-16 -8.35375e-16
587.478 -0.00100431 0.000207982
588.106 9.19742e-16 1.50064e-15
588.734 2.01517e-17 4.45607e-16
589.363 -4.98528e-16 -2.05555e-16
589.991 -2.8982e-16 -1.33431e-15
590.619 -0.000675231 0.000128807
591.248 -2.71113e-15 -9.31724e-16
591.876 -2.05284e-15 -2.61294e-15
592.504 3.82733e-16 7.2588e-16
593.133 1.21304e-15 1.09854e-16
593.761 -0.000326105 5.69145e-05
594.389 1.68828e-15 5.16445e-16
595.018 8.68358e-16 1.19439e-15
595.646 -7.10656e-16 2.17e-16
596.274 4.25512e-18 -2.38452e-15
596.903 1.3479e-07 -2.13487e-08
597.531 -8.64277e-17 2.34501e-16
598.159 4.52129e-16 1.19979e-15
598.788 -6.88331e-16 5.4165e-16
599.416 1.3022e-17 5.43468e-16
600.044 0.000268147 -3.81629e-05
600.673 1.26754e-16 -1.38502e-15
601.301 8.25303e-16 3.60102e-16
601.929 -1.2461e-15 1.06679e-15
602.557 5.07293e-18 -5.39035e-16
603.186 0.000454056 -5.73607e-05
603.814 3.04488e-16 -2.23549e-16
604.442 7.42623e-16 -6.91034e-16
605.071 3.17044e-16 1.4881e-16
605.699 3.4873e-16 -8.66435e-16
606.327 0.000547623 -6.04581e-05
606.956 -7.05823e-16 1.73596e-16
607.584 2.45491e-18 3.05523e-16
608.212 -3.27125e-16 -6.97308e-16
608.841 8.22752e-16 -4.76307e-16
609.469 0.000552497 -5.22263e-05
610.097 6.49908e-16 -1.20727e-15
610.726 3.28569e-16 5.59658e-16
611.354 3.5261e-16 -6.92855e-16
611.982 -6.61057e-17 -1.06999e-15
612.611 0.000484614 -3.81399e-05
613.239 -9.50749e-18 5.82962e-16
613.867 4.90438e-16 -1.10186e-18
614.496 -4.08619e-16 2.79347e-16
615.124 1.05334e-15 7.60101e-16
615.752 0.00036901 -2.32162e-05
616.38 -1.78683e-15 -1.33739e-15
617.009 6.06184e-16 7.34873e-16
617.637 3.0115e-16 3.90798e-16
618.265 -3.49379e-16 -1.74819e-16
618.894 0.000235536 -1.11076e-05
619.522 9.77029e-16 6.45899e-16
620.15 -3.2167e-17 -8.11601e-16
620.779 -1.29305e-16 -8.91851e-17
621.407 1.25276e-16 -4.69782e-16
622.035 0.000114066 -3.58468e-06
622.664 -6.859e-16 -2.56199e-16
623.292 -4.99735e-16 -3.09584e-16
623.92 4.66321e-16 -3.07167e-17
624.549 -1.12785e-16 -4.51722e-16
625.177 2.9886e-05 -4.69487e-07
625.805 3.02145e-16 -1.78472e-15
626.434 -2.874e-16 8.34986e-17
627.062 -9.54086e-17 6.67813e-18
627.69 -1.75655e-17 5.19481e-16
