0.005 0.1
0.01 0.1
0.015 0.1
0.02 0.1
0.025 0.1
0.03 0.1
0.035 0.1
0.04 0.1
0.045 0.1
0.05 0.1
0.055 0.0999999
0.06 0.1
0.065 0.0999999
0.07 0.1
0.075 0.0999997
0.08 0.100001
0.085 0.0999986
0.09 0.100005
0.095 0.099964
0.1 0.0444444
0.105 -0.0110751
0.11 -0.0111157
0.115 -0.0111098
0.12 -0.0111117
0.125 -0.0111108
0.13 -0.0111113
0.135 -0.011111
0.14 -0.0111112
0.145 -0.0111111
0.15 -0.0111111
0.155 -0.0111111
0.16 -0.0111111
0.165 -0.0111111
0.17 -0.0111111
0.175 -0.0111111
0.18 -0.0111111
0.185 -0.0111111
0.19 -0.0111111
0.195 -0.0111111
0.2 -0.0111111
0.205 -0.0111111
0.21 -0.0111111
0.215 -0.0111111
0.22 -0.0111111
0.225 -0.0111111
0.23 -0.0111111
0.235 -0.0111111
0.24 -0.0111111
0.245 -0.0111111
0.25 -0.0111111
0.255 -0.0111111
0.26 -0.0111111
0.265 -0.0111111
0.27 -0.0111111
0.275 -0.0111111
0.28 -0.0111111
0.285 -0.0111111
0.29 -0.0111111
0.295 -0.0111111
0.3 -0.0111111
0.305 -0.0111111
0.31 -0.0111111
0.315 -0.0111111
0.32 -0.0111111
0.325 -0.0111111
0.33 -0.0111111
0.335 -0.0111111
0.34 -0.0111111
0.345 -0.0111111
0.35 -0.0111111
0.355 -0.0111111
0.36 -0.0111111
0.365 -0.0111111
0.37 -0.0111111
0.375 -0.0111111
0.38 -0.0111111
0.385 -0.0111111
0.39 -0.0111111
0.395 -0.0111111
0.4 -0.0111111
0.405 -0.0111111
0.41 -0.0111111
0.415 -0.0111111
0.42 -0.0111111
0.425 -0.0111111
0.43 -0.0111111
0.435 -0.0111111
0.44 -0.0111111
0.445 -0.0111111
0.45 -0.0111111
0.455 -0.0111111
0.46 -0.0111111
0.465 -0.0111111
0.47 -0.0111111
0.475 -0.0111111
0.48 -0.0111111
0.485 -0.0111111
0.49 -0.0111111
0.495 -0.0111111
0.5 -0.0111111
0.505 -0.0111111
0.51 -0.0111111
0.515 -0.0111111
0.52 -0.0111111
0.525 -0.0111111
0.53 -0.0111111
0.535 -0.0111111
0.54 -0.0111111
0.545 -0.0111111
0.55 -0.0111111
0.555 -0.0111111
0.56 -0.0111111
0.565 -0.0111111
0.57 -0.0111111
0.575 -0.0111111
0.58 -0.0111111
0.585 -0.0111111
0.59 -0.0111111
0.595 -0.0111111
0.6 -0.0111111
0.605 -0.0111111
0.61 -0.0111111
0.615 -0.0111111
0.62 -0.0111111
0.625 -0.0111111
0.63 -0.0111111
0.635 -0.0111111
0.64 -0.0111111
0.645 -0.0111111
0.65 -0.0111111
0.655 -0.0111111
0.66 -0.0111111
0.665 -0.0111111
0.67 -0.0111111
0.675 -0.0111111
0.68 -0.0111111
0.685 -0.0111111
0.69 -0.0111111
0.695 -0.0111111
0.7 -0.0111111
0.705 -0.0111111
0.71 -0.0111111
0.715 -0.0111111
0.72 -0.0111111
0.725 -0.0111111
0.73 -0.0111111
0.735 -0.0111111
0.74 -0.0111111
0.745 -0.0111111
0.75 -0.0111111
0.755 -0.0111111
0.76 -0.0111111
0.765 -0.0111111
0.77 -0.0111111
0.775 -0.0111111
0.78 -0.0111111
0.785 -0.0111111
0.79 -0.0111111
0.795 -0.0111111
0.8 -0.0111111
0.805 -0.0111111
0.81 -0.0111111
0.815 -0.0111111
0.82 -0.0111111
0.825 -0.0111111
0.83 -0.0111111
0.835 -0.0111111
0.84 -0.0111111
0.845 -0.0111111
0.85 -0.0111111
0.855 -0.0111111
0.86 -0.0111111
0.865 -0.0111111
0.87 -0.0111111
0.875 -0.0111111
0.88 -0.0111111
0.885 -0.0111111
0.89 -0.0111111
0.895 -0.0111111
0.9 -0.0111111
0.905 -0.0111111
0.91 -0.0111111
0.915 -0.0111111
0.92 -0.0111111
0.925 -0.0111111
0.93 -0.0111111
0.935 -0.0111111
0.94 -0.0111111
0.945 -0.0111111
0.95 -0.0111111
0.955 -0.0111111
0.96 -0.0111111
0.965 -0.0111111
0.97 -0.0111111
0.975 -0.0111111
0.98 -0.0111111
0.985 -0.0111111
0.99 -0.0111111
0.995 -0.0111111
1 -0.0111111
1.005 -0.0111111
1.01 -0.0111111
1.015 -0.0111111
1.02 -0.0111111
1.025 -0.0111111
1.03 -0.0111111
1.035 -0.0111111
1.04 -0.0111111
1.045 -0.0111111
1.05 -0.0111111
1.055 -0.0111111
1.06 -0.0111111
1.065 -0.0111111
1.07 -0.0111111
1.075 -0.0111111
1.08 -0.0111111
1.085 -0.0111111
1.09 -0.0111111
1.095 -0.0111111
1.1 -0.0111111
1.105 -0.0111111
1.11 -0.0111111
1.115 -0.0111111
1.12 -0.0111111
1.125 -0.0111111
1.13 -0.0111111
1.135 -0.0111111
1.14 -0.0111111
1.145 -0.0111111
1.15 -0.0111111
1.155 -0.0111111
1.16 -0.0111111
1.165 -0.0111111
1.17 -0.0111111
1.175 -0.0111111
1.18 -0.0111111
1.185 -0.0111111
1.19 -0.0111111
1.195 -0.0111111
1.2 -0.0111111
1.205 -0.0111111
1.21 -0.0111111
1.215 -0.0111111
1.22 -0.0111111
1.225 -0.0111111
1.23 -0.0111111
1.235 -0.0111111
1.24 -0.0111111
1.245 -0.0111111
1.25 -0.0111111
1.255 -0.0111111
1.26 -0.0111111
1.265 -0.0111111
1.27 -0.0111111
1.275 -0.0111111
1.28 -0.0111111
1.285 -0.0111111
1.29 -0.0111111
1.295 -0.0111111
1.3 -0.0111111
1.305 -0.0111111
1.31 -0.0111111
1.315 -0.0111111
1.32 -0.0111111
1.325 -0.0111111
1.33 -0.0111111
1.335 -0.0111111
1.34 -0.0111111
1.345 -0.0111111
1.35 -0.0111111
1.355 -0.0111111
1.36 -0.0111111
1.365 -0.0111111
1.37 -0.0111111
1.375 -0.0111111
1.38 -0.0111111
1.385 -0.0111111
1.39 -0.0111111
1.395 -0.0111111
1.4 -0.0111111
1.405 -0.0111111
1.41 -0.0111111
1.415 -0.0111111
1.42 -0.0111111
1.425 -0.0111111
1.43 -0.0111111
1.435 -0.0111111
1.44 -0.0111111
1.445 -0.0111111
1.45 -0.0111111
1.455 -0.0111111
1.46 -0.0111111
1.465 -0.0111111
1.47 -0.0111111
1.475 -0.0111111
1.48 -0.0111111
1.485 -0.0111111
1.49 -0.0111111
1.495 -0.0111111
1.5 -0.0111111
1.505 -0.0111111
1.51 -0.0111111
1.515 -0.0111111
1.52 -0.0111111
1.525 -0.0111111
1.53 -0.0111111
1.535 -0.0111111
1.54 -0.0111111
1.545 -0.0111111
1.55 -0.0111111
1.555 -0.0111111
1.56 -0.0111111
1.565 -0.0111111
1.57 -0.0111111
1.575 -0.0111111
1.58 -0.0111111
1.585 -0.0111111
1.59 -0.0111111
1.595 -0.0111111
1.6 -0.0111111
1.605 -0.0111111
1.61 -0.0111111
1.615 -0.0111111
1.62 -0.0111111
1.625 -0.0111111
1.63 -0.0111111
1.635 -0.0111111
1.64 -0.0111111
1.645 -0.0111111
1.65 -0.0111111
1.655 -0.0111111
1.66 -0.0111111
1.665 -0.0111111
1.67 -0.0111111
1.675 -0.0111111
1.68 -0.0111111
1.685 -0.0111111
1.69 -0.0111111
1.695 -0.0111111
1.7 -0.0111111
1.705 -0.0111111
1.71 -0.0111111
1.715 -0.0111111
1.72 -0.0111111
1.725 -0.0111111
1.73 -0.0111111
1.735 -0.0111111
1.74 -0.0111111
1.745 -0.0111111
1.75 -0.0111111
1.755 -0.0111111
1.76 -0.0111111
1.765 -0.0111111
1.77 -0.0111111
1.775 -0.0111111
1.78 -0.0111111
1.785 -0.0111111
1.79 -0.0111111
1.795 -0.0111111
1.8 -0.0111111
1.805 -0.0111111
1.81 -0.0111111
1.815 -0.0111111
1.82 -0.0111111
1.825 -0.0111111
1.83 -0.0111111
1.835 -0.0111111
1.84 -0.0111111
1.845 -0.0111111
1.85 -0.0111111
1.855 -0.0111111
1.86 -0.0111112
1.865 -0.011111
1.87 -0.0111113
1.875 -0.0111108
1.88 -0.0111117
1.885 -0.0111098
1.89 -0.0111157
1.895 -0.0110751
1.9 0.0444444
1.905 0.099964
1.91 0.100005
1.915 0.0999986
1.92 0.100001
1.925 0.0999997
1.93 0.1
1.935 0.0999999
1.94 0.1
1.945 0.0999999
1.95 0.1
1.955 0.1
1.96 0.1
1.965 0.1
1.97 0.1
1.975 0.1
1.98 0.1
1.985 0.1
1.99 0.1
1.995 0.1
2 0.1
2.005 0.1
2.01 0.1
2.015 0.1
2.02 0.1
2.025 0.1
2.03 0.1
2.035 0.1
2.04 0.1
2.045 0.1
2.05 0.1
2.055 0.0999999
2.06 0.1
2.065 0.0999999
2.07 0.1
2.075 0.0999997
2.08 0.100001
2.085 0.0999986
2.09 0.100005
2.095 0.099964
2.1 0.0444444
2.105 -0.0110751
2.11 -0.0111157
2.115 -0.0111098
2.12 -0.0111117
2.125 -0.0111108
2.13 -0.0111113
2.135 -0.011111
2.14 -0.0111112
2.145 -0.0111111
2.15 -0.0111111
2.155 -0.0111111
2.16 -0.0111111
2.165 -0.0111111
2.17 -0.0111111
2.175 -0.0111111
2.18 -0.0111111
2.185 -0.0111111
2.19 -0.0111111
2.195 -0.0111111
2.2 -0.0111111
2.205 -0.0111111
2.21 -0.0111111
2.215 -0.0111111
2.22 -0.0111111
2.225 -0.0111111
2.23 -0.0111111
2.235 -0.0111111
2.24 -0.0111111
2.245 -0.0111111
2.25 -0.0111111
2.255 -0.0111111
2.26 -0.0111111
2.265 -0.0111111
2.27 -0.0111111
2.275 -0.0111111
2.28 -0.0111111
2.285 -0.0111111
2.29 -0.0111111
2.295 -0.0111111
2.3 -0.0111111
2.305 -0.0111111
2.31 -0.0111111
2.315 -0.0111111
2.32 -0.0111111
2.325 -0.0111111
2.33 -0.0111111
2.335 -0.0111111
2.34 -0.0111111
2.345 -0.0111111
2.35 -0.0111111
2.355 -0.0111111
2.36 -0.0111111
2.365 -0.0111111
2.37 -0.0111111
2.375 -0.0111111
2.38 -0.0111111
2.385 -0.0111111
2.39 -0.0111111
2.395 -0.0111111
2.4 -0.0111111
2.405 -0.0111111
2.41 -0.0111111
2.415 -0.0111111
2.42 -0.0111111
2.425 -0.0111111
2.43 -0.0111111
2.435 -0.0111111
2.44 -0.0111111
2.445 -0.0111111
2.45 -0.0111111
2.455 -0.0111111
2.46 -0.0111111
2.465 -0.0111111
2.47 -0.0111111
2.475 -0.0111111
2.48 -0.0111111
2.485 -0.0111111
2.49 -0.0111111
2.495 -0.0111111
2.5 -0.0111111
2.505 -0.0111111
2.51 -0.0111111
2.515 -0.0111111
2.52 -0.0111111
2.525 -0.0111111
2.53 -0.0111111
2.535 -0.0111111
2.54 -0.0111111
2.545 -0.0111111
2.55 -0.0111111
2.555 -0.0111111
2.56 -0.0111111
2.565 -0.0111111
2.57 -0.0111111
2.575 -0.0111111
2.58 -0.0111111
2.585 -0.0111111
2.59 -0.0111111
2.595 -0.0111111
2.6 -0.0111111
2.605 -0.0111111
2.61 -0.0111111
2.615 -0.0111111
2.62 -0.0111111
2.625 -0.0111111
2.63 -0.0111111
2.635 -0.0111111
2.64 -0.0111111
2.645 -0.0111111
2.65 -0.0111111
2.655 -0.0111111
2.66 -0.0111111
2.665 -0.0111111
2.67 -0.0111111
2.675 -0.0111111
2.68 -0.0111111
2.685 -0.0111111
2.69 -0.0111111
2.695 -0.0111111
2.7 -0.0111111
2.705 -0.0111111
2.71 -0.0111111
2.715 -0.0111111
2.72 -0.0111111
2.725 -0.0111111
2.73 -0.0111111
2.735 -0.0111111
2.74 -0.0111111
2.745 -0.0111111
2.75 -0.0111111
2.755 -0.0111111
2.76 -0.0111111
2.765 -0.0111111
2.77 -0.0111111
2.775 -0.0111111
2.78 -0.0111111
2.785 -0.0111111
2.79 -0.0111111
2.795 -0.0111111
2.8 -0.0111111
2.805 -0.0111111
2.81 -0.0111111
2.815 -0.0111111
2.82 -0.0111111
2.825 -0.0111111
2.83 -0.0111111
2.835 -0.0111111
2.84 -0.0111111
2.845 -0.0111111
2.85 -0.0111111
2.855 -0.0111111
2.86 -0.0111111
2.865 -0.0111111
2.87 -0.0111111
2.875 -0.0111111
2.88 -0.0111111
2.885 -0.0111111
2.89 -0.0111111
2.895 -0.0111111
2.9 -0.0111111
2.905 -0.0111111
2.91 -0.0111111
2.915 -0.0111111
2.92 -0.0111111
2.925 -0.0111111
2.93 -0.0111111
2.935 -0.0111111
2.94 -0.0111111
2.945 -0.0111111
2.95 -0.0111111
2.955 -0.0111111
2.96 -0.0111111
2.965 -0.0111111
2.97 -0.0111111
2.975 -0.0111111
2.98 -0.0111111
2.985 -0.0111111
2.99 -0.0111111
2.995 -0.0111111
3 -0.0111111
3.005 -0.0111111
3.01 -0.0111111
3.015 -0.0111111
3.02 -0.0111111
3.025 -0.0111111
3.03 -0.0111111
3.035 -0.0111111
3.04 -0.0111111
3.045 -0.0111111
3.05 -0.0111111
3.055 -0.0111111
3.06 -0.0111111
3.065 -0.0111111
3.07 -0.0111111
3.075 -0.0111111
3.08 -0.0111111
3.085 -0.0111111
3.09 -0.0111111
3.095 -0.0111111
3.1 -0.0111111
3.105 -0.0111111
3.11 -0.0111111
3.115 -0.0111111
3.12 -0.0111111
3.125 -0.0111111
3.13 -0.0111111
3.135 -0.0111111
3.14 -0.0111111
3.145 -0.0111111
3.15 -0.0111111
3.155 -0.0111111
3.16 -0.0111111
3.165 -0.0111111
3.17 -0.0111111
3.175 -0.0111111
3.18 -0.0111111
3.185 -0.0111111
3.19 -0.0111111
3.195 -0.0111111
3.2 -0.0111111
3.205 -0.0111111
3.21 -0.0111111
3.215 -0.0111111
3.22 -0.0111111
3.225 -0.0111111
3.23 -0.0111111
3.235 -0.0111111
3.24 -0.0111111
3.245 -0.0111111
3.25 -0.0111111
3.255 -0.0111111
3.26 -0.0111111
3.265 -0.0111111
3.27 -0.0111111
3.275 -0.0111111
3.28 -0.0111111
3.285 -0.0111111
3.29 -0.0111111
3.295 -0.0111111
3.3 -0.0111111
3.305 -0.0111111
3.31 -0.0111111
3.315 -0.0111111
3.32 -0.0111111
3.325 -0.0111111
3.33 -0.0111111
3.335 -0.0111111
3.34 -0.0111111
3.345 -0.0111111
3.35 -0.0111111
3.355 -0.0111111
3.36 -0.0111111
3.365 -0.0111111
3.37 -0.0111111
3.375 -0.0111111
3.38 -0.0111111
3.385 -0.0111111
3.39 -0.0111111
3.395 -0.0111111
3.4 -0.0111111
3.405 -0.0111111
3.41 -0.0111111
3.415 -0.0111111
3.42 -0.0111111
3.425 -0.0111111
3.43 -0.0111111
3.435 -0.0111111
3.44 -0.0111111
3.445 -0.0111111
3.45 -0.0111111
3.455 -0.0111111
3.46 -0.0111111
3.465 -0.0111111
3.47 -0.0111111
3.475 -0.0111111
3.48 -0.0111111
3.485 -0.0111111
3.49 -0.0111111
3.495 -0.0111111
3.5 -0.0111111
3.505 -0.0111111
3.51 -0.0111111
3.515 -0.0111111
3.52 -0.0111111
3.525 -0.0111111
3.53 -0.0111111
3.535 -0.0111111
3.54 -0.0111111
3.545 -0.0111111
3.55 -0.0111111
3.555 -0.0111111
3.56 -0.0111111
3.565 -0.0111111
3.57 -0.0111111
3.575 -0.0111111
3.58 -0.0111111
3.585 -0.0111111
3.59 -0.0111111
3.595 -0.0111111
3.6 -0.0111111
3.605 -0.0111111
3.61 -0.0111111
3.615 -0.0111111
3.62 -0.0111111
3.625 -0.0111111
3.63 -0.0111111
3.635 -0.0111111
3.64 -0.0111111
3.645 -0.0111111
3.65 -0.0111111
3.655 -0.0111111
3.66 -0.0111111
3.665 -0.0111111
3.67 -0.0111111
3.675 -0.0111111
3.68 -0.0111111
3.685 -0.0111111
3.69 -0.0111111
3.695 -0.0111111
3.7 -0.0111111
3.705 -0.0111111
3.71 -0.0111111
3.715 -0.0111111
3.72 -0.0111111
3.725 -0.0111111
3.73 -0.0111111
3.735 -0.0111111
3.74 -0.0111111
3.745 -0.0111111
3.75 -0.0111111
3.755 -0.0111111
3.76 -0.0111111
3.765 -0.0111111
3.77 -0.0111111
3.775 -0.0111111
3.78 -0.0111111
3.785 -0.0111111
3.79 -0.0111111
3.795 -0.0111111
3.8 -0.0111111
3.805 -0.0111111
3.81 -0.0111111
3.815 -0.0111111
3.82 -0.0111111
3.825 -0.0111111
3.83 -0.0111111
3.835 -0.0111111
3.84 -0.0111111
3.845 -0.0111111
3.85 -0.0111111
3.855 -0.0111111
3.86 -0.0111112
3.865 -0.011111
3.87 -0.0111113
3.875 -0.0111108
3.88 -0.0111117
3.885 -0.0111098
3.89 -0.0111157
3.895 -0.0110751
3.9 0.0444444
3.905 0.099964
3.91 0.100005
3.915 0.0999986
3.92 0.100001
3.925 0.0999997
3.93 0.1
3.935 0.0999999
3.94 0.1
3.945 0.0999999
3.95 0.1
3.955 0.1
3.96 0.1
3.965 0.1
3.97 0.1
3.975 0.1
3.98 0.1
3.985 0.1
3.99 0.1
3.995 0.1
4 0.1
4.005 0.1
4.01 0.1
4.015 0.1
4.02 0.1
4.025 0.1
4.03 0.1
4.035 0.1
4.04 0.1
4.045 0.1
4.05 0.1
4.055 0.0999999
4.06 0.1
4.065 0.0999999
4.07 0.1
4.075 0.0999997
4.08 0.100001
4.085 0.0999986
4.09 0.100005
4.095 0.099964
4.1 0.0444444
4.105 -0.0110751
4.11 -0.0111157
4.115 -0.0111098
4.12 -0.0111117
4.125 -0.0111108
4.13 -0.0111113
4.135 -0.011111
4.14 -0.0111112
4.145 -0.0111111
4.15 -0.0111111
4.155 -0.0111111
4.16 -0.0111111
4.165 -0.0111111
4.17 -0.0111111
4.175 -0.0111111
4.18 -0.0111111
4.185 -0.0111111
4.19 -0.0111111
4.195 -0.0111111
4.2 -0.0111111
4.205 -0.0111111
4.21 -0.0111111
4.215 -0.0111111
4.22 -0.0111111
4.225 -0.0111111
4.23 -0.0111111
4.235 -0.0111111
4.24 -0.0111111
4.245 -0.0111111
4.25 -0.0111111
4.255 -0.0111111
4.26 -0.0111111
4.265 -0.0111111
4.27 -0.0111111
4.275 -0.0111111
4.28 -0.0111111
4.285 -0.0111111
4.29 -0.0111111
4.295 -0.0111111
4.3 -0.0111111
4.305 -0.0111111
4.31 -0.0111111
4.315 -0.0111111
4.32 -0.0111111
4.325 -0.0111111
4.33 -0.0111111
4.335 -0.0111111
4.34 -0.0111111
4.345 -0.0111111
4.35 -0.0111111
4.355 -0.0111111
4.36 -0.0111111
4.365 -0.0111111
4.37 -0.0111111
4.375 -0.0111111
4.38 -0.0111111
4.385 -0.0111111
4.39 -0.0111111
4.395 -0.0111111
4.4 -0.0111111
4.405 -0.0111111
4.41 -0.0111111
4.415 -0.0111111
4.42 -0.0111111
4.425 -0.0111111
4.43 -0.0111111
4.435 -0.0111111
4.44 -0.0111111
4.445 -0.0111111
4.45 -0.0111111
4.455 -0.0111111
4.46 -0.0111111
4.465 -0.0111111
4.47 -0.0111111
4.475 -0.0111111
4.48 -0.0111111
4.485 -0.0111111
4.49 -0.0111111
4.495 -0.0111111
4.5 -0.0111111
4.505 -0.0111111
4.51 -0.0111111
4.515 -0.0111111
4.52 -0.0111111
4.525 -0.0111111
4.53 -0.0111111
4.535 -0.0111111
4.54 -0.0111111
4.545 -0.0111111
4.55 -0.0111111
4.555 -0.0111111
4.56 -0.0111111
4.565 -0.0111111
4.57 -0.0111111
4.575 -0.0111111
4.58 -0.0111111
4.585 -0.0111111
4.59 -0.0111111
4.595 -0.0111111
4.6 -0.0111111
4.605 -0.0111111
4.61 -0.0111111
4.615 -0.0111111
4.62 -0.0111111
4.625 -0.0111111
4.63 -0.0111111
4.635 -0.0111111
4.64 -0.0111111
4.645 -0.0111111
4.65 -0.0111111
4.655 -0.0111111
4.66 -0.0111111
4.665 -0.0111111
4.67 -0.0111111
4.675 -0.0111111
4.68 -0.0111111
4.685 -0.0111111
4.69 -0.0111111
4.695 -0.0111111
4.7 -0.0111111
4.705 -0.0111111
4.71 -0.0111111
4.715 -0.0111111
4.72 -0.0111111
4.725 -0.0111111
4.73 -0.0111111
4.735 -0.0111111
4.74 -0.0111111
4.745 -0.0111111
4.75 -0.0111111
4.755 -0.0111111
4.76 -0.0111111
4.765 -0.0111111
4.77 -0.0111111
4.775 -0.0111111
4.78 -0.0111111
4.785 -0.0111111
4.79 -0.0111111
4.795 -0.0111111
4.8 -0.0111111
4.805 -0.0111111
4.81 -0.0111111
4.815 -0.0111111
4.82 -0.0111111
4.825 -0.0111111
4.83 -0.0111111
4.835 -0.0111111
4.84 -0.0111111
4.845 -0.0111111
4.85 -0.0111111
4.855 -0.0111111
4.86 -0.0111111
4.865 -0.0111111
4.87 -0.0111111
4.875 -0.0111111
4.88 -0.0111111
4.885 -0.0111111
4.89 -0.0111111
4.895 -0.0111111
4.9 -0.0111111
4.905 -0.0111111
4.91 -0.0111111
4.915 -0.0111111
4.92 -0.0111111
4.925 -0.0111111
4.93 -0.0111111
4.935 -0.0111111
4.94 -0.0111111
4.945 -0.0111111
4.95 -0.0111111
4.955 -0.0111111
4.96 -0.0111111
4.965 -0.0111111
4.97 -0.0111111
4.975 -0.0111111
4.98 -0.0111111
4.985 -0.0111111
4.99 -0.0111111
4.995 -0.0111111
5 -0.0111111
5.005 -0.0111111
5.01 -0.0111111
5.015 -0.0111111
5.02 -0.0111111
5.025 -0.0111111
5.03 -0.0111111
5.035 -0.0111111
5.04 -0.0111111
5.045 -0.0111111
5.05 -0.0111111
5.055 -0.0111111
5.06 -0.0111111
5.065 -0.0111111
5.07 -0.0111111
5.075 -0.0111111
5.08 -0.0111111
5.085 -0.0111111
5.09 -0.0111111
5.095 -0.0111111
5.1 -0.0111111
5.105 -0.0111111
5.11 -0.0111111
5.115 -0.0111111
5.12 -0.0111111
5.125 -0.0111111
5.13 -0.0111111
5.135 -0.0111111
5.14 -0.0111111
5.145 -0.0111111
5.15 -0.0111111
5.155 -0.0111111
5.16 -0.0111111
5.165 -0.0111111
5.17 -0.0111111
5.175 -0.0111111
5.18 -0.0111111
5.185 -0.0111111
5.19 -0.0111111
5.195 -0.0111111
5.2 -0.0111111
5.205 -0.0111111
5.21 -0.0111111
5.215 -0.0111111
5.22 -0.0111111
5.225 -0.0111111
5.23 -0.0111111
5.235 -0.0111111
5.24 -0.0111111
5.245 -0.0111111
5.25 -0.0111111
5.255 -0.0111111
5.26 -0.0111111
5.265 -0.0111111
5.27 -0.0111111
5.275 -0.0111111
5.28 -0.0111111
5.285 -0.0111111
5.29 -0.0111111
5.295 -0.0111111
5.3 -0.0111111
5.305 -0.0111111
5.31 -0.0111111
5.315 -0.0111111
5.32 -0.0111111
5.325 -0.0111111
5.33 -0.0111111
5.335 -0.0111111
5.34 -0.0111111
5.345 -0.0111111
5.35 -0.0111111
5.355 -0.0111111
5.36 -0.0111111
5.365 -0.0111111
5.37 -0.0111111
5.375 -0.0111111
5.38 -0.0111111
5.385 -0.0111111
5.39 -0.0111111
5.395 -0.0111111
5.4 -0.0111111
5.405 -0.0111111
5.41 -0.0111111
5.415 -0.0111111
5.42 -0.0111111
5.425 -0.0111111
5.43 -0.0111111
5.435 -0.0111111
5.44 -0.0111111
5.445 -0.0111111
5.45 -0.0111111
5.455 -0.0111111
5.46 -0.0111111
5.465 -0.0111111
5.47 -0.0111111
5.475 -0.0111111
5.48 -0.0111111
5.485 -0.0111111
5.49 -0.0111111
5.495 -0.0111111
5.5 -0.0111111
5.505 -0.0111111
5.51 -0.0111111
5.515 -0.0111111
5.52 -0.0111111
5.525 -0.0111111
5.53 -0.0111111
5.535 -0.0111111
5.54 -0.0111111
5.545 -0.0111111
5.55 -0.0111111
5.555 -0.0111111
5.56 -0.0111111
5.565 -0.0111111
5.57 -0.0111111
5.575 -0.0111111
5.58 -0.0111111
5.585 -0.0111111
5.59 -0.0111111
5.595 -0.0111111
5.6 -0.0111111
5.605 -0.0111111
5.61 -0.0111111
5.615 -0.0111111
5.62 -0.0111111
5.625 -0.0111111
5.63 -0.0111111
5.635 -0.0111111
5.64 -0.0111111
5.645 -0.0111111
5.65 -0.0111111
5.655 -0.0111111
5.66 -0.0111111
5.665 -0.0111111
5.67 -0.0111111
5.675 -0.0111111
5.68 -0.0111111
5.685 -0.0111111
5.69 -0.0111111
5.695 -0.0111111
5.7 -0.0111111
5.705 -0.0111111
5.71 -0.0111111
5.715 -0.0111111
5.72 -0.0111111
5.725 -0.0111111
5.73 -0.0111111
5.735 -0.0111111
5.74 -0.0111111
5.745 -0.0111111
5.75 -0.0111111
5.755 -0.0111111
5.76 -0.0111111
5.765 -0.0111111
5.77 -0.0111111
5.775 -0.0111111
5.78 -0.0111111
5.785 -0.0111111
5.79 -0.0111111
5.795 -0.0111111
5.8 -0.0111111
5.805 -0.0111111
5.81 -0.0111111
5.815 -0.0111111
5.82 -0.0111111
5.825 -0.0111111
5.83 -0.0111111
5.835 -0.0111111
5.84 -0.0111111
5.845 -0.0111111
5.85 -0.0111111
5.855 -0.0111111
5.86 -0.0111112
5.865 -0.011111
5.87 -0.0111113
5.875 -0.0111108
5.88 -0.0111117
5.885 -0.0111098
5.89 -0.0111157
5.895 -0.0110751
5.9 0.0444444
5.905 0.099964
5.91 0.100005
5.915 0.0999986
5.92 0.100001
5.925 0.0999997
5.93 0.1
5.935 0.0999999
5.94 0.1
5.945 0.0999999
5.95 0.1
5.955 0.1
5.96 0.1
5.965 0.1
5.97 0.1
5.975 0.1
5.98 0.1
5.985 0.1
5.99 0.1
5.995 0.1
6 0.1
6.005 0.1
6.01 0.1
6.015 0.1
6.02 0.1
6.025 0.1
6.03 0.1
6.035 0.1
6.04 0.1
6.045 0.1
6.05 0.1
6.055 0.0999999
6.06 0.1
6.065 0.0999999
6.07 0.1
6.075 0.0999997
6.08 0.100001
6.085 0.0999986
6.09 0.100005
6.095 0.099964
6.1 0.0444444
6.105 -0.0110751
6.11 -0.0111157
6.115 -0.0111098
6.12 -0.0111117
6.125 -0.0111108
6.13 -0.0111113
6.135 -0.011111
6.14 -0.0111112
6.145 -0.0111111
6.15 -0.0111111
6.155 -0.0111111
6.16 -0.0111111
6.165 -0.0111111
6.17 -0.0111111
6.175 -0.0111111
6.18 -0.0111111
6.185 -0.0111111
6.19 -0.0111111
6.195 -0.0111111
6.2 -0.0111111
6.205 -0.0111111
6.21 -0.0111111
6.215 -0.0111111
6.22 -0.0111111
6.225 -0.0111111
6.23 -0.0111111
6.235 -0.0111111
6.24 -0.0111111
6.245 -0.0111111
6.25 -0.0111111
6.255 -0.0111111
6.26 -0.0111111
6.265 -0.0111111
6.27 -0.0111111
6.275 -0.0111111
6.28 -0.0111111
6.285 -0.0111111
6.29 -0.0111111
6.295 -0.0111111
6.3 -0.0111111
6.305 -0.0111111
6.31 -0.0111111
6.315 -0.0111111
6.32 -0.0111111
6.325 -0.0111111
6.33 -0.0111111
6.335 -0.0111111
6.34 -0.0111111
6.345 -0.0111111
6.35 -0.0111111
6.355 -0.0111111
6.36 -0.0111111
6.365 -0.0111111
6.37 -0.0111111
6.375 -0.0111111
6.38 -0.0111111
6.385 -0.0111111
6.39 -0.0111111
6.395 -0.0111111
6.4 -0.0111111
6.405 -0.0111111
6.41 -0.0111111
6.415 -0.0111111
6.42 -0.0111111
6.425 -0.0111111
6.43 -0.0111111
6.435 -0.0111111
6.44 -0.0111111
6.445 -0.0111111
6.45 -0.0111111
6.455 -0.0111111
6.46 -0.0111111
6.465 -0.0111111
6.47 -0.0111111
6.475 -0.0111111
6.48 -0.0111111
6.485 -0.0111111
6.49 -0.0111111
6.495 -0.0111111
6.5 -0.0111111
6.505 -0.0111111
6.51 -0.0111111
6.515 -0.0111111
6.52 -0.0111111
6.525 -0.0111111
6.53 -0.0111111
6.535 -0.0111111
6.54 -0.0111111
6.545 -0.0111111
6.55 -0.0111111
6.555 -0.0111111
6.56 -0.0111111
6.565 -0.0111111
6.57 -0.0111111
6.575 -0.0111111
6.58 -0.0111111
6.585 -0.0111111
6.59 -0.0111111
6.595 -0.0111111
6.6 -0.0111111
6.605 -0.0111111
6.61 -0.0111111
6.615 -0.0111111
6.62 -0.0111111
6.625 -0.0111111
6.63 -0.0111111
6.635 -0.0111111
6.64 -0.0111111
6.645 -0.0111111
6.65 -0.0111111
6.655 -0.0111111
6.66 -0.0111111
6.665 -0.0111111
6.67 -0.0111111
6.675 -0.0111111
6.68 -0.0111111
6.685 -0.0111111
6.69 -0.0111111
6.695 -0.0111111
6.7 -0.0111111
6.705 -0.0111111
6.71 -0.0111111
6.715 -0.0111111
6.72 -0.0111111
6.725 -0.0111111
6.73 -0.0111111
6.735 -0.0111111
6.74 -0.0111111
6.745 -0.0111111
6.75 -0.0111111
6.755 -0.0111111
6.76 -0.0111111
6.765 -0.0111111
6.77 -0.0111111
6.775 -0.0111111
6.78 -0.0111111
6.785 -0.0111111
6.79 -0.0111111
6.795 -0.0111111
6.8 -0.0111111
6.805 -0.0111111
6.81 -0.0111111
6.815 -0.0111111
6.82 -0.0111111
6.825 -0.0111111
6.83 -0.0111111
6.835 -0.0111111
6.84 -0.0111111
6.845 -0.0111111
6.85 -0.0111111
6.855 -0.0111111
6.86 -0.0111111
6.865 -0.0111111
6.87 -0.0111111
6.875 -0.0111111
6.88 -0.0111111
6.885 -0.0111111
6.89 -0.0111111
6.895 -0.0111111
6.9 -0.0111111
6.905 -0.0111111
6.91 -0.0111111
6.915 -0.0111111
6.92 -0.0111111
6.925 -0.0111111
6.93 -0.0111111
6.935 -0.0111111
6.94 -0.0111111
6.945 -0.0111111
6.95 -0.0111111
6.955 -0.0111111
6.96 -0.0111111
6.965 -0.0111111
6.97 -0.0111111
6.975 -0.0111111
6.98 -0.0111111
6.985 -0.0111111
6.99 -0.0111111
6.995 -0.0111111
7 -0.0111111
7.005 -0.0111111
7.01 -0.0111111
7.015 -0.0111111
7.02 -0.0111111
7.025 -0.0111111
7.03 -0.0111111
7.035 -0.0111111
7.04 -0.0111111
7.045 -0.0111111
7.05 -0.0111111
7.055 -0.0111111
7.06 -0.0111111
7.065 -0.0111111
7.07 -0.0111111
7.075 -0.0111111
7.08 -0.0111111
7.085 -0.0111111
7.09 -0.0111111
7.095 -0.0111111
7.1 -0.0111111
7.105 -0.0111111
7.11 -0.0111111
7.115 -0.0111111
7.12 -0.0111111
7.125 -0.0111111
7.13 -0.0111111
7.135 -0.0111111
7.14 -0.0111111
7.145 -0.0111111
7.15 -0.0111111
7.155 -0.0111111
7.16 -0.0111111
7.165 -0.0111111
7.17 -0.0111111
7.175 -0.0111111
7.18 -0.0111111
7.185 -0.0111111
7.19 -0.0111111
7.195 -0.0111111
7.2 -0.0111111
7.205 -0.0111111
7.21 -0.0111111
7.215 -0.0111111
7.22 -0.0111111
7.225 -0.0111111
7.23 -0.0111111
7.235 -0.0111111
7.24 -0.0111111
7.245 -0.0111111
7.25 -0.0111111
7.255 -0.0111111
7.26 -0.0111111
7.265 -0.0111111
7.27 -0.0111111
7.275 -0.0111111
7.28 -0.0111111
7.285 -0.0111111
7.29 -0.0111111
7.295 -0.0111111
7.3 -0.0111111
7.305 -0.0111111
7.31 -0.0111111
7.315 -0.0111111
7.32 -0.0111111
7.325 -0.0111111
7.33 -0.0111111
7.335 -0.0111111
7.34 -0.0111111
7.345 -0.0111111
7.35 -0.0111111
7.355 -0.0111111
7.36 -0.0111111
7.365 -0.0111111
7.37 -0.0111111
7.375 -0.0111111
7.38 -0.0111111
7.385 -0.0111111
7.39 -0.0111111
7.395 -0.0111111
7.4 -0.0111111
7.405 -0.0111111
7.41 -0.0111111
7.415 -0.0111111
7.42 -0.0111111
7.425 -0.0111111
7.43 -0.0111111
7.435 -0.0111111
7.44 -0.0111111
7.445 -0.0111111
7.45 -0.0111111
7.455 -0.0111111
7.46 -0.0111111
7.465 -0.0111111
7.47 -0.0111111
7.475 -0.0111111
7.48 -0.0111111
7.485 -0.0111111
7.49 -0.0111111
7.495 -0.0111111
7.5 -0.0111111
7.505 -0.0111111
7.51 -0.0111111
7.515 -0.0111111
7.52 -0.0111111
7.525 -0.0111111
7.53 -0.0111111
7.535 -0.0111111
7.54 -0.0111111
7.545 -0.0111111
7.55 -0.0111111
7.555 -0.0111111
7.56 -0.0111111
7.565 -0.0111111
7.57 -0.0111111
7.575 -0.0111111
7.58 -0.0111111
7.585 -0.0111111
7.59 -0.0111111
7.595 -0.0111111
7.6 -0.0111111
7.605 -0.0111111
7.61 -0.0111111
7.615 -0.0111111
7.62 -0.0111111
7.625 -0.0111111
7.63 -0.0111111
7.635 -0.0111111
7.64 -0.0111111
7.645 -0.0111111
7.65 -0.0111111
7.655 -0.0111111
7.66 -0.0111111
7.665 -0.0111111
7.67 -0.0111111
7.675 -0.0111111
7.68 -0.0111111
7.685 -0.0111111
7.69 -0.0111111
7.695 -0.0111111
7.7 -0.0111111
7.705 -0.0111111
7.71 -0.0111111
7.715 -0.0111111
7.72 -0.0111111
7.725 -0.0111111
7.73 -0.0111111
7.735 -0.0111111
7.74 -0.0111111
7.745 -0.0111111
7.75 -0.0111111
7.755 -0.0111111
7.76 -0.0111111
7.765 -0.0111111
7.77 -0.0111111
7.775 -0.0111111
7.78 -0.0111111
7.785 -0.0111111
7.79 -0.0111111
7.795 -0.0111111
7.8 -0.0111111
7.805 -0.0111111
7.81 -0.0111111
7.815 -0.0111111
7.82 -0.0111111
7.825 -0.0111111
7.83 -0.0111111
7.835 -0.0111111
7.84 -0.0111111
7.845 -0.0111111
7.85 -0.0111111
7.855 -0.0111111
7.86 -0.0111112
7.865 -0.011111
7.87 -0.0111113
7.875 -0.0111108
7.88 -0.0111117
7.885 -0.0111098
7.89 -0.0111157
7.895 -0.0110751
7.9 0.0444444
7.905 0.099964
7.91 0.100005
7.915 0.0999986
7.92 0.100001
7.925 0.0999997
7.93 0.1
7.935 0.0999999
7.94 0.1
7.945 0.0999999
7.95 0.1
7.955 0.1
7.96 0.1
7.965 0.1
7.97 0.1
7.975 0.1
7.98 0.1
7.985 0.1
7.99 0.1
7.995 0.1
8 0.1
8.005 0.1
8.01 0.1
8.015 0.1
8.02 0.1
8.025 0.1
8.03 0.1
8.035 0.1
8.04 0.1
8.045 0.1
8.05 0.1
8.055 0.0999999
8.06 0.1
8.065 0.0999999
8.07 0.1
8.075 0.0999997
8.08 0.100001
8.085 0.0999986
8.09 0.100005
8.095 0.099964
8.1 0.0444444
8.105 -0.0110751
8.11 -0.0111157
8.115 -0.0111098
8.12 -0.0111117
8.125 -0.0111108
8.13 -0.0111113
8.135 -0.011111
8.14 -0.0111112
8.145 -0.0111111
8.15 -0.0111111
8.155 -0.0111111
8.16 -0.0111111
8.165 -0.0111111
8.17 -0.0111111
8.175 -0.0111111
8.18 -0.0111111
8.185 -0.0111111
8.19 -0.0111111
8.195 -0.0111111
8.2 -0.0111111
8.205 -0.0111111
8.21 -0.0111111
8.215 -0.0111111
8.22 -0.0111111
8.225 -0.0111111
8.23 -0.0111111
8.235 -0.0111111
8.24 -0.0111111
8.245 -0.0111111
8.25 -0.0111111
8.255 -0.0111111
8.26 -0.0111111
8.265 -0.0111111
8.27 -0.0111111
8.275 -0.0111111
8.28 -0.0111111
8.285 -0.0111111
8.29 -0.0111111
8.295 -0.0111111
8.3 -0.0111111
8.305 -0.0111111
8.31 -0.0111111
8.315 -0.0111111
8.32 -0.0111111
8.325 -0.0111111
8.33 -0.0111111
8.335 -0.0111111
8.34 -0.0111111
8.345 -0.0111111
8.35 -0.0111111
8.355 -0.0111111
8.36 -0.0111111
8.365 -0.0111111
8.37 -0.0111111
8.375 -0.0111111
8.38 -0.0111111
8.385 -0.0111111
8.39 -0.0111111
8.395 -0.0111111
8.4 -0.0111111
8.405 -0.0111111
8.41 -0.0111111
8.415 -0.0111111
8.42 -0.0111111
8.425 -0.0111111
8.43 -0.0111111
8.435 -0.0111111
8.44 -0.0111111
8.445 -0.0111111
8.45 -0.0111111
8.455 -0.0111111
8.46 -0.0111111
8.465 -0.0111111
8.47 -0.0111111
8.475 -0.0111111
8.48 -0.0111111
8.485 -0.0111111
8.49 -0.0111111
8.495 -0.0111111
8.5 -0.0111111
8.505 -0.0111111
8.51 -0.0111111
8.515 -0.0111111
8.52 -0.0111111
8.525 -0.0111111
8.53 -0.0111111
8.535 -0.0111111
8.54 -0.0111111
8.545 -0.0111111
8.55 -0.0111111
8.555 -0.0111111
8.56 -0.0111111
8.565 -0.0111111
8.57 -0.0111111
8.575 -0.0111111
8.58 -0.0111111
8.585 -0.0111111
8.59 -0.0111111
8.595 -0.0111111
8.6 -0.0111111
8.605 -0.0111111
8.61 -0.0111111
8.615 -0.0111111
8.62 -0.0111111
8.625 -0.0111111
8.63 -0.0111111
8.635 -0.0111111
8.64 -0.0111111
8.645 -0.0111111
8.65 -0.0111111
8.655 -0.0111111
8.66 -0.0111111
8.665 -0.0111111
8.67 -0.0111111
8.675 -0.0111111
8.68 -0.0111111
8.685 -0.0111111
8.69 -0.0111111
8.695 -0.0111111
8.7 -0.0111111
8.705 -0.0111111
8.71 -0.0111111
8.715 -0.0111111
8.72 -0.0111111
8.725 -0.0111111
8.73 -0.0111111
8.735 -0.0111111
8.74 -0.0111111
8.745 -0.0111111
8.75 -0.0111111
8.755 -0.0111111
8.76 -0.0111111
8.765 -0.0111111
8.77 -0.0111111
8.775 -0.0111111
8.78 -0.0111111
8.785 -0.0111111
8.79 -0.0111111
8.795 -0.0111111
8.8 -0.0111111
8.805 -0.0111111
8.81 -0.0111111
8.815 -0.0111111
8.82 -0.0111111
8.825 -0.0111111
8.83 -0.0111111
8.835 -0.0111111
8.84 -0.0111111
8.845 -0.0111111
8.85 -0.0111111
8.855 -0.0111111
8.86 -0.0111111
8.865 -0.0111111
8.87 -0.0111111
8.875 -0.0111111
8.88 -0.0111111
8.885 -0.0111111
8.89 -0.0111111
8.895 -0.0111111
8.9 -0.0111111
8.905 -0.0111111
8.91 -0.0111111
8.915 -0.0111111
8.92 -0.0111111
8.925 -0.0111111
8.93 -0.0111111
8.935 -0.0111111
8.94 -0.0111111
8.945 -0.0111111
8.95 -0.0111111
8.955 -0.0111111
8.96 -0.0111111
8.965 -0.0111111
8.97 -0.0111111
8.975 -0.0111111
8.98 -0.0111111
8.985 -0.0111111
8.99 -0.0111111
8.995 -0.0111111
9 -0.0111111
9.005 -0.0111111
9.01 -0.0111111
9.015 -0.0111111
9.02 -0.0111111
9.025 -0.0111111
9.03 -0.0111111
9.035 -0.0111111
9.04 -0.0111111
9.045 -0.0111111
9.05 -0.0111111
9.055 -0.0111111
9.06 -0.0111111
9.065 -0.0111111
9.07 -0.0111111
9.075 -0.0111111
9.08 -0.0111111
9.085 -0.0111111
9.09 -0.0111111
9.095 -0.0111111
9.1 -0.0111111
9.105 -0.0111111
9.11 -0.0111111
9.115 -0.0111111
9.12 -0.0111111
9.125 -0.0111111
9.13 -0.0111111
9.135 -0.0111111
9.14 -0.0111111
9.145 -0.0111111
9.15 -0.0111111
9.155 -0.0111111
9.16 -0.0111111
9.165 -0.0111111
9.17 -0.0111111
9.175 -0.0111111
9.18 -0.0111111
9.185 -0.0111111
9.19 -0.0111111
9.195 -0.0111111
9.2 -0.0111111
9.205 -0.0111111
9.21 -0.0111111
9.215 -0.0111111
9.22 -0.0111111
9.225 -0.0111111
9.23 -0.0111111
9.235 -0.0111111
9.24 -0.0111111
9.245 -0.0111111
9.25 -0.0111111
9.255 -0.0111111
9.26 -0.0111111
9.265 -0.0111111
9.27 -0.0111111
9.275 -0.0111111
9.28 -0.0111111
9.285 -0.0111111
9.29 -0.0111111
9.295 -0.0111111
9.3 -0.0111111
9.305 -0.0111111
9.31 -0.0111111
9.315 -0.0111111
9.32 -0.0111111
9.325 -0.0111111
9.33 -0.0111111
9.335 -0.0111111
9.34 -0.0111111
9.345 -0.0111111
9.35 -0.0111111
9.355 -0.0111111
9.36 -0.0111111
9.365 -0.0111111
9.37 -0.0111111
9.375 -0.0111111
9.38 -0.0111111
9.385 -0.0111111
9.39 -0.0111111
9.395 -0.0111111
9.4 -0.0111111
9.405 -0.0111111
9.41 -0.0111111
9.415 -0.0111111
9.42 -0.0111111
9.425 -0.0111111
9.43 -0.0111111
9.435 -0.0111111
9.44 -0.0111111
9.445 -0.0111111
9.45 -0.0111111
9.455 -0.0111111
9.46 -0.0111111
9.465 -0.0111111
9.47 -0.0111111
9.475 -0.0111111
9.48 -0.0111111
9.485 -0.0111111
9.49 -0.0111111
9.495 -0.0111111
9.5 -0.0111111
9.505 -0.0111111
9.51 -0.0111111
9.515 -0.0111111
9.52 -0.0111111
9.525 -0.0111111
9.53 -0.0111111
9.535 -0.0111111
9.54 -0.0111111
9.545 -0.0111111
9.55 -0.0111111
9.555 -0.0111111
9.56 -0.0111111
9.565 -0.0111111
9.57 -0.0111111
9.575 -0.0111111
9.58 -0.0111111
9.585 -0.0111111
9.59 -0.0111111
9.595 -0.0111111
9.6 -0.0111111
9.605 -0.0111111
9.61 -0.0111111
9.615 -0.0111111
9.62 -0.0111111
9.625 -0.0111111
9.63 -0.0111111
9.635 -0.0111111
9.64 -0.0111111
9.645 -0.0111111
9.65 -0.0111111
9.655 -0.0111111
9.66 -0.0111111
9.665 -0.0111111
9.67 -0.0111111
9.675 -0.0111111
9.68 -0.0111111
9.685 -0.0111111
9.69 -0.0111111
9.695 -0.0111111
9.7 -0.0111111
9.705 -0.0111111
9.71 -0.0111111
9.715 -0.0111111
9.72 -0.0111111
9.725 -0.0111111
9.73 -0.0111111
9.735 -0.0111111
9.74 -0.0111111
9.745 -0.0111111
9.75 -0.0111111
9.755 -0.0111111
9.76 -0.0111111
9.765 -0.0111111
9.77 -0.0111111
9.775 -0.0111111
9.78 -0.0111111
9.785 -0.0111111
9.79 -0.0111111
9.795 -0.0111111
9.8 -0.0111111
9.805 -0.0111111
9.81 -0.0111111
9.815 -0.0111111
9.82 -0.0111111
9.825 -0.0111111
9.83 -0.0111111
9.835 -0.0111111
9.84 -0.0111111
9.845 -0.0111111
9.85 -0.0111111
9.855 -0.0111111
9.86 -0.0111112
9.865 -0.011111
9.87 -0.0111113
9.875 -0.0111108
9.88 -0.0111117
9.885 -0.0111098
9.89 -0.0111157
9.895 -0.0110751
9.9 0.0444444
9.905 0.099964
9.91 0.100005
9.915 0.0999986
9.92 0.100001
9.925 0.0999997
9.93 0.1
9.935 0.0999999
9.94 0.1
9.945 0.0999999
9.95 0.1
9.955 0.1
9.96 0.1
9.965 0.1
9.97 0.1
9.975 0.1
9.98 0.1
9.985 0.1
9.99 0.1
9.995 0.1
10 0.1
