-1.59754
-0.0529172
0.665467
1.50524
1.95478
-1.2409
0.229164
1.85377
-0.346203
-0.261062
1.13252
-0.0493166
2.01405
1.20069
0.872804
-0.212765
-1.41918
-0.268671
-0.792476
0.0214892
-0.590396
-0.528591
0.0991349
1.1675
1.10416
-0.78371
-0.802625
1.3014
-0.50217
-0.837839
0.111257
1.43155
0.135228
-0.0124691
0.0895828
1.12308
1.00348
-0.577852
-0.858553
0.862367
-2.40409
-1.04963
0.54849
-1.52393
0.405203
0.114423
0.396647
0.188324
-1.33517
0.593783
-0.248755
-0.141379
0.397597
0.603549
-1.58743
0.759199
0.795771
-0.0414318
1.0171
1.02594
1.08346
1.6697
0.0690866
-0.948791
-1.35054
0.68364
-0.499529
-2.26638
1.17656
-0.785397
-1.15615
-0.29338
0.146221
-0.464548
0.418163
-0.131248
-0.00947756
-2.61757
0.0892456
0.251294
0.249456
-1.50587
-2.00799
0.549511
-0.500567
0.904378
-0.57354
0.473771
1.79489
-0.97023
1.24022
0.645334
-1.54521
0.239421
-2.63114
0.119291
-0.862887
-0.686312
1.23278
-0.84589
-0.642871
1.26268
-0.13636
0.387037
-0.65618
1.26527
0.929249
0.284792
0.0108763
-0.551292
-0.0343362
0.076488
-1.5107
2.37846
-1.02223
0.162487
-1.49897
0.192651
-0.502626
0.0156276
1.05351
-0.746835
-0.339757
-0.772238
-1.8115
-2.0904
-0.369352
-0.910815
0.672288
0.177251
0.683702
-0.329896
-1.0212
0.397889
-0.276883
0.252003
0.623595
0.743494
-0.58978
-0.757832
0.501954
-0.217868
-0.00452856
1.12253
-0.122718
0.192135
0.296248
-1.23328
1.11069
-0.404216
-0.0552501
0.33999
0.723674
1.00837
0.953851
0.501744
-0.2687
-0.252112
-0.798485
0.546023
-1.65046
-0.877518
-0.650371
1.3916
0.412718
0.256281
0.960535
-0.0648694
-1.27567
-0.754045
0.235162
0.783814
-0.261983
-0.190644
0.301328
0.650555
0.159161
1.01596
0.659229
0.182151
1.09538
-0.267577
-0.292527
-0.385486
0.809426
0.796269
-0.194973
-0.164517
0.64202
0.605899
-0.645467
-1.10413
1.65343
0.696086
-0.182092
0.782264
-0.772795
0.0318291
-1.5799
-1.5375
-0.240586
-1.27782
-0.0242217
-0.00412668
-0.587556
-0.302304
0.627741
0.3066
-0.106606
0.689095
0.639337
1.49017
-0.281355
-0.442958
0.99612
-0.234709
-0.68257
-1.53355
-0.57712
-1.41378
0.0547356
1.81049
-1.65273
1.46255
0.14393
-0.339458
0.0190538
0.341897
0.967797
1.55528
0.565514
0.797514
-1.02345
0.378366
1.53242
-0.713411
0.669469
-0.324519
-0.000990873
0.250248
0.355976
-0.897532
-0.332474
-0.846706
-1.04608
0.149971
1.00099
2.84249
-0.677752
0.0987316
1.22487
0.11101
-0.594215
-0.258839
1.76718
0.581358
-1.57335
-0.375847
-2.28128
-1.39847
1.04089
-1.12647
-2.35247
0.438456
-0.511599
-0.536671
-0.0520431
1.09963
-1.0985
-1.09562
0.310267
0.76315
-1.46127
-2.26024
0.506856
0.179902
-0.440636
1.05528
0.495221
0.557502
-1.08023
-0.194211
0.851694
0.118505
0.579754
-1.03105
-0.829213
-2.32693
-0.0849923
0.499667
-0.532019
0.400768
0.108699
1.30496
0.0658159
-0.457369
-0.796853
0.07166
-0.184631
-0.519018
1.35856
0.971798
0.765818
-0.355334
-0.43624
1.46838
0.906276
0.718719
-1.4436
-0.924029
-0.969134
3.19763
0.00447725
-1.57074
-0.0272362
0.780278
-1.10137
1.39103
-0.386258
-1.55069
-0.65627
1.72145
1.53192
-0.906949
0.0548106
-0.662039
-0.307017
-1.227
-1.64196
0.218253
0.673628
-1.77514
-0.798405
0.175788
0.728974
-0.525208
0.323342
-0.896731
0.408593
-1.26012
0.129721
1.16671
-2.32845
-0.564786
-0.766197
0.0160249
-0.0201038
1.42647
-0.266515
-0.213157
0.388001
1.68811
-0.50087
1.47415
0.591096
-0.111373
-0.0473604
-0.288226
1.5381
-0.911156
0.192925
-0.175673
-1.90229
-1.88605
0.353077
-0.458571
-0.544526
-1.46521
-0.248788
0.452113
-0.940185
-1.2239
-0.5251
-2.05048
-0.34362
0.699785
1.79811
-0.626052
-0.534623
-0.977176
-0.18024
2.24026
-0.515462
-1.44645
-1.53107
1.79687
0.623432
-0.423568
2.75847
-0.525657
1.03317
-1.54651
-0.413722
0.525098
-0.203739
-0.0649012
1.36519
-0.558731
-1.73078
-0.247341
0.425159
-0.764449
2.03636
-1.01361
-0.348182
-0.58307
0.912453
-1.24078
0.280836
0.143643
-0.275376
0.397146
1.27624
-0.116243
-0.0989149
1.66862
-1.20189
1.17721
1.91534
-0.939949
-0.329366
-0.607713
0.732833
-0.528637
0.099806
-0.981807
-0.560159
2.33045
-1.03368
-0.618808
1.10018
2.04277
0.789489
-0.349672
2.24007
-0.881069
-1.23744
-1.79604
-0.453291
-1.52848
0.73442
0.134981
-0.181561
-0.0458537
-1.49263
0.295826
-0.533826
-0.857399
-0.211513
0.366725
2.13977
2.23935
0.434263
0.779743
-1.46862
0.778295
2.19196
-1.08268
0.615952
0.195871
1.21128
0.43414
-0.424475
-0.577496
0.59567
-1.17394
0.672128
-0.420551
-0.361302
-1.38907
0.136382
-0.159671
-1.7249
-0.782984
0.0477545
-0.346283
1.84397
-0.242008
-0.0945776
-1.26277
-2.18044
1.25203
0.0528675
-0.414182
-0.407824
-0.909707
-0.869971
0.644116
-1.8053
1.05746
0.858482
-0.261563
-0.0871432
-1.46693
-0.559802
0.82305
-1.05192
0.528527
-1.76528
-0.0121319
-1.69671
-0.345964
-0.820898
-0.253232
0.138674
-0.456411
-1.13338
-1.1245
-1.31335
-1.75594
1.63378
0.652648
0.843524
1.11102
-0.0586047
-1.07827
-0.325026
-0.00694777
0.637712
0.333192
0.460467
1.71595
1.14997
0.617914
-0.00217238
0.012981
-0.154996
-1.86251
-0.12289
-1.11861
0.719457
-0.505018
-2.12822
0.973954
1.63816
-0.70727
0.157272
1.68661
-1.19626
2.11514
-2.03103
-0.516237
-1.17435
0.999224
-1.01154
0.139266
-1.14823
-0.184957
1.24948
0.303936
0.732122
0.451323
-0.0279455
-1.12887
-2.32552
0.66035
0.0320255
0.237527
1.57563
0.557682
0.0236134
-0.453461
-2.0909
0.783203
0.478649
0.421703
0.488111
-1.32505
-0.0836636
-1.24804
0.880629
-0.868386
-0.879566
0.590156
1.29458
0.5491
0.99924
0.879446
-0.209084
-0.257359
-0.696295
0.476001
0.23821
-1.09101
0.0481381
0.32819
2.05534
-0.569743
0.898358
-1.12134
-0.291318
1.75514
0.967049
-0.466091
0.817376
-0.858322
0.0811026
1.55229
1.04562
1.92847
-2.64627
1.12054
-0.55582
-0.638058
1.09428
-0.373698
0.356908
-1.612
1.39566
-0.220991
-0.463412
0.412879
-1.91832
-0.632779
0.124927
0.954702
1.11091
-1.29957
1.22224
-0.305564
0.960303
0.794109
0.139452
-0.972495
-0.702638
1.39695
0.263021
-0.173585
1.65552
-0.691931
-0.624587
-0.294002
-0.262201
0.464646
0.599813
0.173803
1.27802
-0.83432
-1.51879
-1.12764
1.01738
-0.011812
0.805521
-0.435172
-0.166926
-0.349929
1.34005
-0.377753
-0.124452
-0.777626
-0.454916
-1.79013
-0.720175
0.116416
1.3293
0.778045
0.310377
1.60208
-0.38658
-0.0400845
-0.845783
1.0888
-2.16326
0.0599357
0.565537
-1.40658
-0.0239191
-0.795278
-1.24772
0.636919
1.97093
0.788273
-1.69264
-0.351074
-0.0205925
-1.05331
1.04537
-0.724977
-1.14408
0.288408
-0.229316
1.81916
0.284383
-0.15854
0.0410594
-0.228358
1.11307
0.182882
-0.429737
0.719823
-0.547331
0.688725
-0.720023
-0.148217
-0.951419
-0.789217
1.00486
0.18097
-0.879494
-1.33813
-0.374601
1.58077
-2.30075
-0.782821
-0.467107
0.647424
-0.176415
-2.25346
0.469557
0.157329
-0.359593
-1.74878
-0.520889
0.69946
0.466184
-1.2186
0.786887
-0.215172
1.01441
-0.547658
0.0950694
-1.0956
-0.795412
-0.988716
-0.633085
0.877392
1.5487
0.856707
-0.504102
0.218221
0.110686
-1.79272
-0.121773
-1.69181
-1.90484
-0.526765
1.20842
-1.07076
0.0713575
-0.627605
-0.649206
0.442564
1.31034
-1.77205
0.31655
-0.270755
1.30204
0.680318
-2.01801
-0.963517
-0.415152
0.532211
1.67935
-0.897481
-0.619386
-0.113941
-0.700267
-1.57864
0.0716097
-0.651195
0.598813
2.23312
-0.482361
-0.306253
-1.65669
0.22032
-0.400965
-1.05815
0.847207
-0.356053
0.345603
-0.946085
2.0574
-1.24361
0.146168
0.319536
0.22972
-0.642303
-0.968172
0.253439
-0.20044
-1.43046
-0.280474
-0.92
0.101043
-1.25442
0.205643
1.10755
-0.58114
1.09949
0.801183
1.06172
-0.187842
0.595534
1.03628
1.01804
2.67512
0.0230324
-1.86483
-1.09622
-1.83281
-0.856609
-1.2252
0.0532693
1.449
-1.564
-0.178848
-1.28125
0.387134
1.21542
-1.00521
-0.932161
-0.998797
-1.08306
-0.932291
0.0707235
1.08639
1.04987
0.561993
0.228979
-0.535972
-0.13952
1.52935
0.028942
-0.775106
-0.194953
0.331029
-0.41401
0.101103
-2.03202
0.301921
1.00822
0.542556
-1.54882
0.916217
0.106926
1.64033
-0.45847
0.906275
-0.82721
-0.39838
0.470613
-0.446308
0.685816
-1.28269
-1.36111
0.438992
0.243452
0.253726
-0.565764
0.514458
-1.4485
0.120258
0.329168
0.823795
-0.696053
-0.509666
0.291974
1.17913
1.86448
0.398163
0.143392
0.759169
-0.559339
0.165364
1.82787
-1.23344
0.608347
-0.618528
0.691017
-1.99949
0.791945
-1.01183
0.404356
0.48637
0.728558
-1.17869
-1.57628
1.64339
0.119047
0.718527
1.019
-2.15282
0.297132
-0.368927
-0.931432
0.109921
-0.669567
0.100029
-0.98884
-0.995581
-0.0824458
0.216066
-0.0464243
-0.0716482
-0.464379
0.157087
-0.81166
0.655182
-0.905762
-0.674047
0.0957863
-0.172497
-1.71283
-2.02152
0.204198
-1.54942
-0.193548
2.05367
0.707323
1.9047
-0.298678
0.0933752
0.514182
0.172744
0.560193
-0.902027
-0.257153
1.31792
-1.89446
-0.540141
0.379695
-0.472942
-0.756809
0.892555
1.45917
-0.0677233
-0.18941
0.123634
-0.42541
0.711661
0.00500605
-0.0196038
-0.490934
-0.394568
-0.164645
-1.14681
-0.38062
0.612392
-0.345449
0.794535
-0.0221551
-1.34289
0.513297
-1.22868
0.906852
1.23506
0.0257039
-0.17186
-0.380186
0.151495
0.546008
0.184335
-1.31729
-1.26506
1.63827
0.124073
1.30461
-1.41666
0.248788
0.0721868
-1.06094
1.74317
0.552577
-0.343251
0.911197
0.987793
-0.679877
1.42526
-0.0199006
-1.3508
-0.91155
-1.91983
-0.281766
-0.0736114
-0.476092
2.16973
0.642366
0.0843306
-1.72818
0.509346
-1.14912
-0.531578
-2.29408
0.87761
-0.590663
-2.88222
-0.0342835
-0.604479
-0.846553
-1.01428
-0.279817
-1.31633
-0.889642
0.44959
-0.472421
-2.96227
1.2696
1.8092
1.63711
-1.50101
0.791851
-0.0896492
0.248507
-0.0374926
-0.972861
-0.563848
0.0683596
-0.626575
-0.0415513
-0.024213
-1.44112
0.910327
-0.159432
0.000825685
0.278787
-0.939448
-0.4393
1.99579
-1.56457
-0.623335
0.523249
0.982287
0.785224
-0.993212
-0.0321995
-1.94132
0.0232319
0.408283
-0.0877878
-0.892585
1.18553
-0.102433
-0.691148
1.03471
-0.111942
-0.582445
-0.536657
-0.246242
1.85315
0.399376
-1.72607
-0.721651
-0.444582
-0.661467
-0.355135
0.803604
-0.0872351
-0.281922
0.974892
0.0812588
1.09287
-0.374285
-2.04697
0.499759
-0.770405
-0.569138
-1.27975
-2.14806
-0.433595
1.78754
-0.250994
0.650033
1.08016
1.92165
-1.42536
0.853827
0.453062
-0.0462047
0.0926722
0.935954
1.10175
0.880783
-0.0931912
-0.335167
0.429969
-0.41053
-2.06898
-0.951405
-0.750599
-1.68606
0.694495
2.18899
1.5232
0.519377
-1.01807
0.497981
0.202293
0.331634
0.455351
0.913546
-0.105041
0.551431
-0.223799
-1.8075
1.60902
-0.344134
-0.97106
0.519233
0.659883
-1.21369
0.812232
2.57581
1.22198
0.0931007
0.644193
-0.0567949
1.81049
-0.462586
1.61289
-0.898472
-0.739591
0.435479
-2.09957
-1.15388
-0.70906
1.2385
0.441802
1.08329
1.49534
0.744226
1.28293
-0.421978
0.201913
0.0151159
-0.77218
1.33276
-1.627
-0.413063
0.217036
-1.14037
0.340931
0.279609
-0.449857
-0.216294
-0.957166
1.16128
-1.23048
0.288904
1.90914
0.114582
0.423464
-0.361732
0.55564
0.768222
0.00167938
-1.18238
0.821971
0.0970886
0.412778
2.15689
-0.432424
-0.438873
1.50362
-1.37831
-0.385853
-0.15972
-1.52711
0.563823
-0.249801
-0.172322
-0.823153
-0.488041
-1.24359
0.153661
-0.974348
-0.377529
0.0344818
0.252268
0.83494
-0.357324
-0.144815
-1.40356
-0.123406
0.742608
-1.16896
0.801283
-1.82199
0.823542
-0.0715728
1.97614
-0.0868907
-0.113603
0.12164
-0.423315
1.36218
0.732229
0.390846
-1.20668
-0.0501627
-0.277917
1.28703
0.79007
-1.12407
1.25607
0.14418
1.06698
-0.133983
0.416351
-0.956312
0.249227
-1.46498
-1.03685
1.09792
1.96881
1.23949
0.236692
0.617691
-0.225309
1.48614
0.411944
0.11285
0.668253
0.206933
0.221458
-0.710295
0.240434
1.85459
1.23285
0.556363
0.145552
0.116025
0.0417476
-0.711202
0.616427
0.425821
1.85861
-1.0069
-0.152805
-0.0919401
1.36778
-0.225199
0.235182
2.44815
-0.771389
-0.950266
-1.17177
0.515913
0.766732
0.0222288
0.847553
0.758234
-0.144623
1.34984
-0.0495192
1.36042
0.584429
0.161929
-0.126815
0.737214
0.0652052
-1.35555
-0.766458
0.887401
0.200375
0.165252
-1.29663
-0.471805
-0.53062
0.0522276
-0.799503
1.07296
0.2377
-0.575976
1.86258
-0.794774
0.823015
-0.787326
-1.32968
1.07275
0.155749
0.109754
-0.0175598
0.384648
0.147487
0.923231
-0.716055
0.193858
0.592084
0.858838
-0.248498
1.01076
1.31782
0.857189
-0.869044
-0.25984
0.193126
-1.18228
0.602654
-0.828956
-2.00068
1.46274
1.77286
-0.251499
-1.11204
1.19039
-1.22326
-0.752247
-0.456074
0.544988
0.204846
-0.88626
-1.16962
0.434854
0.836528
0.0584224
-1.18655
1.09103
0.989741
1.59237
-0.823759
0.201273
1.05071
-0.186546
0.243041
0.973647
0.247228
0.0532369
1.00412
-1.34263
0.839105
0.18023
1.42449
0.498394
-1.49671
-0.185135
0.761053
1.72896
-1.49124
1.0405
0.741877
0.451435
1.62411
1.12118
1.25574
1.07184
0.892596
-1.65124
-0.125198
-0.191566
-1.31856
1.55008
0.616607
1.48907
-1.10936
0.714838
-1.45978
-0.0653881
-0.757337
0.0693181
-0.249714
0.162698
0.313455
-0.608088
0.466616
0.298931
-0.318757
-0.749487
1.01293
1.55875
-1.12943
2.024
-1.47632
-0.81851
0.64806
1.20323
1.02698
-0.256799
0.334313
1.15306
0.518257
0.0873673
1.51263
0.589827
0.425295
0.563016
-0.165329
-1.90427
0.132606
-0.313477
-0.0108013
0.566033
2.0192
-0.0149142
1.28565
-0.439881
2.1421
2.5631
-1.70964
-1.08383
-1.36688
-0.475812
-0.679882
-0.0614888
0.685997
-0.338265
0.550388
-0.236175
-0.621803
-1.1658
0.894102
0.0179087
-0.340762
-0.225521
1.95548
0.430705
0.469489
1.0583
-1.24858
1.58472
-0.0560905
0.468952
1.07918
-0.783387
-0.296384
-0.201253
0.456136
-0.225464
0.31308
2.55848
-0.167224
-0.358453
-1.2626
-1.28022
-0.569195
-0.127823
-1.01579
0.699875
-0.803271
0.141096
-0.917379
0.780109
-0.17827
1.36517
0.345338
1.46106
-2.23669
-1.17981
0.735413
1.66852
0.297193
-0.520476
-0.967942
0.223783
-1.25806
0.609391
-0.0423274
1.29043
0.0733071
-0.500623
-1.48475
-0.616123
-0.47274
0.825645
1.93107
-0.294865
0.0775276
0.98044
-0.28759
2.1545
0.362042
-0.493908
-1.40446
-0.534237
2.59831
-0.485604
-2.06101
0.529611
-0.280956
0.277295
0.160575
-1.64882
-0.291939
0.881983
-0.911295
-0.456825
1.68625
-0.511188
0.919219
-0.580622
0.754185
-1.00484
1.59931
0.790963
2.48125
-1.03235
-0.69597
0.157515
0.632377
0.0598093
0.0347092
0.0755026
-0.40393
0.395207
0.662536
0.189723
-0.632283
-0.470687
-0.0332048
0.498387
-0.295752
-1.54388
-1.35226
-0.508667
0.99684
-0.740456
-0.164314
-0.452826
-0.850874
-2.47278
-0.136276
-1.98141
0.0232913
0.308952
0.129332
0.386239
0.455263
-0.400623
-0.524093
-0.0981205
3.00772
0.311142
-0.0809219
-1.07619
0.725026
0.75409
-0.836498
1.21556
0.824247
1.31547
-0.137774
0.669102
-0.342537
0.349092
-0.91597
-0.939414
-0.494361
-0.465456
-0.228745
1.17177
1.54545
0.564028
0.0380075
0.293084
0.907984
-2.63759
-0.518895
-1.11257
-0.312251
0.923319
-0.306608
-1.11344
-0.392257
0.492807
-0.409186
-0.992932
-1.62081
1.59041
1.07538
-0.057782
0.716407
-0.745225
1.04248
-1.39375
-0.2375
-1.03734
1.1149
1.22446
0.143782
0.134488
-1.21166
1.03925
0.0570265
-0.796382
1.43093
-0.302526
0.577327
-0.518519
1.52402
0.50837
-1.20726
-0.557783
0.0815355
-0.115103
-1.25734
-0.307784
-0.0045902
1.28664
0.0838374
-0.0723591
-0.230368
0.619299
0.22652
0.642344
1.16733
-0.421099
-1.36849
-0.216402
-0.410309
-0.825708
0.712552
-0.301421
1.86727
-0.158143
-0.926095
-1.07657
0.630545
-1.34233
-0.142406
1.48525
1.69536
-0.367446
-2.09894
-0.0816115
-1.89712
-1.34097
-0.312719
0.00747722
1.90294
0.637303
-0.263203
0.648414
-0.344272
0.229474
-0.474076
-0.438966
-0.896406
0.922477
0.488625
-0.45865
0.0215243
0.449335
1.4011
-0.747601
-0.0475031
-0.232312
-2.21843
0.406522
-0.608303
0.76437
-1.58083
1.00294
-0.0429296
0.268114
0.120749
-1.32767
-1.61144
-0.27169
-0.0815302
-1.99613
-1.06718
-1.17085
-1.19657
-0.424793
0.752665
-0.383127
1.79399
0.215618
0.822948
0.563602
-0.273416
0.238356
0.329432
-1.02805
-0.449949
-0.36022
0.794807
-0.621313
0.414305
1.36943
2.73005
1.19743
-0.719561
-0.581698
0.222861
0.411576
0.0340143
0.925847
0.665167
0.697964
-0.19985
1.09517
0.00844731
-0.984958
0.31659
-0.269404
1.50795
-0.767389
0.648961
-0.452298
-0.51306
0.444095
1.07914
2.86877
1.28166
0.781911
0.34389
0.550514
-0.148449
-1.76869
-0.292507
-0.748771
-1.23165
-0.882439
1.22596
-0.630844
-2.00517
-1.02827
1.02011
0.557279
1.18537
1.26801
-0.739382
-0.457949
0.295272
-1.46717
0.972656
0.278253
0.543953
-0.447192
-0.0305352
-1.42235
-0.531379
-0.175631
0.638276
1.91546
1.54431
-0.493447
1.13218
-1.47643
-0.957796
-0.751943
-0.391222
1.33899
0.250276
-0.242367
0.187872
0.0640979
0.440343
1.44338
-1.18786
-0.266536
-0.75224
1.87796
-0.030712
-1.66831
0.202164
1.37111
0.755875
0.759554
-1.3392
-1.49882
1.24736
-1.06585
-0.647411
-0.391767
0.38591
0.0114191
0.687108
-0.182
1.13802
0.826666
0.428162
0.460684
1.21987
0.637184
1.2595
0.991614
0.179285
0.608286
0.209205
-0.298994
1.7199
-0.809643
-0.6161
1.01377
-0.7179
-0.388497
0.165789
-0.323137
1.00074
1.60899
-1.73668
-0.317809
0.631401
-0.229622
-1.52197
0.419158
-0.180135
-0.141098
0.138713
-0.500887
-0.571361
-1.76719
-0.67342
0.21729
1.18159
0.163484
-0.226805
0.769751
0.304173
0.142989
0.840963
-1.42155
0.217552
-0.608804
0.549421
1.13741
-0.46821
-0.101302
-0.997287
-0.333981
0.0457475
-0.928307
-0.730272
-0.0191666
-0.869202
0.144726
2.03897
-1.10023
-1.60075
0.351551
0.777032
0.825159
0.318376
-1.28079
0.846397
1.57619
0.966539
0.396649
0.605351
1.05431
-2.10476
0.687844
-1.752
-0.20306
-1.26888
0.948494
-0.97501
0.219961
-0.793634
-0.720705
0.566473
1.37366
0.586228
-1.1617
-1.16966
-0.568032
1.07474
0.384011
-0.431595
-0.501485
-0.479396
0.640243
1.06789
0.106295
-1.24256
-1.84503
-0.351344
0.600167
-1.81486
2.01034
-1.51224
2.02385
0.524586
0.14875
-0.199234
1.89606
-0.277579
0.929004
1.38704
-2.17253
-0.970414
0.0648919
2.12095
-0.935773
0.215613
0.963506
-1.31732
0.105968
2.90386
1.25335
-1.4175
0.916966
1.30233
-0.203147
-0.935985
-0.526073
1.78929
-0.0768281
-1.58031
0.458197
0.0972273
2.8755
-1.15296
-0.464537
0.884941
-0.0861707
0.357482
-1.79866
0.816743
-0.980126
0.110178
1.39968
1.04082
-1.08751
0.554906
-0.221151
-0.453938
0.275481
0.0310077
-0.993562
-1.63574
-2.01068
-0.958629
0.832741
1.14959
0.507103
-1.09197
1.38889
-0.907715
-0.633061
-0.525507
-0.10277
-0.624215
0.66501
-0.209051
-1.73718
-0.0278079
0.296031
-0.303759
1.73005
0.245566
-1.42418
-1.76231
0.507936
0.755506
1.37045
0.433583
0.675114
-0.571431
0.498298
0.383799
0.531189
-2.48878
0.151236
-0.0140513
0.220456
-0.111821
-0.889387
0.106837
-0.476687
-1.18878
1.08387
-1.24334
-0.706123
-0.327003
-0.280807
0.067054
-2.04659
0.155422
-0.657094
-0.240278
-0.538095
0.991845
0.770343
-0.0976399
-1.56494
-0.540874
-0.117279
0.201953
-0.639983
0.103566
-0.510199
-0.11654
1.10653
-0.280718
-1.1901
0.26323
-0.024253
0.503988
0.58926
0.153193
-1.27563
0.255066
1.17003
0.351744
0.0530614
-1.3938
-0.171547
0.957692
0.731024
-1.39865
1.02386
-1.20997
0.595114
1.54231
0.00843608
-0.608683
-0.339447
-0.758831
-1.38481
-0.0287294
0.325089
0.435005
-1.60691
-0.912736
-0.53714
-0.319609
-0.194424
1.63243
-1.07698
-0.78183
0.547922
-1.21793
-0.333324
-0.563727
-2.49802
0.26734
1.1462
-0.882024
0.192904
-0.330952
0.460056
1.77293
-1.67019
-0.356749
-2.05441
-0.0957515
0.550764
-0.161605
-0.0735165
0.968207
-0.136231
0.888635
1.74754
1.42839
-0.575606
1.95811
0.289542
-1.68348
0.692321
0.711462
-0.308236
-1.13458
0.194106
-0.110268
-0.957829
-1.30631
-0.767118
-0.0711419
0.803945
0.696576
-0.960552
0.205014
-0.332608
-0.156904
-0.0516511
0.505372
-1.34396
1.31467
1.09041
1.91539
0.322224
-0.775606
-0.732917
1.16511
-0.288671
0.977174
-0.00973968
-0.802039
0.313553
0.491788
0.00179317
-1.82603
1.95802
0.106584
-1.55387
0.22688
0.9096
0.0640283
-0.377704
2.05955
-0.274726
-0.453882
2.02291
1.48129
-1.32382
1.09887
0.224303
-1.94794
1.65845
0.146093
-0.348448
0.999355
-0.850472
1.07221
0.349134
-1.16014
-0.768559
-0.106538
-0.933651
-0.312506
-0.764387
1.45832
0.696346
-0.0331645
-0.2403
-1.05735
-0.942481
-1.57701
1.53831
-0.818794
-0.0968766
0.958933
-0.637169
0.428788
0.166675
-0.319142
-0.486016
1.25533
0.0132778
1.70986
0.200449
0.465983
-0.718006
0.613537
-0.943592
1.7093
0.449878
1.10503
-0.384769
-0.43838
-0.0182719
-0.751674
0.0256539
-0.896942
0.378968
-0.167733
-0.348
0.145715
-0.80003
-0.441022
-0.838157
-1.2671
-0.623803
-0.974626
0.489127
0.0981222
-0.357358
0.302526
1.17869
0.377158
-0.318513
-1.6359
1.14112
-0.873773
-0.136636
1.82081
-0.299796
-0.318287
-1.37255
0.589082
0.407197
0.2273
-0.833528
0.409443
0.89444
0.0290367
-1.14577
-0.199093
0.375935
-1.81338
-0.707055
0.513756
1.07318
0.782539
1.44422
0.14458
0.486497
0.155733
-0.230762
0.352641
1.03559
1.89528
-1.93008
0.276939
-2.18239
-0.406298
2.06921
0.25187
-1.47953
1.10795
0.209943
0.997473
-0.559002
-0.85419
-2.28227
0.788403
1.0191
1.41516
2.14755
-0.887428
-1.4727
0.307131
-0.0670789
-0.928969
0.893276
-0.0833054
-0.652004
0.840487
-1.05785
0.116565
0.0300806
-1.29785
-0.620782
0.584925
1.4914
0.880561
0.838813
0.131245
-1.95878
1.28636
-0.995452
-0.505429
-0.522566
-0.678814
0.204844
-0.76437
-0.106116
1.1407
0.461999
1.73608
-0.153489
0.313523
-1.85985
1.02126
-0.469745
-0.147445
0.630716
-1.63558
0.354093
0.152804
0.719984
0.0911889
-1.35502
-1.15142
-0.179984
0.459588
0.257689
-1.36169
0.296469
0.220268
1.57192
2.03437
0.749616
-1.56168
-0.136309
-0.59409
0.120997
0.140843
-2.01429
0.500243
-0.930965
1.57525
-1.33126
1.649
0.326625
-0.205733
0.790024
1.10073
0.808877
-0.459067
-2.03652
1.01105
0.973276
-1.19859
-1.4003
0.721345
1.13709
0.543454
-1.83078
-0.545275
0.218717
-0.128363
-0.0987346
0.342084
0.0273019
-0.78324
1.07628
2.44741
1.24619
-0.412506
1.61952
0.411791
-0.214972
2.32861
0.512992
-0.226027
-1.43422
-1.49176
0.776901
1.0563
-0.174225
-1.33799
-0.809905
0.359012
-1.34383
-0.486555
-0.0247999
1.48446
1.07864
1.66223
-0.978082
0.267494
1.92253
0.115176
1.24814
1.40035
1.78547
2.15728
-0.414889
0.180513
-0.719928
-0.881463
0.898639
-0.0770213
0.740106
0.826907
0.150892
-0.429014
0.955573
0.330561
-1.48066
-0.359853
1.64217
-0.160049
0.467812
-0.379406
-0.235044
-0.240087
2.01227
1.27652
-0.677308
0.599092
-1.80786
-0.15541
0.106767
-0.00884078
-0.0882455
-0.430061
-1.25714
-0.307409
0.492927
-0.194891
-0.703524
-1.55902
1.19366
-1.37257
0.431315
-0.299203
0.674501
-1.05178
0.486318
0.556595
-0.246739
-2.9775
-0.635821
-0.111888
-1.53497
0.89051
-0.128049
0.196874
-0.817145
-0.770391
0.750285
1.08681
-1.1638
0.176406
0.664743
1.32384
-0.591627
-0.779311
1.43435
-0.819146
1.38307
-0.234421
0.395699
0.0361751
-1.88875
0.579848
-0.722697
0.187429
-1.46517
2.16196
-1.2365
1.41757
0.161492
-1.25541
1.05944
-0.135
0.0107584
0.405486
-0.339506
2.18196
0.490809
1.69584
0.0712236
-0.466915
1.01137
0.973908
0.313201
-2.06608
-1.32246
1.27831
-1.86348
0.357019
0.924559
-1.45969
1.20992
-0.71239
0.651975
-0.0904637
-1.70678
1.29442
-0.364813
0.279376
0.389027
-0.146283
0.0391949
-2.41118
0.459704
2.31881
0.0587174
0.246918
-1.72494
0.0148057
-0.257668
1.87422
-0.321638
1.5738
0.753002
-0.947362
0.560076
-1.47461
-0.51674
0.537735
-1.03733
-0.833456
-0.307467
-0.791402
-0.189842
0.0641856
0.799118
0.0556885
0.0703981
0.748781
0.360793
0.490738
-0.254306
1.2068
-0.643357
-1.02855
-1.26478
-1.05317
-0.179801
0.329272
-0.697269
-1.05594
-1.96092
0.421443
-0.265329
-1.45612
0.0772597
0.329021
-0.505333
0.549604
-0.618929
-0.0743056
-0.605777
-0.838826
0.845321
-1.71063
-0.435685
-0.191527
0.594896
0.409197
0.339487
-0.204212
-0.739766
-0.956071
0.626127
-0.598153
0.88843
0.208988
1.088
0.272174
0.257794
0.449902
-2.95039
1.32414
1.57199
-0.864138
1.42754
-0.292077
-1.0193
-0.15969
-1.59288
-0.784952
0.919764
-0.931632
1.58215
0.238683
0.39836
0.857052
-0.151425
-2.64938
0.0456287
-0.396282
-0.403408
1.66599
-0.397461
-0.886656
-0.899266
-2.00807
-1.43121
0.155351
0.1102
0.586922
0.916331
-0.778385
0.0610523
0.456257
-0.254327
0.457556
0.546574
-0.85308
0.165894
0.604598
-1.2187
-0.742474
-1.21662
1.45585
1.05462
-0.225731
-0.0667901
0.871244
1.65183
-0.0688922
1.69206
-0.275754
0.09557
0.64237
1.99402
-0.0137953
0.559426
-1.77885
-0.774882
1.22998
0.891261
-0.245964
-1.29406
-0.00699439
-0.593306
-0.774775
-1.13643
-0.816437
1.35192
1.7281
0.87716
1.66802
-1.51849
-0.445787
-0.169369
-0.074743
0.607797
-1.64522
0.342808
1.07843
-1.06228
-0.661882
1.78833
1.70798
-0.215117
0.377382
-0.832412
1.21129
-0.172653
0.550671
1.48847
0.475265
1.54028
1.50657
-0.895391
-0.587819
1.71103
1.14768
-0.843914
-0.687682
0.749882
-0.581169
-1.18721
-0.878274
0.482151
-0.343717
0.718804
0.342321
1.04726
-3.31692
0.242626
0.0596898
-0.806715
1.86819
-0.348239
0.680278
-0.466644
2.30732
1.28333
-0.22794
0.735206
1.19063
-1.35286
-0.525332
0.353241
-1.05528
0.161345
-0.0207806
-0.201653
-0.143841
0.140093
0.20892
0.72655
-0.768857
-0.604969
-0.285945
-1.5909
0.452926
1.84523
0.0940043
0.995644
0.453662
0.933331
0.312613
0.133635
0.349132
-0.272082
-1.17865
-0.891201
1.70155
-0.909421
0.390592
0.592632
-0.634313
-0.721253
-0.270294
1.06222
1.46853
-0.352206
-0.729276
0.352456
0.910583
0.0991125
-1.46161
1.03235
-1.14061
-0.364714
-0.280747
-0.275476
-0.803134
0.6453
-1.54846
1.13791
-0.823774
-1.05821
0.78958
-1.43055
0.794769
-0.522268
-1.13725
0.247287
-0.279924
-1.30843
-1.61415
-0.846449
0.466444
-0.355144
0.70084
-1.19225
-0.248589
0.775097
-0.325597
-0.738261
-1.19914
0.973024
-0.116198
-0.729189
1.02787
0.545127
0.586016
0.472915
-0.951182
0.0168493
1.01199
0.0522952
1.01565
-1.25179
-1.06045
-0.113167
1.44201
-0.842269
-0.721303
-0.0712769
1.16046
0.221502
-0.947556
-0.754736
0.618555
-1.12428
-0.876223
-1.71066
-0.027235
0.230177
-0.775537
-1.10066
-1.62174
-0.711492
-1.21342
-0.66305
0.599858
-2.46857
0.650728
0.633279
-1.80557
-1.18576
-0.552465
-0.840597
-0.305157
1.92189
2.33764
-0.00929442
-0.175095
-1.46219
0.677509
0.364524
-0.888079
-0.030924
0.297879
0.267414
-0.937422
1.03097
-0.812707
1.21531
1.34371
-0.116285
0.526159
0.13869
0.182367
-0.373042
0.321219
-0.967441
0.574611
0.133336
-0.0314189
0.244618
-1.63971
0.179255
1.37145
-1.33103
-1.01544
-0.903263
-0.116729
-0.878972
-0.913181
-1.39933
-0.509942
-0.528581
0.250057
0.862121
-2.1782
0.803704
-0.020117
0.2981
-1.3695
-0.973688
-1.89672
0.621938
0.100853
-1.56374
-0.422694
1.33236
1.3705
-0.653968
-1.79737
0.896985
-0.261058
-1.31488
0.383192
-0.159188
-0.0363888
0.0901636
-2.37532
-0.135481
0.596011
0.629223
1.55942
-0.909719
-0.72792
-0.963435
0.602636
-0.987768
0.742362
-0.504324
0.0803462
-2.04413
-1.17479
-0.98657
1.54748
-0.998486
-0.0145222
0.544046
-0.998373
-0.794411
-0.208801
0.353885
0.0713439
0.734881
-0.505439
0.154727
0.516454
-1.66253
-1.36983
-0.781899
0.668782
-1.82849
1.5829
-2.07871
0.403249
-0.151473
-1.04345
1.86857
-0.952879
1.03653
-0.0529306
-1.54946
0.297374
-0.563544
-0.63731
0.445461
0.195964
-0.655321
-0.716377
-0.351433
1.76338
1.29346
-1.3772
-0.357941
0.280781
-0.36121
-0.940142
0.868972
0.393628
-0.131761
-0.252636
-0.476484
0.869639
-0.554997
-1.65693
-0.843199
-0.703111
0.0795676
-0.12706
0.843619
-1.60791
-1.39389
-0.262357
0.436358
0.0511747
-0.512055
1.21197
-1.5233
1.01929
0.198357
-0.00016559
0.960751
0.562945
-0.143982
-1.78541
-1.47537
-0.572611
-0.424452
-0.0552441
0.318596
-0.428389
0.0522501
0.155466
0.719135
1.61204
-0.499638
0.768994
-0.365254
0.521963
-0.904892
0.104116
-0.225147
0.126604
-0.93169
-0.485373
0.215383
-0.225148
-0.0649739
-0.902536
0.779687
-1.0785
-0.473937
0.0476944
-0.295855
-0.552845
-0.239112
-0.0902081
-0.317416
0.0767978
0.0861619
0.503175
0.797159
1.29746
0.123319
0.636844
0.321864
0.844542
0.460437
-0.0602585
1.13731
0.610404
1.07014
-1.18567
0.823515
-0.446248
-0.322465
1.01266
-1.3371
1.11245
-1.81156
0.769048
-0.732501
-1.41064
1.06977
0.0647344
0.98055
2.65248
-1.23148
-0.37747
-1.55919
-1.87815
0.939572
0.973548
-1.42728
1.02199
-0.849886
-0.613565
0.455509
0.795848
-0.30757
-1.43171
0.942514
1.34307
-0.899427
0.288702
-1.38622
-1.03962
0.493971
0.0482561
0.923859
-1.75744
0.666375
-1.04464
0.849753
0.861965
-0.390208
1.35683
0.66867
0.944748
-1.45759
-1.22041
-0.574565
-0.692409
-1.55369
-0.19331
-1.54436
-0.950093
-0.219741
-0.385542
0.581659
0.0169083
-1.60493
0.139263
1.12452
-0.326981
-0.848378
-0.187008
0.575817
-0.459046
1.19441
-0.570652
0.716678
0.0223805
-1.17113
1.16653
-1.23386
-0.460426
-0.0163648
-1.08898
0.714524
0.0173942
-0.757757
-1.23452
-0.686003
-0.468987
0.476595
0.217013
0.388786
0.467574
0.240469
1.13717
1.99916
-0.416194
-1.8904
-0.824431
-0.470939
0.740435
-0.0278729
2.48856
-1.53374
-0.958182
-1.32444
-0.0109464
-0.977541
0.0771183
-1.03738
-1.4988
-0.748458
1.81406
1.39726
-2.24067
0.975604
-0.880595
0.641854
0.42582
-0.26859
-0.0887794
0.67421
1.13783
-0.713735
-0.00100523
-0.0777947
-1.38292
-0.846783
0.22404
1.65526
0.38608
0.295063
0.596864
-1.42358
1.12237
-0.825537
0.76964
-0.538778
0.640027
1.14116
1.31307
0.510589
0.239256
0.706303
-0.676474
0.14032
0.393313
-0.341891
0.326204
1.25889
0.71269
2.06884
0.294516
0.79274
0.915016
0.969165
-0.721038
-0.568931
-2.26291
-1.73443
-1.46218
1.37777
-0.161671
-1.08355
0.800243
-0.506297
-1.21969
-1.29868
-0.310753
-1.6444
0.443822
0.683221
1.25839
-2.24286
-0.422597
-0.213327
0.158582
-0.332484
-2.03163
-1.96446
-0.884652
-1.31925
0.424681
0.419738
-0.686667
0.542525
-1.25882
-0.429912
0.646689
-0.962519
-0.902315
0.347726
0.310437
0.827679
-0.508725
1.55081
-0.120873
1.05022
0.204558
-0.593606
-0.0681768
-0.14644
0.147812
0.916247
-0.716509
1.67251
0.979528
-1.12291
1.68961
-0.568204
0.598121
0.485443
-0.865571
-0.790677
0.492598
-0.303037
0.905385
0.303825
1.09206
0.437639
-1.572
1.06344
0.446454
-0.0530334
-1.86103
0.929366
0.218179
-0.164292
1.52542
-1.32074
-1.37843
-0.267447
-1.47106
0.709692
-0.666847
-0.0370131
-0.129846
0.363229
0.9071
1.68969
-0.695286
-1.04217
0.423598
-0.225778
1.45114
-0.54304
-0.724864
-0.679775
1.10905
0.20927
0.665031
-0.249311
1.04535
-0.25938
0.423885
-0.372918
0.0132391
1.11804
0.228066
0.533712
1.67652
-0.107953
1.31822
0.341868
-1.10753
0.00968568
1.21178
0.520744
-0.000771632
-0.410656
-0.0712397
-0.859765
-0.220676
-0.795492
0.608671
-0.357066
-1.46179
-0.783887
-0.5004
1.47327
0.535498
0.45983
1.0311
-0.70969
-1.12497
0.429334
-1.87199
0.674637
-0.406702
1.00897
-0.459991
1.45894
-0.723612
0.777368
0.391238
0.361432
-0.967332
0.596952
0.254257
-0.738414
0.679161
1.23199
-0.139413
1.30614
-0.756591
0.509969
2.18003
0.594847
-0.418987
0.259477
-0.644515
0.170552
-0.116916
-1.33021
-0.79763
-1.19968
-0.734997
0.143952
-1.40615
0.447601
-0.0581148
1.20125
-0.927564
0.537622
-0.855703
-0.2365
-1.3007
-0.370884
-0.507916
-1.32009
1.02959
0.452558
-2.93994
1.02013
-0.672213
0.41374
-0.403165
0.92502
-1.4113
-1.14452
0.145286
1.1932
-0.86932
0.170124
0.230819
-1.34347
-0.116645
0.76336
0.398003
-0.972408
2.97096
0.727325
-0.274146
-1.43338
-0.58196
-1.10153
-0.127046
1.85268
1.21814
0.8075
1.78174
1.49375
0.00711777
0.717189
0.195093
-0.975061
1.44219
0.919554
0.396841
0.0110774
0.637255
0.080005
-0.110018
-1.05591
-0.305054
0.884252
2.76865
-0.518113
0.763136
-0.272594
-2.43837
0.726041
0.628631
1.31056
0.325228
0.912697
1.65181
2.33543
0.830904
1.45009
-0.182746
-0.14182
-0.534592
-0.0157457
1.60728
-0.0366902
-2.38785
-0.542863
0.0403794
-0.0715417
-0.509722
-2.38632
-1.80426
-0.135523
-1.52224
-2.90876
-0.829897
0.365184
0.22968
-0.58576
0.231989
0.811176
-0.206937
-0.543911
-1.14082
0.943479
1.06709
-2.13098
0.441454
0.246092
0.402049
0.724808
-0.233455
-1.66179
1.07879
0.401565
-2.0921
1.14408
-0.337498
1.40927
0.205907
2.42194
-0.22693
-1.97446
0.808437
1.56067
0.68121
0.184484
0.936029
0.274944
0.453733
-0.665559
-0.804101
-1.26356
0.695557
0.0715816
0.817783
-0.71953
-1.17808
-1.69876
-0.408142
-0.574625
0.730345
-1.50361
0.244968
-1.34697
-0.721691
2.08562
-1.12617
0.335601
-0.826095
-1.9254
0.847337
-0.601823
1.0757
0.932026
-0.730586
0.550899
-0.885647
-0.8499
-0.228438
1.23936
-0.0311863
-1.41305
1.8328
-0.173481
1.01546
-0.836239
-1.45559
-0.584441
-1.61039
-0.260751
0.691003
-0.293869
0.379727
-0.704499
1.50195
0.724744
-3.1514
0.940259
-1.34215
-0.894254
-1.05309
0.774669
-0.431334
-0.343613
0.182227
1.2402
0.44534
1.30035
-1.45691
-0.4117
-0.927102
0.204409
-0.155708
1.27585
-0.397424
-0.041509
-0.0150734
0.473279
-0.768113
1.81659
1.68544
1.33109
-1.4152
1.0545
0.323662
-0.678882
0.642881
-1.86974
0.485699
-0.235068
0.393041
-0.412738
0.432857
-1.44623
-1.22207
-0.638748
-0.590318
2.47177
-1.47323
2.01031
0.806773
0.762572
-0.308355
-0.203292
-0.695984
0.696577
0.617871
-0.684872
0.343871
0.0477855
0.378405
-1.64642
0.157304
-0.542193
-0.0548851
-0.808033
1.18708
1.27994
1.24884
-0.157412
0.436048
2.39152
0.386399
-0.504847
1.12882
0.803927
1.04072
2.36949
-0.400724
-1.0898
0.679631
-0.380148
0.432551
-0.577596
0.731669
-0.516087
-1.02907
0.174917
-2.03258
0.191602
-0.118856
-1.38864
-0.658544
-1.11886
-1.41152
0.413441
0.354046
0.894704
-1.2185
-1.03786
1.40326
-0.307889
1.47153
-0.0869404
-2.59584
0.227592
-0.871048
-0.105527
0.0330841
0.274757
0.780461
0.469482
-0.598338
0.848798
-0.322962
1.19686
-0.366719
0.594072
0.851079
-0.339154
0.907609
-2.37139
-0.0357798
-0.302759
1.15514
0.471103
0.138383
-1.69249
-0.0435027
-0.0684166
0.621445
-1.28366
0.0651683
-0.473724
-1.67014
0.989257
0.745716
-0.801177
0.0548336
0.310699
-0.122962
1.12324
-0.0245861
-1.7357
-0.480695
1.62276
0.21447
-0.230539
1.82105
1.48483
0.862622
-1.18784
0.591057
-0.898978
0.756248
0.566198
1.18464
0.197112
2.01362
1.14184
-0.13946
-0.586647
1.0185
0.659913
-0.249581
1.4833
-2.14783
1.17843
-0.874463
2.44232
-0.205743
-0.443597
-0.128236
-0.636064
2.158
-0.638352
-1.9728
0.0276379
0.637585
1.49665
-1.25182
-0.787072
-0.920415
1.23933
0.693513
-1.05796
-0.230796
0.641678
-1.31359
-1.50232
1.55523
-1.25383
0.235162
-1.99539
1.78648
0.481721
0.440927
0.696752
0.494497
-0.373995
1.34032
-1.4213
0.795733
0.195815
-0.94364
-0.366824
0.141292
-0.180877
-1.09253
0.356128
-1.55751
0.923104
-0.27618
0.582662
1.00171
-0.363561
1.10674
0.834872
0.348809
-0.586927
-0.955461
1.60272
-0.640693
0.357267
0.706001
0.898341
-2.03576
-0.742274
-0.811745
-1.9272
-0.829854
-1.72025
0.228076
-0.148226
-0.0717786
1.69748
-0.599613
-0.905497
1.77797
0.268035
0.880797
0.121316
0.618335
1.13294
2.59241
-1.10924
-0.914904
0.192531
0.123977
-0.625857
-1.41726
-1.61043
-0.327123
-2.03091
-0.0767044
1.39745
0.222329
-0.158058
0.857619
2.5611
-0.439638
-0.886541
0.179747
1.15532
-0.619413
0.551853
-0.432056
0.42487
0.530146
0.878528
0.355038
0.261649
0.48496
1.37814
-0.450227
-1.44193
0.290415
-0.99367
0.519153
-0.604322
0.161031
-0.701562
0.625666
1.25547
0.231636
0.353295
1.32497
-0.543281
0.514429
0.356452
0.594356
-1.2036
-0.697134
1.74802
0.12034
0.35208
-0.59382
-1.30673
0.0197057
-0.238296
-0.772719
1.0843
0.519528
0.831133
-0.570935
0.436178
-0.0199636
0.930535
-0.524525
0.613031
-0.200331
-2.3737
-0.360533
0.256108
-0.36785
-0.196813
1.40652
-0.0619782
-1.17032
-0.747493
1.35899
-1.69917
-0.261885
-0.323325
0.420183
0.65154
-0.115326
1.25976
-0.54792
1.19282
-0.0386722
1.06966
0.616672
0.637439
-0.385829
1.42566
-0.711434
-0.543298
-0.0310038
0.673457
0.700105
-0.628477
-0.625811
-0.426068
0.445515
0.455707
-0.0801032
-0.828819
0.569968
0.461602
1.62164
0.549887
-2.05995
-1.20956
0.0854045
-0.726372
-1.98452
0.155233
0.739251
0.0691056
-0.469544
1.73915
0.448169
-0.594085
-1.04217
-0.30434
-0.179505
0.851507
0.651787
-0.26877
0.59127
1.1607
0.535754
1.76764
0.224605
-1.99758
-0.960145
-0.515508
-1.39794
-0.756389
0.581006
-1.34142
0.490251
0.969749
0.895132
1.05616
0.65937
-0.0554456
1.71246
-0.11391
0.960716
-1.46636
0.242553
-0.983867
1.17101
1.08055
-0.132222
-0.00170545
-1.12177
0.239804
-1.03902
0.398579
-0.154821
-0.573309
-0.361462
2.04024
-1.09438
0.47807
-0.083379
0.86435
1.20663
1.32088
2.32837
-1.05876
0.58776
-0.639242
-1.53959
-0.384534
-0.533325
0.945754
0.0569835
-0.241662
-0.10915
-0.4121
0.480781
0.777229
0.451255
1.24863
0.299781
0.220777
-0.637793
1.49343
-0.536668
-0.144574
-0.432107
0.447655
-0.24202
0.73038
0.161557
-0.164904
0.526089
-0.730347
-0.718481
0.213559
0.704203
0.787052
-0.816346
0.611541
0.790687
-0.167372
0.83219
-0.067892
-0.281559
0.882326
0.634343
1.28562
0.550774
1.58059
1.58957
1.13742
-0.817511
2.11026
0.257461
1.09317
0.690136
1.24415
-0.900471
0.383841
-0.637975
-0.588844
1.89364
-0.234197
0.702862
-0.929496
0.885653
0.417881
-1.75626
1.19352
-0.620052
-0.338094
1.04601
0.931718
-0.387242
-1.28437
0.581082
-1.29772
-1.55284
0.0770956
0.0021383
1.00802
-0.324926
0.155163
-0.805661
-0.88585
-0.467567
2.12703
0.721328
-0.530518
0.3669
-0.146353
-0.783439
-1.70795
-0.17344
1.50686
-1.83364
3.03971
-1.2819
-0.837088
0.431332
1.42054
-0.495395
-0.75714
0.0462758
-2.03962
0.130601
0.219175
0.0507219
0.278624
0.408135
0.209792
0.785312
-0.306251
1.75559
-0.711699
-0.961864
-0.131472
-0.64701
0.695891
-1.73788
-1.8054
0.397884
0.459885
1.29594
-0.519839
1.30534
0.0275367
0.542502
1.34708
-2.0088
0.668113
-0.683118
0.281822
-1.80764
1.02525
-0.875899
1.40483
-1.76995
-0.714319
-2.00184
0.069893
-0.795247
-0.694689
0.215783
-1.60194
-0.262558
-0.542931
-1.52789
1.5515
-0.567662
0.98064
-0.326847
0.255523
-1.56032
0.842679
-1.01125
-0.463177
-0.252116
1.70986
1.54113
-0.568374
-1.16361
-0.846611
1.04623
-0.195641
1.19002
-0.95301
-0.421368
0.524926
0.0675948
-0.160603
-0.696747
1.16913
0.321976
0.850147
-0.292519
-0.226432
1.0657
-2.27545
1.08747
0.90527
-0.468945
-0.762182
0.783347
-0.470905
1.28319
-0.447134
0.175382
-0.0458428
1.80968
1.63482
-1.20703
1.32119
1.07695
0.416991
1.38948
0.750285
1.48276
1.26254
0.970729
-0.815885
1.05745
-0.213384
0.222344
0.624267
-1.03219
0.0115885
1.80918
0.479599
-0.431218
1.47336
0.705754
-1.49202
0.0416708
-1.63936
-0.562724
0.963478
-1.53993
0.506505
-2.67809
0.838104
-0.602881
-1.32187
-1.03022
-0.637996
1.42334
-1.23377
0.954439
1.12592
-0.556512
-0.701272
1.49509
-0.202744
-0.311864
1.66965
-0.238951
-0.636766
1.25516
-0.589759
0.401557
0.872516
-1.09903
-1.0753
-0.00300093
-1.29343
-1.05459
1.12463
1.73459
-0.618303
-0.0477239
1.97765
-1.99822
0.39413
-0.451335
-1.25944
-1.04489
0.717061
-0.92144
0.20519
1.53527
-0.51255
-0.500312
-1.12463
1.50173
0.507771
-0.34614
1.41007
-0.514673
-0.485856
1.18563
-0.995432
-0.623193
0.183045
-0.581867
0.544161
1.70927
0.605339
0.946104
0.764709
0.903472
-1.56861
0.561331
-1.15842
-0.758605
-0.109397
-0.183464
0.224217
-0.065351
0.315597
0.390184
0.239245
0.363968
0.91556
1.20626
-0.16213
-0.942501
-1.5341
-3.64054
1.06071
-1.0585
-0.649498
-0.385997
0.143951
1.32141
-1.10422
-1.19907
-0.671738
0.0960157
0.423469
-1.05264
-2.08832
-1.48007
-0.742976
0.0405831
0.00937713
1.29527
-0.22526
0.229938
1.12699
1.16988
1.72481
1.02216
2.30806
-0.808068
-0.886465
0.582975
0.421187
-1.77499
-0.784933
-0.607267
-0.771677
0.190177
0.532305
-0.670393
1.02478
-0.686627
0.684634
-0.486369
0.664587
0.10702
-0.0603539
0.563051
0.592912
-0.237155
0.378204
-0.875425
1.14148
3.12431
2.33005
0.328409
0.67835
-1.17193
1.40745
-0.864395
0.697234
2.10936
1.85964
1.31987
-0.98422
-0.774079
-0.345119
-1.97683
1.0611
-1.72855
-0.0739455
-1.8593
0.836744
-1.22572
-1.40108
0.348161
-1.78624
-0.712163
-2.09113
0.8167
-0.479951
2.35375
0.203522
0.651613
-0.70178
1.58376
-0.0494619
-0.560012
0.409088
0.740903
0.727064
-1.18334
-0.242829
0.712978
-1.03275
-0.321863
0.548011
0.572684
-1.47609
-0.214073
-0.923953
-0.692661
1.06333
-1.71295
-1.25745
-0.974524
-0.516747
-0.423083
-0.171607
0.948226
-0.879759
1.01293
0.508108
0.571053
0.290392
1.0818
0.834274
-1.37873
0.109922
-0.236015
0.605166
-1.09047
-2.01308
-0.0930771
1.03682
0.992632
0.158191
-0.776993
1.15903
1.52576
-1.94137
0.370153
-1.52339
0.0872499
0.853787
1.30105
-0.135404
1.36752
0.693074
-0.0773202
-1.36083
1.98375
-0.582379
-0.402736
-0.370014
-1.065
0.354683
-0.26566
-0.621973
0.549038
-1.02648
1.31816
-0.301284
0.38664
0.0232319
-0.46801
-1.25965
0.0139966
-1.62458
-0.189145
-0.572811
0.124056
-1.75795
1.87013
-0.230673
0.0243386
-0.714486
-0.265944
2.01387
1.20033
1.18197
-1.35869
0.0641387
0.905644
-0.789612
0.62085
1.72603
-0.385712
0.320437
0.725061
0.254434
-0.84972
-0.928397
1.32711
1.96132
0.21134
-0.330844
2.13405
-0.836116
1.35751
0.0203511
1.84331
0.697337
-0.299371
1.29974
1.16147
1.39771
0.281374
-1.04823
0.658495
0.948548
-0.782118
0.247433
-0.231475
1.23749
2.03811
1.11596
-0.693331
-0.210083
-1.69286
-0.33691
0.767564
0.777093
0.592015
-0.0814559
-0.0768831
0.490632
-0.479732
-1.44552
0.879438
0.218058
1.44082
0.471563
1.80416
0.71011
0.311498
-0.630889
-0.134892
2.28533
-0.0784153
-0.379777
0.0299832
1.47211
0.115125
0.572701
0.571462
1.27362
-0.854132
0.13271
-1.66859
-0.401869
-1.82419
-0.734856
2.29356
-0.709809
-0.683936
-0.476124
-1.27178
0.00996898
-0.95634
0.804024
-0.441131
-0.299607
0.681658
1.44903
-0.139966
0.682611
0.454381
-2.59794
1.92733
-0.0395857
-1.51771
1.82776
0.186861
0.394126
-0.934216
0.427149
-1.71117
-1.07617
-0.357056
-0.91674
1.25561
0.368732
-0.880178
-1.16616
2.02584
-0.305834
0.534788
0.01142
-0.368469
-0.856857
0.313282
-0.457966
0.154669
0.322619
0.78605
-0.160054
-0.00764777
-1.69417
0.159685
2.45289
0.921283
0.317959
-0.658681
-0.0674087
-0.105581
0.291161
-0.697878
0.299388
0.130645
0.27999
-0.308106
1.32327
1.94013
0.310358
-0.144944
0.0668165
-1.03982
-2.25574
0.350955
-0.880016
1.90778
-0.163991
-0.254176
-1.04509
-0.352484
0.768024
0.11442
1.49418
0.541448
0.540676
0.960897
-1.28057
0.23919
-0.466312
-3.305
-0.207493
-0.602532
0.959468
-0.301251
-0.0784842
0.00098271
0.735468
-0.287598
-0.283321
1.29354
1.02119
0.529673
-1.12416
0.0277929
0.265344
-0.911921
-0.282309
-0.525849
0.116728
0.726611
-2.27472
-0.630018
-0.839688
0.812394
-2.59244
-0.410543
0.376585
0.254533
-0.468735
-0.279214
-0.708131
0.0430863
-0.543742
1.05966
1.75378
0.0358752
-1.21523
1.60204
-0.425071
-0.937558
-0.402938
0.913524
-0.402857
-2.66168
-0.0420895
-0.654398
0.212873
0.550418
0.63812
1.4612
0.0828626
0.125964
-1.82489
-0.698434
0.392157
-0.331993
0.519983
0.576339
-0.0183464
-0.0976989
-0.763523
-0.042469
0.314769
-0.440945
0.244941
1.95703
-0.594685
-0.42636
2.05394
-1.53437
-0.425465
0.757395
-0.580956
-0.345718
1.61735
0.28855
0.383636
0.55112
-1.41259
-1.66767
0.574748
0.641414
0.230817
0.155413
-0.37025
0.88312
0.597237
0.675565
0.284191
1.46591
-0.731886
-0.908602
1.33074
-1.51845
0.284115
-1.79126
0.105056
-0.833791
0.556958
-0.748828
-0.1653
-0.740267
-0.417146
-0.519991
-1.03418
-0.157864
-0.535182
-0.605083
-0.427957
1.27345
0.742961
-0.559409
-1.3411
-0.972849
-0.328643
-0.104795
-0.340531
-1.5541
0.771033
0.232419
-0.843295
-1.55998
0.423557
-1.01231
0.373783
-0.878998
0.675296
-0.368744
1.02394
0.13798
0.662766
-0.00265865
0.37844
-1.04884
-1.40958
0.780684
0.926966
-1.22497
-1.6341
0.0419024
0.778759
0.456629
0.766725
-0.863995
-1.86261
1.36717
0.00219088
0.183323
2.13017
0.922438
2.46056
1.36183
0.00673861
-1.29294
0.258645
-0.472864
-0.739268
-0.615733
0.753098
-0.2552
-0.907866
1.33899
-0.785817
-2.26884
-1.37277
0.355149
-0.845407
0.901601
-0.400838
0.994368
0.0710594
-0.960517
-1.97306
-0.584468
-0.00387377
0.463756
-0.100678
-0.379454
0.684691
-0.783196
0.712441
1.24529
-0.158407
-0.696609
-0.358943
-1.0426
-0.375171
-2.29456
-0.830408
-0.671188
0.520022
-1.08567
-1.58134
-0.282454
1.34154
1.20937
-1.55894
0.234865
0.772931
-0.863492
-0.294372
-0.662407
-0.905269
-0.354755
-1.2583
2.08134
0.581786
1.28189
-0.839431
0.303896
-0.644766
0.49845
0.547509
-0.668041
1.54167
-0.488711
-0.247111
-1.72578
0.717261
-0.34669
-0.1569
0.606932
-1.28521
1.91332
-0.0686113
-1.50999
-0.241911
0.988665
0.827452
0.956532
0.523827
-1.13712
-2.04478
-0.398835
0.450453
-1.41009
-2.04026
-0.0257035
1.55342
0.99698
1.03198
0.768947
-1.23035
-0.388415
0.171649
1.53335
1.65758
-0.480775
-1.5557
0.832313
-0.206511
-1.97929
0.373286
0.131903
-0.437155
0.648567
2.18214
1.31093
1.24228
0.430845
-1.15886
-1.4863
0.257426
0.0596133
0.923079
0.333642
-1.52436
0.635803
0.429618
-1.5499
-0.82665
-0.538453
-0.529791
-1.08122
0.00895463
0.806105
-0.953571
-0.822259
-0.219087
-2.16589
-0.159844
-0.782574
0.384844
-0.743446
0.250909
-0.409015
-0.533881
0.719847
0.167727
0.0580015
-0.904949
-1.00199
0.398698
0.562784
0.595771
-0.858351
0.776777
0.407472
1.42906
-0.757242
0.861747
-0.202009
0.949984
0.816704
-0.883599
0.411527
-0.259869
1.09272
0.525344
0.0564914
-0.024567
0.796516
0.852958
-1.14432
0.17612
-1.6974
-1.88507
0.987185
0.884659
0.216319
-1.25449
1.33444
-0.327216
0.65211
-0.504075
-0.357701
1.27015
0.12877
-0.396361
0.437958
1.4502
-0.0387796
1.69452
-0.555972
0.595375
0.344055
1.33094
-1.12932
-0.0492346
0.333648
-0.374747
-0.614575
0.091763
0.358262
0.248826
0.620694
-0.720243
0.825001
0.803864
0.668743
0.851871
-1.38911
-1.66281
1.2799
0.653033
-1.11104
0.0437275
-1.5893
-0.356328
-1.2076
-0.742661
-0.388051
0.974646
-0.717666
0.410499
0.807765
1.3633
-1.30053
-0.513384
-0.808645
-0.544227
-0.366104
1.64542
-1.65851
0.839157
-1.35732
-0.499426
0.0540081
0.638331
-0.594316
-0.548305
0.1627
0.515205
0.310164
-0.281134
0.307261
1.20542
-0.758972
-1.21578
-2.01443
-1.25801
-0.454369
1.05202
-1.45141
0.179655
-0.138863
-1.10042
0.600125
-0.839192
0.763972
-0.676702
-0.816706
1.5107
-0.708724
-0.206407
-0.760453
-1.96995
1.53067
1.60176
0.62821
0.0954732
0.782809
-0.170573
0.13625
0.296318
-1.31369
-1.00909
-0.142411
-0.971451
-0.502556
-0.243858
0.0952321
0.36863
0.100835
0.787452
-1.49482
-0.0896187
8.35887e-05
-1.44834
2.0314
0.138799
-0.214957
-0.890905
-0.977381
-0.181096
0.901097
-0.2006
0.14794
-0.0176869
0.888625
-0.39312
0.676021
-0.0791899
1.31831
0.797038
0.854519
1.09429
-0.986185
1.59674
-0.28629
0.0562322
-1.00733
-0.185613
-1.33664
0.331689
0.234546
-0.757261
-0.0545247
-0.375619
-0.74428
0.180629
0.61397
0.980126
-0.0645409
0.597963
1.44726
-0.498672
0.0308427
0.662339
-0.390105
-0.0303602
0.169894
2.33356
-0.0828307
0.505203
-0.991623
-0.067092
-0.004083
0.932298
-0.064988
1.16119
-0.192328
0.418164
-0.81947
0.384878
-2.64213
0.997091
0.738742
-0.105166
-0.364719
-1.19577
0.199161
-0.0724222
-0.933273
-0.0409574
-0.787492
-0.460634
1.9402
0.317496
3.05184
-0.974547
-3.01981
-0.119004
0.289884
-0.942657
-0.919066
-0.947838
-0.540539
1.52821
-0.455489
0.141882
0.466211
-0.570768
-0.190731
-0.33769
-0.878363
-0.645188
-0.312593
1.88136
-0.128359
1.12478
0.321251
1.06169
-1.4628
1.18448
-1.23908
-0.262873
-2.19619
-0.53344
-0.0971404
-0.332746
1.09897
1.6593
1.57348
-1.37631
0.22016
0.103189
-0.155198
1.60625
0.282397
-0.18466
0.127192
0.411111
1.21592
1.77346
0.641019
0.916398
-1.08731
0.693388
1.73863
1.55301
-0.271941
-0.384527
-0.686479
0.797816
-0.80468
-1.01882
0.581466
0.0104531
-0.861071
-0.79771
0.417104
0.420775
0.10704
-2.48902
0.076949
0.034029
0.99719
0.890375
-0.354883
-0.118004
-0.0542334
-0.440909
0.3463
-0.793949
-1.41481
-0.372094
-1.56533
0.57625
0.060102
-0.513638
0.560855
-0.344171
-0.523767
-0.512374
-0.270381
-0.337796
-0.699648
-1.92885
2.10685
0.418133
-1.92073
0.109378
0.369833
0.949608
1.5045
1.17241
0.688942
-0.210458
1.04352
-0.803315
0.14216
1.35617
-1.07265
-0.881446
-0.560715
-0.102965
0.189165
-0.762833
-0.739879
0.0452621
-0.141061
-0.798946
2.33947
-0.689071
-0.858044
-0.288452
-0.0309844
-0.0664018
0.789404
0.52867
0.20276
-1.89087
-0.640773
0.953099
1.00218
0.646334
-1.67186
-0.864237
0.124203
-0.674886
-1.03888
0.201726
0.0812327
1.29548
-0.0677556
-0.399783
0.527768
0.00846415
-0.836097
-1.51393
0.469884
-0.887013
0.373813
1.09247
1.70569
-1.45719
0.815594
1.28737
-0.194083
0.323859
-0.885667
-2.058
0.0294786
0.3444
0.996951
-1.96491
-0.0857193
-0.423736
-0.369445
1.82684
2.47734
1.28703
-1.06896
0.463891
-0.126137
-0.117407
1.6973
-0.0340069
-0.249202
-0.0588395
0.153624
-0.884996
0.842777
-1.05062
-0.00305122
1.60042
0.149616
-0.841013
-0.18809
-1.5443
0.070058
0.98286
-1.18563
-1.60779
1.87297
0.13387
-0.194917
-1.15215
2.20252
-2.58671
1.47093
2.02216
0.891838
1.0668
1.20483
1.52416
-1.23957
0.929352
0.801471
-0.794289
-0.834094
0.693761
-0.0996268
1.74851
3.11788
-0.405537
-0.608598
1.29651
-0.430393
-0.761182
-1.09192
-0.276552
-1.85974
-0.650259
1.20639
-1.46471
-0.948452
0.419726
0.679743
0.957215
1.36428
-1.98743
1.05958
-0.162088
-0.457866
-0.410687
0.172336
-1.41868
0.161687
-1.25577
2.40745
-0.75126
0.284186
1.13046
-0.825234
-0.193658
-0.864712
-0.803332
0.813434
-0.0481329
-1.03942
1.0666
0.0449497
-0.783224
-0.714212
-0.647128
0.548973
0.25092
-1.60582
1.62353
0.363862
1.1432
0.505477
-0.631276
0.972954
-1.23599
-0.090896
-1.66626
0.79593
-0.203525
-1.10884
0.609295
0.100976
1.62906
1.48303
-0.385263
-0.219556
0.730838
1.23044
-0.187702
-1.09288
-0.367191
0.884431
0.154092
0.318807
0.0325716
0.988515
-2.64901
1.20464
-1.09169
-2.18849
2.0862
-0.914803
-0.389091
1.32286
-0.691536
0.375082
-0.0460657
0.88877
0.902422
-0.461787
-0.771725
-1.53394
0.309346
-0.684776
-0.829403
-0.238255
-0.937486
-0.855029
-0.587923
-1.65386
-1.0871
-0.189183
1.07456
0.742127
-1.35076
0.756929
-0.136941
0.00511255
-1.80014
-0.898126
-0.713898
-0.428248
2.52355
0.895584
0.0148204
-0.174092
-0.959947
-0.167106
1.16091
-1.95142
-1.53496
0.394024
-0.137124
0.0485111
0.658497
0.820866
-0.109436
-0.541576
0.0239135
3.1188
-0.347959
-0.73186
-1.58845
-1.00554
1.12155
2.1088
-0.585316
-1.25681
0.754787
-0.394017
0.192017
0.717551
0.197242
0.370707
-1.31001
1.55249
0.874007
-1.66238
0.042587
2.29915
1.26492
-0.41998
-2.58679
0.842076
0.390908
-0.307878
1.36182
0.881492
0.353256
-0.784194
-0.512928
1.17551
-1.42141
-0.145229
0.678591
1.32166
-0.866538
-0.54874
0.38614
-0.181439
0.820731
0.826757
-1.98031
1.18198
-0.499861
1.46653
-1.64672
-1.01595
0.749602
-1.38811
-1.16778
0.39017
1.06739
1.14381
0.650291
0.42853
0.0264955
0.408665
1.76374
-1.39593
0.0296353
0.179215
-1.29568
-0.348735
0.17776
1.03349
-0.12397
0.687657
-0.565031
-2.3993
0.336476
-1.71101
-0.529825
1.18827
0.80723
1.05895
-0.148477
1.24826
0.569295
0.0194318
1.22882
1.01286
0.159477
0.221902
0.172868
1.18765
1.04088
0.452128
0.650069
-0.123744
0.655027
-0.170709
1.38104
-0.0634367
-1.30097
-0.338083
-0.670855
0.336845
-0.413075
1.2987
-0.65901
0.118246
0.151135
0.280658
0.0780819
0.598331
0.875526
0.582231
-2.49533
0.975778
-0.6202
-0.910581
-1.41226
0.181555
-1.04189
0.566229
-0.693357
-1.27479
-0.837573
-1.38133
-0.016989
0.0993015
-1.44571
-1.31209
0.968921
1.22906
0.968975
-1.18021
0.81752
-1.24185
0.267254
1.04211
-0.982736
-0.431192
-0.375253
0.431678
-0.0354547
-0.452883
-0.0985871
-0.134151
-0.455883
-0.84353
0.469874
-1.10818
-0.965057
-1.26873
-0.825747
0.51751
-1.84998
-0.783641
0.572998
2.13969
1.40342
0.832761
0.971782
-1.75322
0.490033
0.705048
1.06989
-0.776768
-0.61789
-0.691634
0.055855
-1.53251
-1.32728
0.258946
0.694748
0.908892
0.445529
0.640305
-0.866837
-0.188165
-0.768762
1.09672
-2.00101
-1.18585
1.22619
-1.23514
-0.526073
0.482523
-0.474532
-1.41842
-0.310305
-1.49763
-0.664996
-0.325289
-0.872698
-1.61797
1.36153
-0.034821
0.516512
0.745133
-1.25944
0.261288
-2.02694
0.754208
1.10354
-0.119325
0.247088
-1.52405
0.470496
0.624138
2.08634
0.682849
2.16505
1.4726
-0.455013
-1.75049
0.58026
-0.728704
-1.19445
0.364276
-0.538751
1.68258
0.697092
1.24972
-0.650108
1.40392
-1.584
0.647031
-0.685997
-0.143024
-0.116215
-0.265571
-1.29307
0.295372
0.0933763
1.06799
0.960016
-0.220114
-0.831353
0.892778
-0.206991
-1.83966
0.365878
-2.1292
0.560076
-0.648261
-0.0279809
-1.33995
0.0987687
-0.0220516
0.192511
-0.791668
0.795112
-0.516369
0.972235
-0.448501
-0.339077
-0.710837
1.90387
0.347778
-0.54141
1.17546
-1.37506
0.15019
-0.187357
0.119808
-1.24118
-1.24181
0.50534
0.0182468
0.358701
0.182266
-0.298129
3.5815
0.49837
-1.00586
0.981717
-0.456445
-0.591601
1.52612
-0.828806
0.563376
0.565535
1.13864
-0.314343
-2.18966
-0.459223
0.730758
-0.035967
0.866894
-1.10976
-0.55077
0.474355
1.38867
-0.354915
-0.0493478
-0.916958
0.209137
-0.591902
0.0439842
0.00560522
0.481085
-0.717876
-0.0855647
0.580169
-0.693537
-0.905791
1.21426
-0.740516
-1.09139
2.28825
0.943902
-0.233069
-0.955406
0.319256
-0.444655
0.372045
-0.171966
-0.927546
0.41454
-1.15491
-0.706318
-0.083811
-0.707355
0.196695
0.87133
-1.38693
0.170331
-1.82158
0.149299
-0.875043
-1.3892
1.52068
-1.39642
-1.80639
0.332645
-0.228926
-0.962873
-0.305441
0.0137671
1.34958
2.07474
0.787883
1.11173
-0.127916
-1.20063
-0.280869
-0.46542
-0.577462
2.13116
-0.676266
-2.07616
0.147433
0.967396
0.988647
-0.926488
-1.17077
-2.05419
1.28182
0.509524
-1.68134
0.588635
0.0305759
-0.419464
1.03257
-1.02483
-1.1043
-0.688963
0.361958
-1.40723
-0.150492
1.04876
1.54559
-0.264172
-0.0797851
-2.81314
-0.759241
-0.142958
0.0186051
-0.413031
-0.0931126
-0.182385
0.199222
-0.065699
-0.640471
0.765036
2.09644
0.33836
0.645865
0.828689
0.744766
-0.341666
-0.638046
0.365572
0.376782
0.317848
1.37276
-0.271084
-1.02226
1.27667
-0.278169
-0.264183
0.234065
0.407226
-0.376103
-0.357057
1.60549
0.695624
0.676946
-0.447963
0.597843
1.23048
-0.209333
0.0305824
2.00328
0.180193
1.60526
-0.747116
0.432992
0.201746
-0.155887
0.341698
-0.815125
1.79716
-0.508428
0.259996
1.31384
0.358926
0.215406
0.676934
-1.70529
-0.488643
0.558502
0.197496
0.0349479
-0.924924
-0.646891
0.589985
1.36072
-1.44562
1.23886
-0.355024
-0.799895
0.950557
0.187658
-0.152296
0.563104
-0.876232
0.353623
0.838149
0.861574
0.293722
-0.505669
0.56084
-0.0257127
2.00334
-0.547953
0.674614
0.141649
0.595398
-0.121884
-0.336906
-1.14756
0.206409
-0.770328
-0.765373
-1.81976
-0.37408
-1.09604
0.241564
1.20588
-0.989317
0.317865
-0.534562
-2.17871
1.46381
1.17327
-1.71834
-0.689599
1.61193
0.388048
-0.928728
-0.996679
0.288925
-0.598722
0.909353
-2.01073
-0.256689
1.886
-1.20591
-0.451007
1.63848
-1.1339
0.400567
0.997599
0.546212
-1.30625
1.12888
-1.399
-1.919
1.73516
-0.750699
1.18105
0.341965
-0.520753
1.20765
0.781504
0.296763
-0.824345
-0.110916
-1.65187
1.44061
-0.245562
-0.234436
0.752396
0.302817
1.29966
1.26222
0.309567
-1.47279
2.34657
-0.958147
-0.162008
-0.0823429
0.329255
-0.153685
-1.21079
-0.729917
1.00282
2.27267
1.18282
0.468816
0.117314
-0.187181
-0.235925
0.550964
1.47129
1.02986
1.38181
-0.272178
2.76272
0.905961
-1.15266
-0.390165
-0.464176
1.3504
0.343931
-0.822711
-0.424971
0.108851
-0.492329
1.6337
-0.656947
0.444734
-1.36937
0.317065
0.558994
0.171102
-1.30639
-0.0411869
-0.176152
-0.992134
-1.1491
0.0203918
1.0836
0.199696
-1.36172
-1.54156
0.592404
0.102592
2.10455
0.451051
0.933223
-1.32616
-1.21186
0.789914
-1.60788
0.607091
1.37211
-0.652546
-0.0275541
-0.0737065
0.853464
-0.398695
0.750427
0.219542
0.551338
-1.21654
-0.520411
-0.364665
-1.05024
0.686145
0.278087
-0.808155
-1.11803
1.90495
0.844399
-0.165349
-1.50345
1.31771
-0.475257
0.0658617
-1.41925
-0.651816
1.31037
0.751525
0.667548
-0.0020564
-0.0691971
0.943176
-0.567104
-1.35171
1.40536
-0.640789
0.727537
-0.324907
0.981272
-0.473286
-0.732238
1.03159
-0.0330754
-0.247627
0.58694
-0.442372
-0.262429
-0.245729
0.882064
1.81814
-0.72517
0.692229
-0.936732
0.434495
0.688135
3.14828
1.69036
0.604137
-1.01876
-1.64215
1.00035
0.248197
-0.492348
-2.30201
-0.121808
-1.0855
-0.0505864
-2.59158
0.658184
0.737486
-0.578924
2.06624
0.0830902
1.30386
-0.530142
-0.440725
-1.01077
-1.07921
0.646135
0.113618
0.111951
1.03742
0.4349
-0.666868
-1.35591
-0.319584
-0.648348
0.275357
-0.186961
1.5356
-0.636916
-0.28231
0.873173
0.211302
-0.910731
0.647244
-0.831249
1.28235
-0.738053
0.0345441
1.44443
0.236787
-0.444518
-0.48889
-0.0445636
0.722728
0.70601
1.42849
-0.331141
0.951124
-0.826561
-0.587627
-2.18168
0.54156
-0.275794
-1.64231
1.17198
-0.0351003
-0.513997
1.85895
-0.0479036
1.28947
0.983325
-0.214755
0.902991
1.30271
2.23887
0.449987
-1.79964
-0.509501
0.677879
0.00124275
0.591593
-0.482138
0.0136276
-1.05156
-1.8846
-0.131168
0.380879
0.325101
-1.0329
-1.99332
1.01625
0.151714
-1.04142
0.690641
0.809737
-0.01229
0.468584
-0.969124
-1.22191
-1.67434
-2.0734
2.49572
0.72768
-0.47387
0.0191996
1.11879
-1.02064
0.0538019
-0.454927
0.895565
-0.183544
-1.51184
-0.095376
1.53186
1.08962
1.51979
-1.23873
-1.1263
0.0762376
0.77983
-1.22852
-0.522989
0.235173
0.701976
1.62934
-0.749235
2.42143
-0.0282931
-0.773413
-1.74145
-0.382353
0.812949
-0.746456
-0.0296945
-0.748997
0.188635
-2.454
-2.59852
0.516194
-0.477889
0.0272409
1.0157
-0.60027
0.221217
0.387653
-0.531092
-1.66826
-1.4571
-0.589716
3.06582
-0.396896
0.700155
0.777637
0.475556
1.38369
0.92412
-0.0324729
1.28788
0.603803
-2.18087
0.40277
-0.382755
-1.01411
1.28133
0.637157
-2.75595
0.792295
1.61308
-0.0473561
1.68634
0.0857714
-1.21464
0.486292
0.608374
-0.587455
-0.00159169
0.322969
-0.131699
0.88303
-0.81077
0.345284
0.251786
-0.774096
-0.223223
-0.422903
0.941071
-0.616094
-2.41054
0.344991
-0.085735
0.251683
-3.00205
-0.245606
0.576324
0.926512
0.182243
0.200706
2.07236
1.42191
-2.13129
0.987709
-1.57107
1.18483
0.109867
-0.844008
-0.118558
0.879477
1.06756
0.83062
-0.922922
0.0718955
0.0363334
1.67353
0.579914
-0.371141
1.78339
1.94377
0.18296
-0.449512
-0.629485
1.23972
1.83617
-1.05397
-0.286285
-0.661889
1.57143
-1.65732
-0.446826
0.519011
-1.36064
0.642686
0.155726
0.537354
-0.198918
-1.90725
0.6215
-1.22094
-0.248731
1.3035
-0.11284
0.29927
-0.169702
-1.24836
-0.265363
1.58431
0.707852
-0.1744
-0.754588
-0.761961
0.604303
3.23101
-1.09478
-1.56959
2.89594
-1.08229
0.135278
0.335673
-0.820103
0.50605
0.0600876
-1.70374
-0.144263
-1.32781
1.39583
0.510537
-0.722145
0.55483
-0.0606212
0.178488
0.131032
0.404147
2.18458
-0.826129
1.21431
-1.09478
-0.435249
-0.935757
0.841777
1.36049
-1.86711
-1.22836
1.0947
-0.53783
1.44722
-0.495506
-2.18931
0.452694
-0.467424
0.0332994
0.57387
1.99082
0.378
-0.0536611
-0.789679
-0.866829
-0.185755
0.835472
0.370467
0.243907
-0.235561
-1.10165
-0.600774
-0.782499
0.804753
1.72186
-0.57046
0.631298
-0.180379
-0.508476
0.219549
-1.55336
-0.097472
-0.897578
-1.2114
-0.806099
-0.601738
0.834117
0.081059
0.889991
-1.07279
0.483735
-0.0464719
0.223009
0.758868
-0.390965
1.23206
0.494573
-0.069813
-0.373054
-0.452247
0.859393
-0.641317
0.226318
-0.25918
-0.341328
0.859957
0.1546
0.268057
-0.579496
-0.807454
0.855694
-0.153799
0.301949
0.510542
-0.966341
-1.15071
-0.270438
-0.824283
-0.577051
0.216357
-1.11509
-0.493437
-0.657775
-1.44811
-2.01915
0.245994
-0.497943
0.0211195
-1.25776
-0.546274
-0.423969
2.06693
-0.327929
-0.596857
-1.80273
-0.657797
1.43064
0.901674
0.0735271
-0.559542
-0.0394439
-0.358889
-0.947193
-0.043451
-0.185517
0.290466
1.0631
-0.227667
-1.60256
0.487803
-0.0149183
-1.07497
-0.070347
-0.817385
-0.526814
0.65892
0.718605
0.219463
-1.34683
0.562387
0.232577
1.25921
0.201214
0.471389
0.0168517
0.148393
-1.82224
1.27388
1.03899
0.735726
1.31816
1.75902
0.176358
0.838089
-1.15615
-1.31015
0.604131
0.322718
-0.220964
0.630844
0.50232
-0.944811
-1.93433
1.36931
0.187297
0.804595
-0.225782
1.30819
-2.23453
1.8754
-0.6727
-0.0417713
-0.0933557
1.55448
0.568499
-0.21866
-0.21721
0.74726
0.232709
-0.449745
-0.720893
-1.37251
0.0472784
0.331177
-0.646477
0.478105
0.688334
0.945158
1.50895
-1.44962
-1.21906
0.273949
-1.70501
-0.156016
-1.42862
0.656095
-0.338541
1.00746
1.17245
-0.751053
0.305576
-0.614419
0.140057
-0.586834
-0.735837
-0.59887
0.00976875
-1.07865
1.78637
-0.26688
0.622184
0.778195
1.86182
-0.137345
-0.360969
-0.695886
0.0170738
2.18727
-0.71727
-0.650091
0.297424
0.27856
1.36305
0.754331
-0.736019
-0.655583
1.23295
1.0328
0.0696619
-0.927504
1.43618
-0.0636059
0.582254
-1.26541
1.54135
1.53837
-0.745229
-0.00977383
-2.57821
0.74708
-0.489933
-0.770936
-0.515866
-0.606217
1.13695
0.47578
-0.255329
1.52222
0.424173
2.16995
0.405905
-0.00534077
-1.15731
-0.174827
-0.670085
-1.1643
-2.8092
-1.09345
1.40034
1.02803
-1.42653
0.15823
1.03632
-1.75729
-0.18047
-0.769587
0.0442547
0.861117
-0.0559647
0.64461
-0.14427
-1.16429
-1.24947
0.230649
0.169487
1.89321
0.574023
-2.1086
-0.502029
1.67145
-1.33181
-0.557267
-2.33701
-0.83659
0.974717
1.17667
0.47664
-0.801233
0.159984
-0.32547
-1.52155
-0.336543
1.96971
-0.399048
1.34818
1.40999
0.94585
0.221089
1.86204
-0.1214
1.69513
-0.81263
0.571709
0.139232
-0.181743
-1.47618
-1.95132
-1.09136
1.55926
-0.838557
1.42143
-0.68942
-0.656821
1.14501
1.67994
-0.0719992
-1.10708
0.71099
0.279654
0.458313
-0.645476
-0.111234
-0.609545
-0.759062
0.937309
0.108343
1.61566
0.21703
-0.395754
0.0945508
-1.71199
-0.0683895
0.144911
-0.119297
0.203793
-2.6119
-0.552831
0.405898
1.02254
0.0644734
-0.289202
-0.911719
-0.214483
0.674745
0.46048
-0.286441
0.316942
-1.02085
0.89204
-0.427585
-0.0213073
-0.326289
-0.469693
-0.223103
0.216339
0.573492
0.90696
0.838843
0.117781
-1.617
-1.44155
-0.133309
0.288247
0.465471
-2.63219
-1.17196
-0.34002
-0.593356
0.000364456
-0.497876
-0.330995
-0.386415
0.407015
-1.76887
1.22153
-0.510694
1.01032
0.0109303
-0.545608
0.867519
-2.04029
-0.210876
-1.12169
-0.0806541
0.758249
-2.34427
1.10435
1.2222
-0.627782
-0.682003
0.689316
0.362792
-1.04635
-0.669496
0.467628
1.53613
1.78199
0.862691
0.560233
0.710162
-2.28697
0.0966728
1.6158
-0.0463092
-0.145958
-0.413465
-0.496644
1.15535
-1.46427
-1.32741
1.44988
-1.91581
0.947153
-0.158185
-0.821724
2.48454
0.491679
-0.573189
-0.983351
-0.207959
2.32852
0.641518
1.48155
0.367197
-0.212585
1.00303
-1.75661
1.01355
0.0954011
-1.47282
0.279247
-0.833906
-0.690348
0.718494
-0.830974
-0.289357
-0.087586
0.537385
-0.00362628
-1.58522
0.238437
1.4797
1.21007
1.22553
0.930784
1.24466
-0.689703
-1.05606
0.596561
0.0808071
0.748008
-0.00386199
0.324019
-1.18426
-1.24588
-0.230533
-1.53865
0.44414
-0.0904901
0.539748
0.784858
0.31661
0.0691489
-0.243144
1.92063
-0.551565
1.26414
0.361025
1.61886
-0.783975
0.143713
0.356392
1.1721
-0.680915
-1.79823
-0.50092
-1.14537
0.878324
0.378165
-1.48878
-0.575824
-1.13972
-0.274827
-0.24651
-0.535028
0.171204
2.48312
0.177556
1.43866
-0.146006
0.962818
-0.861371
-0.325109
-1.03955
0.519844
0.619633
1.66055
1.68082
0.50411
-1.27986
-0.566593
-0.623612
1.07276
-0.247527
1.09765
0.0201797
0.352576
-0.480318
0.634749
-0.835307
-1.12845
1.05892
-0.596478
0.578875
-0.668504
0.83362
-0.90361
-0.256436
0.324751
-1.11236
-0.333719
-0.0392782
-0.0677463
-1.11695
1.30817
-0.0784014
-1.09328
0.632995
1.40268
-0.137548
-0.44972
0.0229373
-0.250529
2.52769
-2.68432
-2.8413
1.53037
-0.514673
0.435667
1.21269
-1.42
0.626053
-1.67666
0.795544
0.812704
0.384629
-1.28881
1.72148
2.41734
0.771864
0.852257
-1.72061
0.182157
-1.41049
1.09083
1.69178
-0.525616
-0.737494
1.33324
-0.845657
-0.0407948
-1.95676
-0.333816
-0.387669
0.363572
-1.26053
0.0634312
-1.56292
0.635739
0.0878644
-1.67176
1.54789
-0.530125
0.771346
0.00224339
-0.102307
0.355827
0.775806
0.16858
-0.494316
0.172727
-2.0467
2.21125
0.966776
-0.155597
0.275238
0.294435
-0.878545
-0.646957
-1.34617
-0.171992
1.07286
-0.478489
-0.487244
1.45935
-1.37503
1.82609
-0.0173814
-0.121721
-0.675155
0.0193491
0.45323
-0.740995
-0.899263
-0.545894
0.384745
-1.04642
-1.09954
0.404025
-0.063893
0.443368
-0.0955106
0.688291
-0.210367
3.08438
1.47269
0.992451
0.858107
-0.618076
1.46197
-1.09143
-1.37692
-0.10901
0.512001
0.345581
-1.92423
2.09293
0.54045
0.981487
-0.283329
0.524984
-0.0610102
-1.76666
0.695562
0.563782
0.178301
-0.195146
-1.21805
0.694592
-0.429905
0.880435
0.0700927
0.517703
-0.177659
-0.359394
-1.0525
1.45331
1.36053
0.856163
-0.519843
0.477737
-0.688804
-0.61995
0.687446
-0.671247
-0.346222
-0.355802
1.33889
0.624216
-0.209051
0.458854
0.157345
-0.922481
0.532077
-0.337638
-0.340613
-0.39217
-0.158546
0.294188
0.963633
0.884606
-0.560427
0.672086
-0.893167
0.248487
-0.787858
-0.267832
-0.187724
-0.571686
0.0652319
-1.60067
1.4193
1.14774
0.175487
0.559986
-0.994283
1.01083
0.88033
-0.327673
-0.514231
0.910739
-1.0629
0.881676
-0.251465
0.793797
-1.526
-0.232983
0.225595
1.38426
-1.56131
-1.86593
-1.17931
-2.10951
0.67815
-0.277264
-0.171773
1.41242
-0.267037
-0.682379
0.242459
-0.509117
-0.459804
0.280655
-0.175895
0.608441
-0.195706
-0.136137
-0.316219
-0.233914
0.433268
-0.674185
-2.37366
-1.03739
-0.723187
-1.49017
-0.238807
0.26259
0.0567721
0.405195
-0.695645
0.133738
0.534269
-0.833005
0.0151814
-1.46887
1.11441
2.48114
1.30782
0.296109
0.372533
-0.694514
0.309303
-0.361
-1.25686
-0.348897
-0.44103
-0.0117308
-0.300465
0.757765
-0.901169
-1.41279
-0.742386
-0.0864347
-0.324779
0.0885451
2.07136
-0.0208814
-1.86857
0.190811
0.357198
0.482159
0.8772
0.462679
-0.381207
-0.390012
1.14894
0.688326
0.951833
-0.00785946
-1.07118
0.527536
-1.0947
1.27613
0.671825
0.648559
1.5374
0.0288633
1.56957
-2.27789
0.550929
0.474265
0.538221
0.0420152
1.44338
-1.27485
1.32267
-0.132346
0.5367
0.324797
-0.693756
1.16289
0.513122
0.647241
0.729076
-0.426463
-1.59095
1.20772
0.958054
-0.478406
1.02049
1.39477
-0.630679
-0.0749024
0.373384
-2.39002
-0.645733
-1.88112
-1.13996
-1.4426
0.275216
-1.97054
-0.253478
0.817032
0.915802
-0.827137
-0.812442
1.5652
-1.44081
-1.15746
-1.25016
0.230384
-0.606905
1.1181
0.00395022
0.456077
-0.72247
-0.870104
1.21768
1.37115
0.0285486
0.339674
-0.146244
-1.19911
0.45931
-0.239889
-0.32464
1.10935
0.856455
-1.04754
0.969485
-2.08621
0.798067
0.289154
2.01952
-2.20945
-0.432498
0.552609
0.110985
0.401507
0.751432
-0.04324
-0.615619
-1.05782
1.35138
-1.82163
-1.38246
-0.975146
0.54915
0.729007
0.795517
1.40596
-1.89725
-0.725621
-0.279437
-0.627981
-0.00865174
-1.60008
0.808233
0.750443
0.322231
-1.84464
-1.83392
-0.250432
-0.512414
-0.694141
2.55994
-0.374296
1.93473
-1.38587
0.629836
-0.321804
0.607125
0.247792
0.518337
0.955617
1.75613
-0.927089
-0.0291062
0.905714
-1.51162
-1.09936
1.05862
0.526792
-0.433626
-0.691566
-0.118354
2.35693
-0.940422
-0.705892
0.480377
-0.166022
-0.0859876
0.200284
0.183674
-1.19335
-2.09752
-0.595186
-0.65009
0.207154
-0.346823
-0.807812
-2.36831
1.79083
-1.95537
0.98509
-0.0170734
0.0839352
0.336399
-0.16397
1.29166
-0.938875
0.76786
-0.884774
1.44198
0.891977
0.585694
-0.0923829
1.49488
0.390212
-0.516605
-1.48137
-0.144532
-0.225503
-0.392074
-2.16529
-3.04464
-1.00031
-0.662274
-0.114229
3.14009
0.416416
-0.039536
-1.83028
0.909137
-0.514087
-0.256606
-0.0451881
0.544436
-0.377004
-0.846316
1.42431
-1.09607
0.716814
-0.21963
-1.45406
-1.73368
0.729393
-0.118843
-0.159911
-0.290204
-1.04446
-0.25526
-0.304547
0.674197
0.0963214
-2.07424
-1.64744
-1.22075
1.19145
0.446125
1.18611
1.06973
0.522344
0.368454
1.10274
1.94668
-0.793832
0.907689
0.72949
0.475096
-0.49816
0.429689
0.323094
0.907001
1.23939
-0.223316
-0.489452
-0.872868
-0.155159
-1.97546
-0.935574
-0.645148
-0.39263
-0.0569675
-1.97488
-0.0907725
-0.932082
0.685228
0.170129
-1.33492
0.930517
0.602871
-0.518617
0.411513
-1.74941
-0.168233
-0.643008
1.59962
-1.13475
0.969525
1.43042
-1.91491
-0.554578
-1.69165
0.99707
1.24941
0.182559
1.12782
1.3036
-0.0553239
-0.618795
-0.681088
-0.257462
0.132886
-3.10715
1.54509
-0.194438
1.65824
0.803625
-0.408041
0.703462
-0.161716
-0.333735
0.00740516
1.53934
0.417551
-1.19799
0.908651
0.123216
-0.793703
0.163714
0.528356
-1.594
1.62522
-0.348395
1.05535
1.01006
-1.00655
0.674244
-0.0440835
-2.07569
1.34168
-1.79083
-0.0951371
1.02436
0.817106
-0.0450969
0.934848
-0.413875
-1.01157
0.0854754
0.112129
0.47347
-0.709478
-1.60366
1.35243
-2.12944
0.334146
0.333429
-0.629864
1.19452
-1.4486
0.986864
0.144079
-0.975595
-1.26162
0.410715
-0.149584
0.370078
-1.72866
1.24912
0.535258
1.31549
1.36042
-0.875261
0.299149
0.61333
-1.87873
-1.32417
-1.0908
-0.431667
2.30915
0.418865
0.384112
0.183351
-0.614729
-0.489216
0.888893
0.72915
0.724682
-0.377442
-0.219762
0.279116
-0.934242
-0.620027
0.445916
0.644117
-0.386824
-0.465447
0.629073
-0.699259
-0.976987
-0.553995
0.734207
-0.976589
-0.0861392
-2.08496
-0.848986
-0.654974
0.221651
0.764748
-0.409245
-0.425886
-1.08455
0.447579
1.1956
-2.41131
-0.912854
0.167845
0.0591425
0.257119
-0.749821
-0.140751
-0.932997
0.369616
0.0787522
-0.547228
0.384328
-0.910446
1.43526
-0.258435
-0.100618
-0.780277
-0.185046
-0.600155
-0.97489
-0.488988
-1.65974
-0.28905
1.43405
-0.365152
0.528399
1.16802
-1.85713
-0.392513
0.945376
-1.14122
3.23256
1.43423
-0.969231
1.86641
-0.937915
0.454415
0.692979
0.28217
1.17782
-0.301538
-1.23226
2.67677
-0.875748
1.31259
-0.112792
0.243595
-0.586853
-0.226746
0.105608
0.945255
-1.48523
2.22935
-0.0289762
-1.24752
-0.201256
-0.306377
1.19589
1.83794
-0.530857
0.480213
0.301596
1.69871
2.25758
-0.927494
1.23041
1.04709
-0.0494817
0.319659
0.174249
0.543701
-1.11604
-0.390497
1.72724
0.988636
0.487594
0.793035
1.24554
0.104649
2.21345
0.273691
-0.496158
0.443124
-1.59113
1.84056
0.00400886
-0.354315
-0.823732
1.61518
0.878607
1.29421
0.233416
0.334158
-0.195166
-0.109648
-0.891775
-0.792823
0.0883378
0.175033
-0.104526
0.228775
1.2582
0.31544
0.583382
0.0199402
0.759213
0.476295
-1.10076
1.40774
-1.43242
-0.128581
0.239503
-0.169227
1.01419
2.18991
-0.0430715
-2.35523
-0.238558
-0.720734
2.77867
1.25823
0.195043
0.306288
1.82606
-0.814842
1.1067
-0.667965
-0.479328
0.81752
-1.20708
-0.975345
0.265987
0.870409
-0.613556
1.04061
1.41589
0.975276
-1.76908
-1.38576
0.467173
1.80082
0.416592
0.158319
-0.483299
0.0652688
1.27052
0.700647
-1.09299
-0.942691
1.21408
0.293017
-0.0246974
0.446867
0.736151
-0.638553
0.484797
-0.656297
-0.362834
-0.302103
-1.32564
1.00869
1.14857
-0.0818065
1.71926
-0.160246
-0.578042
1.07359
-0.793795
-0.541203
-0.410159
0.902198
2.19578
-0.481927
0.495487
-0.100643
1.32326
0.0451629
2.02903
-0.711346
-0.359174
-0.135084
-0.0477424
0.756744
-0.592095
0.274902
0.532897
-0.51481
1.85611
-0.400163
-1.69405
-0.0717352
-2.79233
-0.287351
0.380132
-0.230737
0.538651
0.568568
-1.15289
-0.610698
-0.0889211
0.864504
-0.98986
-0.765585
0.582915
1.14765
-0.42836
0.819802
2.58273
1.88205
-1.27212
-0.122348
-1.8367
-0.432242
0.868261
0.910026
0.405422
-0.88823
-0.545133
-0.414957
0.175445
0.136267
-0.118653
-1.15582
-0.357367
0.808764
-0.363503
1.36607
-0.337784
0.229584
1.20285
1.35301
-0.307956
0.274521
-0.131862
-2.44575
-1.39098
0.46641
-0.20544
-0.60477
0.0782735
1.77594
0.494533
-0.792154
-0.11059
0.339544
1.26433
2.28334
2.41064
-0.490827
-0.0257057
-0.640327
0.889662
1.32867
0.71773
-1.15683
-0.862974
-2.93829
1.55756
-0.415837
-0.245902
0.105889
-2.35679
0.266793
1.01357
1.80458
0.581167
1.57478
-1.72287
0.131238
1.13094
0.0297472
-3.39724
1.11164
-0.360379
-0.0963362
-0.508166
0.357352
-0.428202
-0.85582
0.621399
0.456775
-0.903174
1.23345
0.50498
-0.234457
-0.122263
-0.206911
-0.00870078
-0.836927
0.598626
1.42249
-0.419089
-0.987238
0.167914
1.43153
-0.707942
0.813715
0.443681
0.00690516
1.038
0.147043
-0.587968
-1.25161
-0.87024
0.340433
-1.16619
0.215996
-0.869919
-0.443037
1.44152
-3.5535
-0.495122
0.976108
-0.512495
-0.76031
2.69783
1.56987
1.48574
0.600323
-0.793167
1.12266
0.909532
-0.829543
-1.02435
0.90368
0.848171
0.595641
-0.230901
0.531427
1.19514
-0.888291
1.29275
-0.661045
0.634444
-0.0480046
0.46493
3.00965
0.762179
-0.117313
-1.11245
-1.02167
-0.0389979
1.86975
-0.744539
0.30838
0.411204
0.499216
-0.739029
-0.467902
-2.46461
1.6984
-0.934967
-1.78655
-0.567656
-0.316091
0.972419
0.163998
0.984695
-1.28277
0.656011
-0.149611
-0.393909
1.62826
0.613467
0.364276
0.750364
-0.299518
-1.69843
1.04205
-1.11519
0.345031
2.55502
0.0291592
0.0335156
0.0479014
-0.693851
0.349177
-0.677046
0.269401
-0.646702
-1.89348
0.633008
-2.33714
-1.06651
0.33017
0.531832
2.08394
1.01654
-1.01884
-0.467625
1.16713
0.124002
0.399861
0.547485
0.56993
0.928064
-1.52063
0.114855
0.380756
0.931481
-0.586052
-2.29633
0.583469
-2.04454
1.22861
2.07793
1.75743
-0.432514
-0.438068
-1.0238
-0.0173072
0.426609
-1.15773
0.786232
0.706254
-0.165749
2.03296
0.655325
-0.550944
0.365142
0.244345
-0.199286
-0.541287
-0.239953
-1.06511
1.50423
1.23437
-0.423844
0.574544
0.00969541
-0.554391
-2.56924
0.062887
0.882416
0.766587
0.24411
-1.30457
0.0199538
1.6235
0.457554
0.0713969
-1.22299
-0.371022
-0.696849
-0.408751
-1.7136
-1.27176
-0.588368
-0.999206
-0.724093
-1.61849
0.848923
0.57908
0.187686
0.126103
0.934495
0.247884
-0.503003
-1.71288
1.58347
1.19299
-0.834219
1.03804
-0.793363
0.394488
0.392898
-0.795901
-1.63881
-0.600412
-0.10919
1.40453
1.61123
0.631653
-0.428506
-0.634847
-0.656406
-1.39426
0.430873
-0.363281
0.257615
-0.278336
-1.07733
-0.553032
-0.709788
-0.143711
-0.873181
0.427089
0.539562
-1.28203
-1.00384
0.337772
0.024989
0.336887
1.29954
1.41581
2.18927
-0.282753
0.0848475
0.961949
0.310149
0.762342
-0.52259
0.950873
-0.150796
0.632844
1.63235
-0.53152
0.378336
-1.77144
0.316928
0.509258
-0.486458
-0.119131
0.626214
0.32904
0.947151
-0.265278
0.050775
0.913472
0.0680414
0.734537
2.58436
-0.992751
0.223307
1.93585
-1.21796
-1.22548
-1.29128
-0.146129
-0.438328
-0.764435
-0.0201942
-1.1798
1.82405
1.076
1.20914
0.973642
-1.14841
0.505193
1.12505
0.95341
-1.41597
-0.0248472
0.272285
-1.46167
1.67772
0.598079
-0.366098
1.91529
-0.0929687
-0.927453
0.957114
-0.223588
-1.50132
0.278717
-0.760013
-1.5388
1.52411
-0.731539
0.152337
0.324312
1.56379
-1.3291
-0.21095
0.50135
-1.27549
0.232113
-0.247694
1.18393
-0.223342
0.973829
-1.66989
-0.559687
0.69261
-1.18551
2.27475
-0.57824
-0.280992
0.3582
1.00583
1.35362
-0.96132
0.328105
0.143292
-1.43945
-1.15086
-1.0818
-0.596815
-0.93697
0.835277
0.166735
1.33619
-0.596631
0.653117
-0.984835
-0.735681
-0.729768
-0.949706
1.20568
-0.425679
0.48464
1.02444
-1.59015
-0.378696
0.341516
1.3024
0.476841
0.210156
0.147651
-0.941878
0.111072
0.191772
1.11115
2.46792
-0.222746
-0.22278
0.803577
0.517113
0.266351
-0.755235
-0.747726
1.38517
-0.745588
-0.80711
-0.920135
0.46153
0.919359
-1.38233
0.65021
-0.300214
-0.344983
-0.198762
-1.75586
1.49588
0.701533
-0.899728
-1.22442
1.05267
-0.259033
1.94577
1.48113
0.636265
1.47336
0.274356
0.812249
0.769766
0.582709
0.701226
-0.695079
0.968419
-0.673475
0.00427361
1.26349
-0.707444
1.0178
0.165225
-2.53813
-1.3131
1.5946
1.36359
1.0436
-0.777534
0.973199
-1.43514
-0.59427
1.48582
-0.109272
0.698932
0.375467
-0.828793
-0.836795
-0.321572
0.629223
-0.390561
-0.554611
-0.338078
0.923018
1.3685
1.05196
-3.23492
0.566767
-1.70041
0.537245
0.522417
-0.568461
0.140661
0.688919
1.25602
-0.690556
-1.18919
-0.0885858
-0.109403
0.818438
1.08771
-0.987501
1.27386
-2.12174
-1.61063
-0.524765
-0.15162
-0.00640661
-1.4316
0.994205
-0.693968
1.36653
0.308859
0.237759
0.902041
0.262628
1.19621
0.715727
-0.5703
0.32435
-0.849522
2.08319
-0.929386
-0.585381
-0.26261
0.363679
-0.14741
0.135412
0.718077
-0.584894
1.36887
0.70096
-0.513879
-0.807681
1.05847
-0.40555
0.0607457
1.33754
-0.480429
-1.3293
-1.51841
1.06813
0.0702905
0.94039
-1.20333
1.69055
-0.116062
1.72435
0.274712
-1.3252
0.898565
-0.552199
1.82006
-0.237656
0.300844
-0.486725
0.200562
-0.10187
0.261867
-0.278748
0.238988
-0.131216
1.98768
-0.508887
0.95559
-0.33143
1.08817
-0.783876
-1.16696
-0.768927
0.00200314
0.56537
-0.471366
0.527928
-1.15133
-0.21457
1.92951
-0.489673
0.417351
-0.517143
2.17103
0.507328
0.520779
-1.8709
-1.51383
-1.48141
-2.04685
-0.190679
0.222015
0.559238
-1.6047
-2.18394
-0.699308
-0.171556
1.78503
-1.08821
0.291544
1.4079
0.637646
0.081834
0.489622
0.252933
-1.0432
0.548088
0.14965
-0.691095
0.845694
1.34253
0.124607
0.99044
0.200405
-0.744619
-0.453568
0.681026
-0.0400586
-0.938861
1.87831
1.43017
-0.866053
-0.981065
0.167218
-1.51033
1.42743
-0.606088
0.0819975
0.682699
0.861063
0.72685
3.0119
-0.189987
0.680294
0.515927
1.52983
0.810986
0.929629
1.35459
-0.623985
-0.362611
0.306982
-0.316101
-1.92825
0.70448
-0.486962
1.17708
-1.27946
0.590021
0.964102
-0.532752
-1.50244
0.516727
-2.84209
0.846794
-0.174789
0.606393
-1.15759
-0.623569
-1.51182
0.131502
-0.0229438
0.509418
0.290497
-0.084773
0.15785
-0.469997
1.1933
-0.474636
0.39836
0.819813
-1.4117
-0.611338
-0.36263
-1.02549
-0.433192
1.33639
-0.337028
0.0746943
-0.219854
-0.118375
2.033
0.543852
-0.0300852
0.452229
-0.58946
-0.265265
-1.41639
-0.549583
-0.208253
0.578883
0.733872
2.0318
-0.0532973
0.346575
1.46336
1.92152
0.234431
0.48921
0.946365
-0.363293
0.575204
0.450915
1.09574
1.64198
-0.0305412
0.791016
0.652212
-1.65963
-1.45339
-1.07879
0.212145
1.90615
0.899899
0.180233
-0.737572
-0.846219
2.15889
0.27352
0.311756
-1.65171
-0.316172
-0.475385
-0.32923
0.408809
-1.00069
0.761032
0.28383
0.296369
-0.654866
0.332986
-0.453652
0.636083
-1.32088
0.0720618
-1.2098
1.77764
-1.48984
0.00333727
-0.160724
0.544682
0.0741742
-0.37045
-0.091218
0.580258
-1.46837
1.28669
0.106438
0.670731
-0.461045
-0.658108
-1.56309
0.345258
-0.867349
0.398503
-0.0914166
-0.669978
1.71771
0.672857
0.471901
-1.12404
-0.468722
-0.122821
-2.92707
1.17118
0.767018
0.458187
0.332781
-1.50274
-1.13473
-0.185112
0.601462
0.900086
-1.19877
0.381064
1.27559
-0.480509
0.724407
-0.294993
-1.91487
0.0408794
-1.9054
-0.171328
1.97689
-1.13998
2.2241
-1.12112
0.103308
0.924075
-0.660091
1.59969
2.34563
-0.581678
-0.188348
0.245809
-0.239826
0.41837
-0.347157
1.24748
-2.0534
-0.716699
0.369045
-0.424149
-0.588726
-1.85754
0.947018
1.0122
0.0860328
0.867154
2.09339
1.7515
0.115143
1.29855
-0.646729
-0.296379
-1.03405
0.686233
2.23276
0.50002
-0.612762
-0.522703
0.0624991
-0.890383
-0.821841
-0.44465
0.877033
0.745815
-0.389748
-1.49092
0.492593
-0.126315
0.751167
0.911314
0.109742
0.06087
0.828715
-2.12999
-1.29055
-1.25701
-0.0872649
0.240857
-1.32181
0.849154
-1.23613
-0.7195
-0.0171132
-0.697504
-0.264254
-0.747664
-0.750309
-0.462519
-1.10617
-0.754261
-0.266065
0.413243
-1.87033
0.417617
-0.0973188
-0.404252
-0.239552
1.83406
0.619032
0.659666
0.596815
-0.250237
0.230159
-1.44933
-0.616085
0.189481
-0.825044
1.16823
-1.72707
1.79741
0.565098
-1.09113
1.67673
-0.162705
0.840394
0.216043
-0.663507
-0.431028
1.37598
3.46969
2.06269
-0.648523
1.81237
-1.06825
2.18668
0.555901
-0.907044
-0.632079
0.53429
-0.20386
0.0628935
-1.40386
0.997256
0.444871
-1.2749
-1.94376
0.924292
0.516172
-0.419617
-0.966375
0.0970572
-1.42981
-1.03542
-1.62631
-0.505247
0.060547
0.87539
-0.893656
-0.60478
-0.818644
2.51757
-0.591316
2.13204
0.0322385
-0.128578
-0.438861
0.242798
0.470678
0.811011
0.131494
0.0833227
0.285938
-1.07475
-0.493575
0.532481
0.739612
-1.16378
-1.78018
1.72085
-0.104614
1.22427
0.957816
1.81604
-0.179556
-1.07013
-0.226675
-1.22823
-0.488336
-0.80299
-1.16812
-0.39899
2.97392
0.0363184
0.1773
0.272996
0.754117
0.0792027
-0.179633
-0.420551
-0.974322
0.534762
0.0201185
-1.8774
0.763926
0.259853
-1.40911
0.407454
-1.0819
1.3567
0.780115
-0.782608
1.531
-2.06779
-1.46365
-0.730982
1.39177
1.43627
-0.0361959
-0.346761
-0.117672
0.3838
0.454515
-0.347955
-0.719335
-0.194273
0.466906
-0.468862
0.118117
-0.00486924
-0.968666
-1.99445
-1.95475
-0.37941
-1.20943
0.714191
0.475717
1.12872
1.67068
0.921051
-0.596405
-1.0845
-1.27902
1.12658
1.61407
0.981843
-1.39033
0.713173
-0.260187
0.743652
-0.00180004
0.644345
-1.34026
-1.18282
0.36404
-0.0163057
0.954226
-0.0599929
0.000506998
1.29274
0.327492
1.53776
0.394711
0.0342035
-0.595256
0.215356
-0.861499
-0.404907
0.190411
0.145054
0.72855
-0.337976
0.5549
0.738837
-0.845044
0.74322
0.653659
-0.764971
0.597028
-0.0823376
-1.35989
-2.55814
1.86766
-1.48407
1.20984
1.37877
1.51972
0.281794
0.786727
-0.390164
0.461497
-0.495629
-1.12306
0.136581
-0.0560972
-0.683407
1.63654
0.572801
-0.405278
0.301446
1.4024
2.39631
-0.00994086
-0.143231
0.607123
-2.23946
0.622576
0.231247
1.50334
0.976366
-0.341974
1.46798
-0.938812
1.61676
-0.369661
0.961631
0.445605
0.556186
1.24306
-1.13866
0.228334
-1.62729
0.622516
-0.265324
0.391568
-0.462623
-0.080643
1.42049
0.113776
0.00575204
-1.19959
0.130635
0.536619
-0.352542
-1.4884
-0.660773
-1.19449
0.0823182
0.316099
1.53442
0.359571
1.06943
-0.462288
1.42493
0.581468
1.5644
-0.281816
-1.37876
0.451796
-1.4992
1.51296
0.568538
1.24114
-0.0366835
-1.88683
0.5021
-0.229043
0.557585
-0.37395
0.69804
-0.685381
0.295479
-0.326545
-1.64216
0.0687397
0.540204
-0.147486
-0.354931
-0.0855432
-0.424501
-0.40761
-0.490978
-2.50934
0.836739
-0.384941
1.23351
0.0137823
-2.08659
0.166922
0.550188
-0.76634
0.119095
0.196145
-0.492529
1.47317
2.55581
-2.17924
0.657752
1.25707
-1.24289
0.751376
0.580357
-0.189919
0.769762
0.164503
-2.30974
1.36935
-0.928594
-0.664166
-0.113915
-3.46537
1.16631
-0.297118
-0.128894
0.0562055
-0.269113
-0.055635
-0.911741
-0.0092109
1.05263
-1.8495
0.979759
-1.15276
-0.569426
0.447661
-0.192092
0.272698
-0.322305
0.0366063
-2.19486
0.404585
-0.294555
1.62292
-0.55255
-1.46525
-0.107477
2.77168
-0.926124
1.39324
-0.129675
-0.747427
0.157661
-0.270309
-0.434531
-1.26175
0.318916
0.765536
-1.11214
-1.10442
-0.128165
0.751624
0.194267
-2.86162
-0.348881
0.176502
0.471459
0.0339033
0.526005
0.991807
0.662031
-0.34742
0.967378
-0.326027
0.451249
-1.23909
-1.59368
1.79089
-1.18048
-1.41328
-1.71394
-1.00274
-0.878064
-1.04536
1.36201
-0.10414
-0.0115486
0.0229289
-0.668275
0.350918
1.00694
0.173184
0.222176
-1.37517
0.781208
-0.707827
0.0420367
-0.74088
0.0108015
1.99013
0.919626
0.868766
-0.350466
1.49304
0.669004
1.30312
0.490447
-0.0618118
-0.0502949
-1.01886
0.0400129
1.14939
-0.519915
0.487953
2.76285
-0.968691
-0.590694
0.436689
-0.310228
0.361307
-1.04599
0.344641
0.506788
0.0149517
-1.11719
-0.314211
2.07555
-0.532102
0.221209
-1.54305
0.472613
0.958745
0.920667
1.0928
0.741835
1.32767
-0.127618
-1.80836
1.08531
-0.68765
-0.483052
1.05646
0.431935
0.0379818
-0.804993
2.20609
-0.17912
0.0904923
-0.0336852
-0.226195
0.317548
0.95355
0.486668
-0.0038779
-0.337731
-1.31649
-0.362569
2.20116
-1.94906
0.553792
0.851222
0.195543
0.406372
0.920609
0.939621
-0.448924
1.29828
-1.50151
-1.00598
-0.0434142
-0.00796206
0.420615
0.660031
0.100427
0.341255
2.95076
-1.01947
-0.470262
0.368536
0.315557
1.03616
-0.631803
-0.724819
-0.683903
1.30415
0.0974851
-0.96871
1.94273
1.23096
0.408617
-0.983229
-0.272349
-0.625354
-2.02935
-1.71972
0.446953
0.801483
-0.122265
-2.43207
-0.65373
0.345945
-0.444709
0.709439
-1.2637
0.756673
1.93446
0.995776
-0.593807
-0.500684
0.605868
0.301922
-0.666806
-0.0819123
-1.26577
0.0634615
0.0938214
-2.5383
1.5467
-0.139481
2.4539
-1.01558
-1.7
0.509312
-0.682128
-1.62838
0.327822
-0.083115
-1.03742
0.617054
-1.41536
-0.707573
0.962898
0.913854
1.63488
0.199126
-0.859188
1.54852
0.251016
0.693679
0.720803
-0.462515
-0.6132
-1.41536
-0.598373
0.348731
0.729845
0.974132
-1.15741
-0.072609
0.330613
-0.204678
-0.197552
1.01319
-0.548419
-0.9257
0.212765
-1.20908
0.617512
-0.746351
-0.308064
0.783157
-1.31355
1.20997
1.31129
0.653521
-0.472805
0.603882
1.98718
0.568474
0.402501
-0.577204
-0.290449
0.777356
1.2296
1.55111
0.522112
-0.624312
-0.131951
1.01572
0.0353476
1.6009
-0.99419
0.393164
-1.08465
-0.766277
-1.68529
-0.758236
-0.251976
0.714261
0.0206542
1.341
-1.59084
-0.147935
0.246365
-0.446295
-0.562081
-0.482023
-0.0341056
0.100602
-0.623404
0.108572
1.11879
0.157089
0.783
0.348105
-0.474203
0.93172
-0.201038
-1.82239
-1.65752
1.03734
0.575216
0.781539
1.8188
0.623417
-0.971984
-0.99677
1.39846
-0.53133
0.667647
1.3503
1.35342
1.00697
0.469029
-1.52779
-1.20334
1.24471
-0.339389
0.656417
0.387447
-0.824514
-0.594754
0.549224
1.36585
-0.442691
-0.592607
-0.545405
1.4949
1.07166
-0.819769
-1.00863
-0.418872
-0.559914
-0.677264
-0.829702
0.282257
0.543035
0.463279
-0.192791
-0.968383
0.282368
2.17119
1.22052
-0.0092521
-2.04619
0.825361
1.55525
-1.06733
-1.99184
0.328951
1.19544
-0.57853
-0.566339
-0.413791
-0.511092
-0.273249
-0.867456
1.73841
-0.944601
0.52844
-1.21739
1.85852
2.54322
-1.12418
-0.262395
-1.69948
0.180101
-0.480778
-1.02645
-0.579938
-0.157042
0.340744
0.382113
0.654618
1.06239
-1.10166
-0.595393
-0.0686646
0.833248
-0.915795
0.524996
-0.516362
-0.668855
0.835703
-0.388573
-0.136617
-0.206529
-0.408471
0.345619
-0.655737
0.223643
-0.221471
0.929804
-0.244139
0.554397
0.514678
0.619347
0.984789
1.21318
1.20141
-1.06321
0.640258
1.20167
0.000452321
-1.32611
0.0861358
-0.0571221
0.269809
0.00670838
2.9057
-0.437452
-0.359489
0.34647
0.189571
-0.00180083
0.27465
-0.461528
0.398793
0.970674
-1.15406
0.157083
-0.649805
0.433921
0.921145
1.26507
0.886507
1.37159
-1.3332
1.35774
-0.211496
0.325589
-0.813755
-0.483574
2.55173
0.640244
-1.51523
-0.443395
0.0805663
0.511479
-0.703382
-0.475374
0.152502
0.268617
1.63603
0.667057
-1.03273
1.63558
-0.0801719
0.734725
0.347804
0.80567
-1.68526
-0.421413
-0.112317
-0.705681
-0.442202
-0.368065
-0.577927
0.820385
1.05528
1.39554
-1.05669
-0.334719
-0.990729
0.047994
-0.00520875
-0.286615
-1.25381
-0.274456
-1.14753
-0.236958
-1.4211
1.01584
-0.573696
-2.62742
-1.96921
-0.36502
1.08432
-0.523047
0.0550506
-0.0978344
0.933475
0.174895
1.78822
0.420565
-0.193003
-0.880246
0.763062
1.0866
0.0774342
0.186963
-2.37727
0.455173
-0.447381
-0.734513
-0.664444
1.16678
-0.42396
0.979377
-0.165676
-1.13722
0.728946
0.88969
-1.57367
-0.401536
0.338857
-1.31726
0.667705
0.508564
0.888329
0.490633
1.42755
-0.472018
1.21031
-0.645122
-2.04434
0.340656
0.489638
1.35675
-0.131364
-0.0185905
-0.508323
-0.16578
0.564563
-1.51815
0.559905
-0.403497
0.305964
2.37652
0.338082
0.881002
0.87048
-0.0638068
0.876688
0.742135
-1.6845
-0.76373
1.16252
-0.724009
2.0155
0.245503
-0.626545
0.229679
-0.793497
-0.686817
-0.969551
0.80501
0.439781
0.783184
0.919802
0.439064
-1.20365
0.945913
-0.633993
-0.471785
0.358897
1.45732
-0.0289761
1.66456
-1.41352
0.546577
-0.779975
-0.428434
0.720449
-0.144496
1.53051
0.750203
-0.869041
-1.42579
1.72734
0.98622
-0.279679
0.761824
-1.40604
-0.064324
0.664569
0.268278
-1.12752
-0.807246
-0.269211
0.380651
-0.147554
-0.197079
-0.569774
-0.504525
-0.497391
-0.285243
-0.444415
1.10374
0.343356
1.7809
1.25872
1.08256
1.30146
0.0503605
0.0942361
2.0022
-0.923899
0.348763
0.150521
1.30338
1.19179
-1.21561
-0.0359678
-0.858385
-1.42743
-0.227462
1.43204
1.72692
-0.910869
-0.0525002
-1.04787
-0.0991071
0.282311
0.265646
0.101553
0.392987
0.942458
0.863557
-0.714633
-1.30344
-0.707044
-0.0174551
0.275627
1.27887
0.0313752
-1.10224
-0.92364
-2.06882
0.416869
-0.195678
0.0504495
0.494316
0.144668
-0.120658
0.317964
1.90166
1.08611
-0.679747
1.02337
0.45918
0.496018
0.964297
-0.606427
-0.853291
-0.89888
-1.04864
-0.798437
-1.07963
-1.09999
0.440383
-0.229628
-0.336943
-0.973473
1.28805
-2.05761
-0.396152
-2.14589
1.18875
0.766514
-0.101384
1.03729
0.0334998
-2.69307
0.446808
-1.53713
0.65647
-0.479268
-2.06346
0.0396403
-0.26148
0.292378
2.36761
-1.71126
-0.0411647
0.55798
2.21541
0.480385
-1.1873
2.06302
-0.100752
-0.664166
-1.40866
-1.1478
0.763899
-0.667493
1.19521
0.818951
-0.196283
1.60707
0.794502
0.576725
0.406793
1.19106
-1.11615
0.593572
-0.199699
-1.70039
0.0855052
0.849175
0.230372
-0.0223036
-1.24201
0.542829
-0.156726
0.573639
-0.302312
-0.232486
-0.957611
1.11758
0.372181
-0.9327
-1.11181
-0.0889758
1.9998
0.983161
0.370253
-1.31208
-0.242345
0.0830935
-0.283809
0.54943
1.16584
1.55469
-0.168529
-0.668175
-0.0029305
-0.678641
-0.537767
0.324105
-1.97788
-1.10293
0.670374
-0.699057
1.71149
-0.641451
0.671336
-0.254561
-0.827659
0.50723
-0.459509
1.91677
0.998325
-0.562911
-0.339707
-0.616629
0.487231
0.507032
0.0295063
-0.0767351
0.616274
0.902766
1.09002
0.780269
0.0732443
-0.912127
-0.702422
0.240466
-0.207638
-0.225255
-1.50792
-1.19719
0.107471
0.269786
0.721345
0.263069
1.0281
-1.10338
-0.464407
-1.45376
-0.129346
0.342479
1.29661
-0.139764
-0.31108
-1.25278
-0.444534
0.0797273
1.52632
0.11194
1.24185
-1.48527
-0.950171
1.86661
-0.459422
-0.280587
0.155844
-0.521208
-0.374977
-0.122236
0.613852
-0.0631003
-0.306018
-0.0997558
-0.267231
-0.591886
0.944044
-0.557594
-0.451782
0.0265634
0.0916669
-0.343295
0.0672299
-0.297635
-0.426372
0.325338
1.99322
0.92693
0.975515
0.886164
1.8395
-0.321499
0.144022
0.277514
-0.427513
0.108047
-0.0627079
1.07839
1.47216
1.25096
0.48945
-0.1998
0.0637869
0.449532
-1.76142
1.20218
0.00771644
0.569855
-1.7316
-0.790242
0.622001
-0.275634
0.625749
1.94606
1.49516
-0.812386
0.739474
0.288755
1.23353
0.837725
0.130335
0.301587
0.955191
-1.2639
0.535777
0.195896
0.468449
1.18343
-1.32149
-0.610563
-1.44927
-0.54641
0.657665
-1.22512
-0.253315
0.957733
1.05855
-1.47046
-1.81219
-0.4602
2.70888
0.807474
0.179721
-0.020899
-0.0882178
-1.11542
0.731422
0.0937366
0.739563
-0.407289
-1.14418
-0.274699
0.986648
-0.997603
-0.745794
0.0365002
-0.31225
1.78161
-1.40519
-1.14728
-0.0255106
0.144009
-1.88681
-1.43289
0.654185
1.03871
0.855077
0.23791
0.527592
-0.805612
-1.47635
0.148741
0.770017
2.62891
0.583546
0.495095
-0.93202
-0.238205
-0.275585
0.925776
2.91956
-1.11347
-1.09949
-1.4646
-1.14676
-0.484092
0.626086
-0.133364
-1.15356
1.11129
-0.0937082
-1.23212
1.00605
0.631685
-0.356741
-0.765455
0.450519
1.45322
-1.00858
-0.107167
-0.787317
0.153215
1.90204
-1.2402
1.18997
-0.123635
1.54044
1.7399
-0.162946
2.14073
-0.672603
-1.14011
0.627862
0.246658
-1.39264
0.0091301
0.547389
-0.577575
0.462526
0.341456
0.631125
0.417303
-0.804714
-1.50642
0.158513
0.27799
0.637972
1.47542
-0.451494
0.689356
-0.0934751
-1.14348
0.507641
0.411968
1.65164
1.60512
0.884533
-0.948867
-1.08264
0.367787
-0.646305
0.375146
-1.18135
1.05277
-0.410842
-1.1619
-1.38457
-0.351302
0.101761
-1.1671
0.388785
0.626488
-1.23743
-0.713475
0.581315
-0.341849
-0.455069
0.0577543
0.564148
1.336
1.80097
-0.150092
0.115167
-0.269485
0.734094
-1.88368
-1.57511
-0.664064
3.14198
0.466267
-0.917158
-0.0759897
-0.0814363
-0.896763
-0.25802
-1.04164
0.174365
-0.672708
0.201214
1.66228
0.733302
-0.845654
2.33068
-0.0248484
-0.011522
0.0987575
-0.150667
-0.503815
1.58367
0.639041
-0.549378
-2.15209
1.25912
-2.30661
-0.463105
1.19
1.18709
-0.118402
-0.026504
0.259105
-2.42433
-2.51816
1.95661
-1.42884
0.043199
-1.31698
-0.851471
-1.08521
-1.17758
-0.943412
-0.505295
0.864648
2.0063
-0.0272386
-0.722401
0.160612
0.795491
-0.360475
0.737471
1.94504
-0.529654
-3.22657
-0.0555937
0.232749
-0.371614
0.108107
0.590606
-0.488143
-0.45003
1.06799
-0.940272
0.276888
0.900356
1.84616
0.195539
-1.22301
0.0644622
-0.443125
1.2465
-0.0616527
-0.681132
0.661831
-0.0566192
-0.966561
0.606558
0.18247
0.243425
-1.19986
-0.214312
0.00549003
-0.353371
-2.05685
0.37499
0.354705
-0.414158
0.671545
0.234601
-0.0758619
-0.0828993
0.578761
-1.52212
-0.574395
1.26582
0.476998
0.657128
1.83576
0.259377
0.32722
0.146795
-0.428394
0.913306
0.0358602
0.340617
-1.15775
-0.18837
-0.85446
0.861653
-0.839551
0.626506
1.15834
1.16405
-0.353482
-0.0446526
-0.81179
0.0117392
0.407465
0.330415
0.541108
-1.22091
1.70509
0.544847
1.41425
-1.7218
-0.400146
-0.70186
0.249267
-1.46623
-1.54576
0.636169
1.77606
0.176563
0.458451
-0.276285
2.3998
2.18474
1.14442
-0.183546
-1.72389
-0.814818
-0.154328
0.906501
0.0287204
-0.153055
1.83009
-0.220641
1.08442
-0.6384
0.173542
1.65435
-0.924467
1.17063
1.68029
-1.27952
0.151349
0.340157
-0.56572
1.09118
0.0190757
1.69476
-0.268097
-1.24353
-1.10492
-0.371287
0.819126
1.14746
-0.333424
0.980963
-0.609864
-0.412252
-0.266766
-0.552736
1.08211
-0.633119
-0.431483
0.436311
-0.478114
-3.0777
-0.805037
-1.92805
-0.157789
-0.563279
-1.18757
-0.214868
-0.670605
-0.190529
1.89747
-0.453119
-0.255735
-1.13282
0.021046
0.102013
1.33486
0.210157
0.862667
0.354652
-0.801944
0.4404
0.496616
0.933839
-0.949966
-0.287335
1.94944
-0.171356
0.589517
2.32432
-1.54528
0.910415
-0.77218
1.31703
-2.06568
-2.19425
-0.59741
1.62603
1.4165
-0.577331
-1.02984
1.96512
-1.13363
0.109645
-0.345273
0.564687
-0.301513
0.458818
0.463321
0.521664
-0.502043
1.04668
0.184506
0.274041
-0.974949
-0.630215
1.73355
1.17913
-0.811744
0.525352
-2.77505
-0.139147
-0.442605
-1.71082
-0.583406
0.443434
1.01934
1.35769
-0.438536
0.260824
-1.05924
0.674688
-0.795795
0.251603
-0.753372
0.877572
-0.435535
-0.177748
-0.376758
1.04718
0.619116
0.0337462
-0.0721412
1.64365
-1.54277
-0.3265
-1.22246
-0.219007
-0.343613
0.650584
0.164016
0.459336
1.72414
0.0871299
0.480354
1.13559
-0.128815
-1.99728
-0.0863184
1.15702
-1.28828
0.249155
-0.148721
0.940977
1.3745
1.23785
-0.774426
1.05742
0.125168
0.527111
1.15344
-0.922996
0.701568
1.99919
0.760723
-0.346905
1.18013
0.190825
0.336923
-0.15105
-0.661978
-1.20968
-0.87828
2.17416
-0.655716
0.880196
0.468896
-1.02358
0.629562
-0.860819
-0.268621
0.29436
0.958031
-0.516413
-0.200461
1.36206
0.475581
0.450988
0.978141
-0.434799
0.749739
-0.419992
0.705547
-0.272409
0.88014
0.927826
-0.0453939
0.0598008
-0.963428
-0.518032
-0.841323
-0.479914
0.114197
0.365109
0.934681
0.535786
0.0480156
0.231324
-1.48567
1.33374
-1.03866
-1.9383
-1.41688
-1.46072
-0.0858282
-0.737461
1.35441
-1.51877
-1.461
-1.12956
-1.37057
-0.0608708
0.820295
0.760494
-1.08793
0.654724
-0.657742
-1.11056
-0.0113517
-1.49005
1.28265
1.05552
-1.09179
0.214485
0.40884
0.433222
-0.415033
0.762007
-0.362528
0.609235
0.01894
-0.640798
0.705284
0.151918
-0.767316
-1.55589
-0.580468
0.117029
-0.234183
1.03484
-1.61358
0.149863
-1.23573
0.567449
0.113699
1.09796
-1.71436
0.0129822
1.26396
-0.0159858
-0.381215
0.422893
-0.758207
0.313738
-1.97985
1.67233
0.331343
2.39812
-0.0192643
0.228869
0.583767
-0.418569
-1.5752
0.908769
0.664634
1.21767
-0.227504
-1.3755
1.37949
-2.41955
0.919665
-1.70485
-1.17038
0.557611
-1.30841
