0.524941 0.583923


0.602505 0.64704


0.527893 0.58046


0.604708 0.644486


0.53049 0.577467


0.606655 0.642265


0.532786 0.574861


0.608384 0.640321


0.534826 0.572576


0.609924 0.638609


0.536645 0.570563


0.6113 0.637096


0.538272 0.568782


0.612534 0.635753


0.53973 0.567199


0.613641 0.634558


0.54104 0.56579


0.614637 0.633491


0.542218 0.564531


0.615533 0.632538


0.543278 0.563405


0.616341 0.631683


0.544235 0.562396


0.617069 0.630917


0.545097 0.561491


0.617727 0.630229


0.545876 0.560677


0.618321 0.62961


0.546579 0.559946


0.618857 0.629054


0.547214 0.559288


0.619341 0.628553


0.547788 0.558695


0.619779 0.628101


0.548307 0.558161


0.620175 0.627694


0.548776 0.557679


0.620533 0.627327


0.5492 0.557245


0.620857 0.626996


0.549583 0.556854


0.621149 0.626698


0.54993 0.5565


0.621414 0.626428


0.550243 0.556181


0.621653 0.626185


0.550526 0.555893


0.62187 0.625966


0.550783 0.555633


0.622065 0.625767


0.551014 0.555399


0.622242 0.625588


0.551224 0.555187


0.622402 0.625427


0.551413 0.554995


0.622547 0.625281


0.551585 0.554822


0.622677 0.625149


0.55174 0.554666


0.622796 0.625029


0.55188 0.554525


0.622903 0.624922


0.552006 0.554397


0.622999 0.624824


0.552121 0.554282


0.623087 0.624736


0.552224 0.554178


0.623166 0.624657


0.552318 0.554084


0.623237 0.624585


0.552402 0.553999


0.623302 0.62452


0.552479 0.553922


0.62336 0.624462


0.552548 0.553852


0.623413 0.624409


0.552611 0.55379


0.623461 0.624361


0.552667 0.553733


0.623504 0.624317


0.552718 0.553682


0.623543 0.624278


0.552765 0.553635


0.623578 0.624243


0.552806 0.553594


0.62361 0.624211


0.552844 0.553556


0.623639 0.624182


0.552878 0.553521


0.623665 0.624156


0.552909 0.553491


0.623689 0.624132


0.552937 0.553463


0.62371 0.624111


0.552962 0.553437


0.623729 0.624092


0.552985 0.553415


0.623747 0.624074


0.553006 0.553394


0.623762 0.624059


0.553024 0.553375


0.623777 0.624044


0.553041 0.553358


0.623789 0.624031


0.553056 0.553343


0.623801 0.62402


0.55307 0.553329


0.623812 0.624009


0.553083 0.553317


0.623821 0.624


0.553094 0.553306


0.62383 0.623991


0.553104 0.553295


0.623837 0.623983


0.553113 0.553286


0.623844 0.623976


0.553122 0.553278


0.623851 0.62397


0.553129 0.55327


0.623856 0.623964


0.553136 0.553264


0.623862 0.623959


0.553142 0.553258


0.623866 0.623955


0.553148 0.553252


0.623871 0.62395


0.553153 0.553247


0.623874 0.623946


0.553157 0.553242


0.623878 0.623943


0.553161 0.553238


0.623881 0.62394


0.553165 0.553235


0.623884 0.623937


0.553168 0.553231


0.623886 0.623934


0.553171 0.553228


0.623889 0.623932


0.553174 0.553225


0.623891 0.62393


0.553176 0.553223


0.623893 0.623928


0.553179 0.553221


0.623894 0.623926


0.553181 0.553219


0.623896 0.623925


0.553183 0.553217


0.623897 0.623924


0.553184 0.553215


0.623899 0.623922


0.553186 0.553214


0.6239 0.623921


0.553187 0.553212


0.623901 0.62392


0.553188 0.553211


0.623902 0.623919


0.553189 0.55321


0.623903 0.623918


0.55319 0.553209


0.623903 0.623918


0.553191 0.553208


0.623904 0.623917


0.553192 0.553207


0.623905 0.623916


0.553193 0.553207


0.623905 0.623916


0.553193 0.553206


0.623906 0.623915


0.553194 0.553205


0.623906 0.623915


0.553195 0.553205


0.623907 0.623914


0.553195 0.553204


0.623907 0.623914


0.553196 0.553204


0.623907 0.623914


0.553196 0.553204


0.623908 0.623913


0.553196 0.553203


0.623908 0.623913


0.553197 0.553203


0.623908 0.623913


0.553197 0.553203


0.623908 0.623913


0.553197 0.553202


0.623908 0.623912


0.553197 0.553202


0.623909 0.623912


0.553198 0.553202


0.623909 0.623912


0.553198 0.553202


0.623909 0.623912


0.553198 0.553201


0.623909 0.623912


0.553198 0.553201


0.623909 0.623912


0.553198 0.553201


0.623909 0.623911


0.553198 0.553201


0.623909 0.623911


0.553199 0.553201


0.62391 0.623911


0.553199 0.553201


0.62391 0.623911


0.553199 0.553201


0.62391 0.623911


0.553199 0.553201


0.62391 0.623911


0.553199 0.5532


0.62391 0.623911


0.553199 0.5532


0.62391 0.623911


0.553199 0.5532


0.62391 0.623911


0.553199 0.5532


0.62391 0.623911


0.553199 0.5532


0.62391 0.623911


0.553199 0.5532


0.62391 0.623911


0.553199 0.5532


0.62391 0.623911


0.553199 0.5532


0.62391 0.623911


0.553199 0.5532


0.62391 0.623911


0.553199 0.5532


0.62391 0.623911


0.553199 0.5532


0.62391 0.623911


0.553199 0.5532


0.62391 0.623911


0.5532 0.5532


0.62391 0.623911


0.5532 0.5532


0.62391 0.623911


0.5532 0.5532


0.62391 0.623911


0.5532 0.5532


0.62391 0.623911


0.5532 0.5532


0.62391 0.623911


0.5532 0.5532


0.62391 0.623911


0.5532 0.5532


0.62391 0.623911


0.5532 0.5532


0.62391 0.62391


0.5532 0.5532


0.62391 0.62391


0.5532 0.5532


0.62391 0.62391


0.5532 0.5532


0.62391 0.62391


0.5532 0.5532


0.62391 0.62391


0.5532 0.5532


0.62391 0.62391


0.5532 0.5532


0.62391 0.62391


0.5532 0.5532


0.62391 0.62391


0.5532 0.5532


0.62391 0.62391


0.5532 0.5532


0.62391 0.62391


0.5532 0.5532


0.62391 0.62391


0.5532 0.5532


0.62391 0.62391


0.5532 0.5532


0.62391 0.62391


0.5532 0.5532


0.62391 0.62391


0.5532 0.5532


0.62391 0.62391


0.5532 0.5532


0.62391 0.62391


0.5532 0.5532


0.62391 0.62391


0.5532 0.5532


0.62391 0.62391


0.5532 0.5532


0.62391 0.62391


0.5532 0.5532


0.62391 0.62391


0.5532 0.5532


0.62391 0.62391


0.5532 0.5532


0.62391 0.62391


0.5532 0.5532


0.62391 0.62391


0.5532 0.5532


0.62391 0.62391


0.5532 0.5532


0.62391 0.62391


0.5532 0.5532


0.62391 0.62391


0.5532 0.5532


0.62391 0.62391


0.5532 0.5532


0.62391 0.62391


0.5532 0.5532


0.62391 0.62391


0.5532 0.5532


0.62391 0.62391


0.5532 0.5532


0.62391 0.62391


0.5532 0.5532


0.62391 0.62391


0.5532 0.5532


0.62391 0.62391


0.5532 0.5532


0.62391 0.62391


0.5532 0.5532


0.62391 0.62391


0.5532 0.5532


0.62391 0.62391


0.5532 0.5532


0.62391 0.62391


0.5532 0.5532


0.62391 0.62391


0.5532 0.5532


0.62391 0.62391


0.5532 0.5532


0.62391 0.62391


0.5532 0.5532


0.62391 0.62391


0.5532 0.5532


0.62391 0.62391


0.5532 0.5532


0.62391 0.62391


0.5532 0.5532


0.62391 0.62391


0.5532 0.5532


0.62391 0.62391


0.5532 0.5532


0.62391 0.62391


0.5532 0.5532


0.62391 0.62391


0.5532 0.5532


0.62391 0.62391


0.5532 0.5532


0.62391 0.62391


0.5532 0.5532


0.62391 0.62391


0.5532 0.5532


0.62391 0.62391


0.5532 0.5532


0.62391 0.62391


0.5532 0.5532


0.62391 0.62391


0.5532 0.5532


0.62391 0.62391


0.5532 0.5532


0.62391 0.62391


0.5532 0.5532


0.62391 0.62391


0.5532 0.5532


0.62391 0.62391


0.5532 0.5532


0.62391 0.62391


0.5532 0.5532


0.62391 0.62391


0.5532 0.5532


0.62391 0.62391


0.5532 0.5532


0.62391 0.62391


0.5532 0.5532


0.62391 0.62391


0.5532 0.5532


0.62391 0.62391


0.5532 0.5532


0.62391 0.62391


0.5532 0.5532


0.62391 0.62391


0.5532 0.5532


0.62391 0.62391


0.5532 0.5532


0.62391 0.62391


0.5532 0.5532


0.62391 0.62391


0.5532 0.5532


0.62391 0.62391


0.5532 0.5532


0.62391 0.62391


0.5532 0.5532


0.62391 0.62391


0.5532 0.5532


0.62391 0.62391


0.5532 0.5532


0.62391 0.62391


0.5532 0.5532


0.62391 0.62391


0.5532 0.5532


0.62391 0.62391


0.5532 0.5532


0.62391 0.62391


0.5532 0.5532


0.62391 0.62391


0.5532 0.5532


0.62391 0.62391


0.5532 0.5532


0.62391 0.62391


0.5532 0.5532


0.62391 0.62391


0.5532 0.5532


0.62391 0.62391


0.5532 0.5532


0.62391 0.62391


0.5532 0.5532


0.62391 0.62391


0.5532 0.5532


0.62391 0.62391


0.5532 0.5532


0.62391 0.62391


0.5532 0.5532


0.62391 0.62391


0.5532 0.5532


0.62391 0.62391


0.5532 0.5532


0.62391 0.62391


0.5532 0.5532


0.62391 0.62391


0.5532 0.5532


0.62391 0.62391


0.5532 0.5532


0.62391 0.62391


0.5532 0.5532


0.62391 0.62391


0.5532 0.5532


0.62391 0.62391


0.5532 0.5532


0.62391 0.62391


0.5532 0.5532


0.62391 0.62391


0.5532 0.5532


0.62391 0.62391


0.5532 0.5532


0.62391 0.62391


0.5532 0.5532


0.62391 0.62391


0.5532 0.5532


0.62391 0.62391


0.5532 0.5532


0.62391 0.62391


0.5532 0.5532


0.62391 0.62391


0.5532 0.5532


0.62391 0.62391


0.5532 0.5532


0.62391 0.62391


0.5532 0.5532


0.62391 0.62391


0.5532 0.5532


0.62391 0.62391


0.5532 0.5532


0.62391 0.62391


0.5532 0.5532


0.62391 0.62391


0.5532 0.5532


0.62391 0.62391


0.5532 0.5532


0.62391 0.62391


0.5532 0.5532


0.62391 0.62391


0.5532 0.5532


0.62391 0.62391


0.5532 0.5532


0.62391 0.62391


0.5532 0.5532


0.62391 0.62391


0.5532 0.5532


0.62391 0.62391


0.5532 0.5532


0.62391 0.62391


0.5532 0.5532


0.62391 0.62391


0.5532 0.5532


0.62391 0.62391


0.5532 0.5532


0.62391 0.62391


0.5532 0.5532


0.62391 0.62391


0.5532 0.5532


0.62391 0.62391


0.5532 0.5532


0.62391 0.62391


0.5532 0.5532


0.62391 0.62391


0.5532 0.5532


0.62391 0.62391


0.5532 0.5532


0.62391 0.62391


0.5532 0.5532


0.62391 0.62391


0.5532 0.5532


0.62391 0.62391


0.5532 0.5532


0.62391 0.62391


0.5532 0.5532


0.62391 0.62391


0.5532 0.5532


0.62391 0.62391


0.5532 0.5532


0.62391 0.62391


0.5532 0.5532


0.62391 0.62391


0.5532 0.5532


0.62391 0.62391


0.5532 0.5532


0.62391 0.62391


0.5532 0.5532


0.62391 0.62391


0.5532 0.5532


0.62391 0.62391


0.5532 0.5532


0.62391 0.62391


0.5532 0.5532


0.62391 0.62391


0.5532 0.5532


0.62391 0.62391


0.5532 0.5532


0.62391 0.62391


0.5532 0.5532


0.62391 0.62391


0.5532 0.5532


0.62391 0.62391


0.5532 0.5532


0.62391 0.62391


0.5532 0.5532


0.62391 0.62391


0.5532 0.5532


0.62391 0.62391


0.5532 0.5532


0.62391 0.62391


0.5532 0.5532


0.62391 0.62391


0.5532 0.5532


0.62391 0.62391


0.5532 0.5532


0.62391 0.62391


0.5532 0.5532


0.62391 0.62391


0.5532 0.5532


0.62391 0.62391


0.5532 0.5532


0.62391 0.62391


0.5532 0.5532


0.62391 0.62391


0.5532 0.5532


0.62391 0.62391


0.5532 0.5532


0.62391 0.62391


0.5532 0.5532


0.62391 0.62391


0.5532 0.5532


0.62391 0.62391


0.5532 0.5532


0.62391 0.62391


0.5532 0.5532


0.62391 0.62391


0.5532 0.5532


0.62391 0.62391


0.5532 0.5532


0.62391 0.62391


0.5532 0.5532


0.62391 0.62391


0.5532 0.5532


0.62391 0.62391


0.5532 0.5532


0.62391 0.62391


0.5532 0.5532


0.62391 0.62391


0.5532 0.5532


0.62391 0.62391


0.5532 0.5532


0.62391 0.62391


0.5532 0.5532


0.62391 0.62391


0.5532 0.5532


0.62391 0.62391


0.5532 0.5532


0.62391 0.62391


0.5532 0.5532


0.62391 0.62391


0.5532 0.5532


0.62391 0.62391


0.5532 0.5532


0.62391 0.62391


0.5532 0.5532


0.62391 0.62391


0.5532 0.5532


0.62391 0.62391


0.5532 0.5532


0.62391 0.62391


0.5532 0.5532


0.62391 0.62391


0.5532 0.5532


0.62391 0.62391


0.5532 0.5532


0.62391 0.62391


0.5532 0.5532


0.62391 0.62391


0.5532 0.5532


0.62391 0.62391


0.5532 0.5532


0.62391 0.62391


0.5532 0.5532


0.62391 0.62391


0.5532 0.5532


0.62391 0.62391


0.5532 0.5532


0.62391 0.62391


0.5532 0.5532


0.62391 0.62391


0.5532 0.5532


0.62391 0.62391


0.5532 0.5532


0.62391 0.62391


0.5532 0.5532


0.62391 0.62391


0.5532 0.5532


0.62391 0.62391


0.5532 0.5532


0.62391 0.62391


0.5532 0.5532


0.62391 0.62391


0.5532 0.5532


0.62391 0.62391


0.5532 0.5532


0.62391 0.62391


0.5532 0.5532


0.62391 0.62391


0.5532 0.5532


0.62391 0.62391


0.5532 0.5532


0.62391 0.62391


0.5532 0.5532


0.62391 0.62391


0.5532 0.5532


0.62391 0.62391


0.5532 0.5532


0.62391 0.62391


0.5532 0.5532


0.62391 0.62391


0.5532 0.5532


0.62391 0.62391


0.5532 0.5532


0.62391 0.62391


0.5532 0.5532


0.62391 0.62391


0.5532 0.5532


0.62391 0.62391


0.5532 0.5532


0.62391 0.62391


0.5532 0.5532


0.62391 0.62391


0.5532 0.5532


0.62391 0.62391


0.5532 0.5532


0.62391 0.62391


0.5532 0.5532


0.62391 0.62391


0.5532 0.5532


0.62391 0.62391


0.5532 0.5532


0.62391 0.62391


0.5532 0.5532


0.62391 0.62391


0.5532 0.5532


0.62391 0.62391


0.5532 0.5532


0.62391 0.62391


0.5532 0.5532


0.62391 0.62391


0.5532 0.5532


0.62391 0.62391


0.5532 0.5532


0.62391 0.62391


0.5532 0.5532


0.62391 0.62391


0.5532 0.5532


0.62391 0.62391


0.5532 0.5532


0.62391 0.62391


0.5532 0.5532


0.62391 0.62391


0.5532 0.5532


0.62391 0.62391


0.5532 0.5532


0.62391 0.62391


0.5532 0.5532


0.62391 0.62391


0.5532 0.5532


0.62391 0.62391


0.5532 0.5532


0.62391 0.62391


0.5532 0.5532


0.62391 0.62391


0.5532 0.5532


0.62391 0.62391


0.5532 0.5532


0.62391 0.62391


0.5532 0.5532


0.62391 0.62391


0.5532 0.5532


0.62391 0.62391


0.5532 0.5532


0.62391 0.62391


0.5532 0.5532


0.62391 0.62391


0.5532 0.5532


0.62391 0.62391


0.5532 0.5532


0.62391 0.62391


0.5532 0.5532


0.62391 0.62391


0.5532 0.5532


0.62391 0.62391


0.5532 0.5532


0.62391 0.62391


0.5532 0.5532


0.62391 0.62391


0.5532 0.5532


0.62391 0.62391


0.5532 0.5532


0.62391 0.62391


0.5532 0.5532


0.62391 0.62391


0.5532 0.5532


0.62391 0.62391


0.5532 0.5532


0.62391 0.62391


0.5532 0.5532


0.62391 0.62391


0.5532 0.5532


0.62391 0.62391


0.5532 0.5532


0.62391 0.62391


0.5532 0.5532


0.62391 0.62391


0.5532 0.5532


0.62391 0.62391


0.5532 0.5532


0.62391 0.62391


0.5532 0.5532


0.62391 0.62391


0.5532 0.5532


0.62391 0.62391


0.5532 0.5532


0.62391 0.62391


0.5532 0.5532


0.62391 0.62391


0.5532 0.5532


0.62391 0.62391


0.5532 0.5532


0.62391 0.62391


0.5532 0.5532


0.62391 0.62391


0.5532 0.5532


0.62391 0.62391


0.5532 0.5532


0.62391 0.62391


0.5532 0.5532


0.62391 0.62391


0.5532 0.5532


0.62391 0.62391


0.5532 0.5532


0.62391 0.62391


0.5532 0.5532


0.62391 0.62391


0.5532 0.5532


0.62391 0.62391


0.5532 0.5532


0.62391 0.62391


0.5532 0.5532


0.62391 0.62391


0.5532 0.5532


0.62391 0.62391


0.5532 0.5532


0.62391 0.62391


0.5532 0.5532


0.62391 0.62391


0.5532 0.5532


0.62391 0.62391


0.5532 0.5532


0.62391 0.62391


0.5532 0.5532


0.62391 0.62391


0.5532 0.5532


0.62391 0.62391


0.5532 0.5532


0.62391 0.62391


0.5532 0.5532


0.62391 0.62391


0.5532 0.5532


0.62391 0.62391


0.5532 0.5532


0.62391 0.62391


0.5532 0.5532


0.62391 0.62391


0.5532 0.5532


0.62391 0.62391


0.5532 0.5532


0.62391 0.62391


0.5532 0.5532


0.62391 0.62391


0.5532 0.5532


0.62391 0.62391


0.5532 0.5532


0.62391 0.62391


0.5532 0.5532


0.62391 0.62391


0.5532 0.5532


0.62391 0.62391


0.5532 0.5532


0.62391 0.62391


0.5532 0.5532


0.62391 0.62391


0.5532 0.5532


0.62391 0.62391


0.5532 0.5532


0.62391 0.62391


0.5532 0.5532


0.62391 0.62391


0.5532 0.5532


0.62391 0.62391


0.5532 0.5532


0.62391 0.62391


0.5532 0.5532


0.62391 0.62391


0.5532 0.5532


0.62391 0.62391


0.5532 0.5532


0.62391 0.62391


0.5532 0.5532


0.62391 0.62391


0.5532 0.5532


0.62391 0.62391


0.5532 0.5532


0.62391 0.62391


0.5532 0.5532


0.62391 0.62391


0.5532 0.5532


0.62391 0.62391


0.5532 0.5532


0.62391 0.62391


0.5532 0.5532


0.62391 0.62391


0.5532 0.5532


0.62391 0.62391


0.5532 0.5532


0.62391 0.62391


0.5532 0.5532


0.62391 0.62391


0.5532 0.5532


0.62391 0.62391


0.5532 0.5532


0.62391 0.62391


0.5532 0.5532


0.62391 0.62391


0.5532 0.5532


0.62391 0.62391


0.5532 0.5532


0.62391 0.62391


0.5532 0.5532


0.62391 0.62391


0.5532 0.5532


0.62391 0.62391


0.5532 0.5532


0.62391 0.62391


0.5532 0.5532


0.62391 0.62391


0.5532 0.5532


0.62391 0.62391


0.5532 0.5532


0.62391 0.62391


0.5532 0.5532


0.62391 0.62391


0.5532 0.5532


0.62391 0.62391


0.5532 0.5532


0.62391 0.62391


0.5532 0.5532


0.62391 0.62391


0.5532 0.5532


0.62391 0.62391


0.5532 0.5532


0.62391 0.62391


0.5532 0.5532


0.62391 0.62391


0.5532 0.5532


0.62391 0.62391


0.5532 0.5532


0.62391 0.62391


0.5532 0.5532


0.62391 0.62391


0.5532 0.5532


0.62391 0.62391


0.5532 0.5532


0.62391 0.62391


0.5532 0.5532


0.62391 0.62391


0.5532 0.5532


0.62391 0.62391


0.5532 0.5532


0.62391 0.62391


0.5532 0.5532


0.62391 0.62391


0.5532 0.5532


0.62391 0.62391


0.5532 0.5532


0.62391 0.62391


0.5532 0.5532


0.62391 0.62391


0.5532 0.5532


0.62391 0.62391


0.5532 0.5532


0.62391 0.62391


0.5532 0.5532


0.62391 0.62391


0.5532 0.5532


0.62391 0.62391


0.5532 0.5532


0.62391 0.62391


0.5532 0.5532


0.62391 0.62391


0.5532 0.5532


0.62391 0.62391


0.5532 0.5532


0.62391 0.62391


0.5532 0.5532


0.62391 0.62391


0.5532 0.5532


0.62391 0.62391


0.5532 0.5532


0.62391 0.62391


0.5532 0.5532


0.62391 0.62391


0.5532 0.5532


0.62391 0.62391


0.5532 0.5532


0.62391 0.62391


0.5532 0.5532


0.62391 0.62391


0.5532 0.5532


0.62391 0.62391


0.5532 0.5532


0.62391 0.62391


0.5532 0.5532


0.62391 0.62391


0.5532 0.5532


0.62391 0.62391


0.5532 0.5532


0.62391 0.62391


0.5532 0.5532


0.62391 0.62391


0.5532 0.5532


0.62391 0.62391


0.5532 0.5532


0.62391 0.62391


0.5532 0.5532


0.62391 0.62391


0.5532 0.5532


0.62391 0.62391


0.5532 0.5532


0.62391 0.62391


0.5532 0.5532


0.62391 0.62391


0.5532 0.5532


0.62391 0.62391


0.5532 0.5532


0.62391 0.62391


0.5532 0.5532


0.62391 0.62391


0.5532 0.5532


0.62391 0.62391


0.5532 0.5532


0.62391 0.62391


0.5532 0.5532


0.62391 0.62391


0.5532 0.5532


0.62391 0.62391


0.5532 0.5532


0.62391 0.62391


0.5532 0.5532


0.62391 0.62391


0.5532 0.5532


0.62391 0.62391


0.5532 0.5532


0.62391 0.62391


0.5532 0.5532


0.62391 0.62391


0.5532 0.5532


0.62391 0.62391


0.5532 0.5532


0.62391 0.62391


0.5532 0.5532


0.62391 0.62391


