0.005 0.05
0.01 0.05
0.015 0.05
0.02 0.05
0.025 0.05
0.03 0.05
0.035 0.05
0.04 0.05
0.045 0.05
0.05 0.05
0.055 0.05
0.06 0.05
0.065 0.05
0.07 0.05
0.075 0.05
0.08 0.05
0.085 0.05
0.09 0.05
0.095 0.05
0.1 0.05
0.105 0.05
0.11 0.05
0.115 0.05
0.12 0.05
0.125 0.05
0.13 0.05
0.135 0.05
0.14 0.05
0.145 0.05
0.15 0.05
0.155 0.05
0.16 0.05
0.165 0.0499999
0.17 0.0500001
0.175 0.0499998
0.18 0.0500003
0.185 0.0499992
0.19 0.0500026
0.195 0.0499798
0.2 0.01875
0.205 -0.0124798
0.21 -0.0125026
0.215 -0.0124992
0.22 -0.0125003
0.225 -0.0124998
0.23 -0.0125001
0.235 -0.0124999
0.24 -0.0125
0.245 -0.0125
0.25 -0.0125
0.255 -0.0125
0.26 -0.0125
0.265 -0.0125
0.27 -0.0125
0.275 -0.0125
0.28 -0.0125
0.285 -0.0125
0.29 -0.0125
0.295 -0.0125
0.3 -0.0125
0.305 -0.0125
0.31 -0.0125
0.315 -0.0125
0.32 -0.0125
0.325 -0.0125
0.33 -0.0125
0.335 -0.0125
0.34 -0.0125
0.345 -0.0125
0.35 -0.0125
0.355 -0.0125
0.36 -0.0125
0.365 -0.0125
0.37 -0.0125
0.375 -0.0125
0.38 -0.0125
0.385 -0.0125
0.39 -0.0125
0.395 -0.0125
0.4 -0.0125
0.405 -0.0125
0.41 -0.0125
0.415 -0.0125
0.42 -0.0125
0.425 -0.0125
0.43 -0.0125
0.435 -0.0125
0.44 -0.0125
0.445 -0.0125
0.45 -0.0125
0.455 -0.0125
0.46 -0.0125
0.465 -0.0125
0.47 -0.0125
0.475 -0.0125
0.48 -0.0125
0.485 -0.0125
0.49 -0.0125
0.495 -0.0125
0.5 -0.0125
0.505 -0.0125
0.51 -0.0125
0.515 -0.0125
0.52 -0.0125
0.525 -0.0125
0.53 -0.0125
0.535 -0.0125
0.54 -0.0125
0.545 -0.0125
0.55 -0.0125
0.555 -0.0125
0.56 -0.0125
0.565 -0.0125
0.57 -0.0125
0.575 -0.0125
0.58 -0.0125
0.585 -0.0125
0.59 -0.0125
0.595 -0.0125
0.6 -0.0125
0.605 -0.0125
0.61 -0.0125
0.615 -0.0125
0.62 -0.0125
0.625 -0.0125
0.63 -0.0125
0.635 -0.0125
0.64 -0.0125
0.645 -0.0125
0.65 -0.0125
0.655 -0.0125
0.66 -0.0125
0.665 -0.0125
0.67 -0.0125
0.675 -0.0125
0.68 -0.0125
0.685 -0.0125
0.69 -0.0125
0.695 -0.0125
0.7 -0.0125
0.705 -0.0125
0.71 -0.0125
0.715 -0.0125
0.72 -0.0125
0.725 -0.0125
0.73 -0.0125
0.735 -0.0125
0.74 -0.0125
0.745 -0.0125
0.75 -0.0125
0.755 -0.0125
0.76 -0.0125
0.765 -0.0125
0.77 -0.0125
0.775 -0.0125
0.78 -0.0125
0.785 -0.0125
0.79 -0.0125
0.795 -0.0125
0.8 -0.0125
0.805 -0.0125
0.81 -0.0125
0.815 -0.0125
0.82 -0.0125
0.825 -0.0125
0.83 -0.0125
0.835 -0.0125
0.84 -0.0125
0.845 -0.0125
0.85 -0.0125
0.855 -0.0125
0.86 -0.0125
0.865 -0.0125
0.87 -0.0125
0.875 -0.0125
0.88 -0.0125
0.885 -0.0125
0.89 -0.0125
0.895 -0.0125
0.9 -0.0125
0.905 -0.0125
0.91 -0.0125
0.915 -0.0125
0.92 -0.0125
0.925 -0.0125
0.93 -0.0125
0.935 -0.0125
0.94 -0.0125
0.945 -0.0125
0.95 -0.0125
0.955 -0.0125
0.96 -0.0125
0.965 -0.0125
0.97 -0.0125
0.975 -0.0125
0.98 -0.0125
0.985 -0.0125
0.99 -0.0125
0.995 -0.0125
1 -0.0125
1.005 -0.0125
1.01 -0.0125
1.015 -0.0125
1.02 -0.0125
1.025 -0.0125
1.03 -0.0125
1.035 -0.0125
1.04 -0.0125
1.045 -0.0125
1.05 -0.0125
1.055 -0.0125
1.06 -0.0125
1.065 -0.0125
1.07 -0.0125
1.075 -0.0125
1.08 -0.0125
1.085 -0.0125
1.09 -0.0125
1.095 -0.0125
1.1 -0.0125
1.105 -0.0125
1.11 -0.0125
1.115 -0.0125
1.12 -0.0125
1.125 -0.0125
1.13 -0.0125
1.135 -0.0125
1.14 -0.0125
1.145 -0.0125
1.15 -0.0125
1.155 -0.0125
1.16 -0.0125
1.165 -0.0125
1.17 -0.0125
1.175 -0.0125
1.18 -0.0125
1.185 -0.0125
1.19 -0.0125
1.195 -0.0125
1.2 -0.0125
1.205 -0.0125
1.21 -0.0125
1.215 -0.0125
1.22 -0.0125
1.225 -0.0125
1.23 -0.0125
1.235 -0.0125
1.24 -0.0125
1.245 -0.0125
1.25 -0.0125
1.255 -0.0125
1.26 -0.0125
1.265 -0.0125
1.27 -0.0125
1.275 -0.0125
1.28 -0.0125
1.285 -0.0125
1.29 -0.0125
1.295 -0.0125
1.3 -0.0125
1.305 -0.0125
1.31 -0.0125
1.315 -0.0125
1.32 -0.0125
1.325 -0.0125
1.33 -0.0125
1.335 -0.0125
1.34 -0.0125
1.345 -0.0125
1.35 -0.0125
1.355 -0.0125
1.36 -0.0125
1.365 -0.0125
1.37 -0.0125
1.375 -0.0125
1.38 -0.0125
1.385 -0.0125
1.39 -0.0125
1.395 -0.0125
1.4 -0.0125
1.405 -0.0125
1.41 -0.0125
1.415 -0.0125
1.42 -0.0125
1.425 -0.0125
1.43 -0.0125
1.435 -0.0125
1.44 -0.0125
1.445 -0.0125
1.45 -0.0125
1.455 -0.0125
1.46 -0.0125
1.465 -0.0125
1.47 -0.0125
1.475 -0.0125
1.48 -0.0125
1.485 -0.0125
1.49 -0.0125
1.495 -0.0125
1.5 -0.0125
1.505 -0.0125
1.51 -0.0125
1.515 -0.0125
1.52 -0.0125
1.525 -0.0125
1.53 -0.0125
1.535 -0.0125
1.54 -0.0125
1.545 -0.0125
1.55 -0.0125
1.555 -0.0125
1.56 -0.0125
1.565 -0.0125
1.57 -0.0125
1.575 -0.0125
1.58 -0.0125
1.585 -0.0125
1.59 -0.0125
1.595 -0.0125
1.6 -0.0125
1.605 -0.0125
1.61 -0.0125
1.615 -0.0125
1.62 -0.0125
1.625 -0.0125
1.63 -0.0125
1.635 -0.0125
1.64 -0.0125
1.645 -0.0125
1.65 -0.0125
1.655 -0.0125
1.66 -0.0125
1.665 -0.0125
1.67 -0.0125
1.675 -0.0125
1.68 -0.0125
1.685 -0.0125
1.69 -0.0125
1.695 -0.0125
1.7 -0.0125
1.705 -0.0125
1.71 -0.0125
1.715 -0.0125
1.72 -0.0125
1.725 -0.0125
1.73 -0.0125
1.735 -0.0125
1.74 -0.0125
1.745 -0.0125
1.75 -0.0125
1.755 -0.0125
1.76 -0.0125
1.765 -0.0124999
1.77 -0.0125001
1.775 -0.0124998
1.78 -0.0125003
1.785 -0.0124992
1.79 -0.0125026
1.795 -0.0124798
1.8 0.01875
1.805 0.0499798
1.81 0.0500026
1.815 0.0499992
1.82 0.0500003
1.825 0.0499998
1.83 0.0500001
1.835 0.0499999
1.84 0.05
1.845 0.05
1.85 0.05
1.855 0.05
1.86 0.05
1.865 0.05
1.87 0.05
1.875 0.05
1.88 0.05
1.885 0.05
1.89 0.05
1.895 0.05
1.9 0.05
1.905 0.05
1.91 0.05
1.915 0.05
1.92 0.05
1.925 0.05
1.93 0.05
1.935 0.05
1.94 0.05
1.945 0.05
1.95 0.05
1.955 0.05
1.96 0.05
1.965 0.05
1.97 0.05
1.975 0.05
1.98 0.05
1.985 0.05
1.99 0.05
1.995 0.05
2 0.05
2.005 0.05
2.01 0.05
2.015 0.05
2.02 0.05
2.025 0.05
2.03 0.05
2.035 0.05
2.04 0.05
2.045 0.05
2.05 0.05
2.055 0.05
2.06 0.05
2.065 0.05
2.07 0.05
2.075 0.05
2.08 0.05
2.085 0.05
2.09 0.05
2.095 0.05
2.1 0.05
2.105 0.05
2.11 0.05
2.115 0.05
2.12 0.05
2.125 0.05
2.13 0.05
2.135 0.05
2.14 0.05
2.145 0.05
2.15 0.05
2.155 0.05
2.16 0.05
2.165 0.0499999
2.17 0.0500001
2.175 0.0499998
2.18 0.0500003
2.185 0.0499992
2.19 0.0500026
2.195 0.0499798
2.2 0.01875
2.205 -0.0124798
2.21 -0.0125026
2.215 -0.0124992
2.22 -0.0125003
2.225 -0.0124998
2.23 -0.0125001
2.235 -0.0124999
2.24 -0.0125
2.245 -0.0125
2.25 -0.0125
2.255 -0.0125
2.26 -0.0125
2.265 -0.0125
2.27 -0.0125
2.275 -0.0125
2.28 -0.0125
2.285 -0.0125
2.29 -0.0125
2.295 -0.0125
2.3 -0.0125
2.305 -0.0125
2.31 -0.0125
2.315 -0.0125
2.32 -0.0125
2.325 -0.0125
2.33 -0.0125
2.335 -0.0125
2.34 -0.0125
2.345 -0.0125
2.35 -0.0125
2.355 -0.0125
2.36 -0.0125
2.365 -0.0125
2.37 -0.0125
2.375 -0.0125
2.38 -0.0125
2.385 -0.0125
2.39 -0.0125
2.395 -0.0125
2.4 -0.0125
2.405 -0.0125
2.41 -0.0125
2.415 -0.0125
2.42 -0.0125
2.425 -0.0125
2.43 -0.0125
2.435 -0.0125
2.44 -0.0125
2.445 -0.0125
2.45 -0.0125
2.455 -0.0125
2.46 -0.0125
2.465 -0.0125
2.47 -0.0125
2.475 -0.0125
2.48 -0.0125
2.485 -0.0125
2.49 -0.0125
2.495 -0.0125
2.5 -0.0125
2.505 -0.0125
2.51 -0.0125
2.515 -0.0125
2.52 -0.0125
2.525 -0.0125
2.53 -0.0125
2.535 -0.0125
2.54 -0.0125
2.545 -0.0125
2.55 -0.0125
2.555 -0.0125
2.56 -0.0125
2.565 -0.0125
2.57 -0.0125
2.575 -0.0125
2.58 -0.0125
2.585 -0.0125
2.59 -0.0125
2.595 -0.0125
2.6 -0.0125
2.605 -0.0125
2.61 -0.0125
2.615 -0.0125
2.62 -0.0125
2.625 -0.0125
2.63 -0.0125
2.635 -0.0125
2.64 -0.0125
2.645 -0.0125
2.65 -0.0125
2.655 -0.0125
2.66 -0.0125
2.665 -0.0125
2.67 -0.0125
2.675 -0.0125
2.68 -0.0125
2.685 -0.0125
2.69 -0.0125
2.695 -0.0125
2.7 -0.0125
2.705 -0.0125
2.71 -0.0125
2.715 -0.0125
2.72 -0.0125
2.725 -0.0125
2.73 -0.0125
2.735 -0.0125
2.74 -0.0125
2.745 -0.0125
2.75 -0.0125
2.755 -0.0125
2.76 -0.0125
2.765 -0.0125
2.77 -0.0125
2.775 -0.0125
2.78 -0.0125
2.785 -0.0125
2.79 -0.0125
2.795 -0.0125
2.8 -0.0125
2.805 -0.0125
2.81 -0.0125
2.815 -0.0125
2.82 -0.0125
2.825 -0.0125
2.83 -0.0125
2.835 -0.0125
2.84 -0.0125
2.845 -0.0125
2.85 -0.0125
2.855 -0.0125
2.86 -0.0125
2.865 -0.0125
2.87 -0.0125
2.875 -0.0125
2.88 -0.0125
2.885 -0.0125
2.89 -0.0125
2.895 -0.0125
2.9 -0.0125
2.905 -0.0125
2.91 -0.0125
2.915 -0.0125
2.92 -0.0125
2.925 -0.0125
2.93 -0.0125
2.935 -0.0125
2.94 -0.0125
2.945 -0.0125
2.95 -0.0125
2.955 -0.0125
2.96 -0.0125
2.965 -0.0125
2.97 -0.0125
2.975 -0.0125
2.98 -0.0125
2.985 -0.0125
2.99 -0.0125
2.995 -0.0125
3 -0.0125
3.005 -0.0125
3.01 -0.0125
3.015 -0.0125
3.02 -0.0125
3.025 -0.0125
3.03 -0.0125
3.035 -0.0125
3.04 -0.0125
3.045 -0.0125
3.05 -0.0125
3.055 -0.0125
3.06 -0.0125
3.065 -0.0125
3.07 -0.0125
3.075 -0.0125
3.08 -0.0125
3.085 -0.0125
3.09 -0.0125
3.095 -0.0125
3.1 -0.0125
3.105 -0.0125
3.11 -0.0125
3.115 -0.0125
3.12 -0.0125
3.125 -0.0125
3.13 -0.0125
3.135 -0.0125
3.14 -0.0125
3.145 -0.0125
3.15 -0.0125
3.155 -0.0125
3.16 -0.0125
3.165 -0.0125
3.17 -0.0125
3.175 -0.0125
3.18 -0.0125
3.185 -0.0125
3.19 -0.0125
3.195 -0.0125
3.2 -0.0125
3.205 -0.0125
3.21 -0.0125
3.215 -0.0125
3.22 -0.0125
3.225 -0.0125
3.23 -0.0125
3.235 -0.0125
3.24 -0.0125
3.245 -0.0125
3.25 -0.0125
3.255 -0.0125
3.26 -0.0125
3.265 -0.0125
3.27 -0.0125
3.275 -0.0125
3.28 -0.0125
3.285 -0.0125
3.29 -0.0125
3.295 -0.0125
3.3 -0.0125
3.305 -0.0125
3.31 -0.0125
3.315 -0.0125
3.32 -0.0125
3.325 -0.0125
3.33 -0.0125
3.335 -0.0125
3.34 -0.0125
3.345 -0.0125
3.35 -0.0125
3.355 -0.0125
3.36 -0.0125
3.365 -0.0125
3.37 -0.0125
3.375 -0.0125
3.38 -0.0125
3.385 -0.0125
3.39 -0.0125
3.395 -0.0125
3.4 -0.0125
3.405 -0.0125
3.41 -0.0125
3.415 -0.0125
3.42 -0.0125
3.425 -0.0125
3.43 -0.0125
3.435 -0.0125
3.44 -0.0125
3.445 -0.0125
3.45 -0.0125
3.455 -0.0125
3.46 -0.0125
3.465 -0.0125
3.47 -0.0125
3.475 -0.0125
3.48 -0.0125
3.485 -0.0125
3.49 -0.0125
3.495 -0.0125
3.5 -0.0125
3.505 -0.0125
3.51 -0.0125
3.515 -0.0125
3.52 -0.0125
3.525 -0.0125
3.53 -0.0125
3.535 -0.0125
3.54 -0.0125
3.545 -0.0125
3.55 -0.0125
3.555 -0.0125
3.56 -0.0125
3.565 -0.0125
3.57 -0.0125
3.575 -0.0125
3.58 -0.0125
3.585 -0.0125
3.59 -0.0125
3.595 -0.0125
3.6 -0.0125
3.605 -0.0125
3.61 -0.0125
3.615 -0.0125
3.62 -0.0125
3.625 -0.0125
3.63 -0.0125
3.635 -0.0125
3.64 -0.0125
3.645 -0.0125
3.65 -0.0125
3.655 -0.0125
3.66 -0.0125
3.665 -0.0125
3.67 -0.0125
3.675 -0.0125
3.68 -0.0125
3.685 -0.0125
3.69 -0.0125
3.695 -0.0125
3.7 -0.0125
3.705 -0.0125
3.71 -0.0125
3.715 -0.0125
3.72 -0.0125
3.725 -0.0125
3.73 -0.0125
3.735 -0.0125
3.74 -0.0125
3.745 -0.0125
3.75 -0.0125
3.755 -0.0125
3.76 -0.0125
3.765 -0.0124999
3.77 -0.0125001
3.775 -0.0124998
3.78 -0.0125003
3.785 -0.0124992
3.79 -0.0125026
3.795 -0.0124798
3.8 0.01875
3.805 0.0499798
3.81 0.0500026
3.815 0.0499992
3.82 0.0500003
3.825 0.0499998
3.83 0.0500001
3.835 0.0499999
3.84 0.05
3.845 0.05
3.85 0.05
3.855 0.05
3.86 0.05
3.865 0.05
3.87 0.05
3.875 0.05
3.88 0.05
3.885 0.05
3.89 0.05
3.895 0.05
3.9 0.05
3.905 0.05
3.91 0.05
3.915 0.05
3.92 0.05
3.925 0.05
3.93 0.05
3.935 0.05
3.94 0.05
3.945 0.05
3.95 0.05
3.955 0.05
3.96 0.05
3.965 0.05
3.97 0.05
3.975 0.05
3.98 0.05
3.985 0.05
3.99 0.05
3.995 0.05
4 0.05
4.005 0.05
4.01 0.05
4.015 0.05
4.02 0.05
4.025 0.05
4.03 0.05
4.035 0.05
4.04 0.05
4.045 0.05
4.05 0.05
4.055 0.05
4.06 0.05
4.065 0.05
4.07 0.05
4.075 0.05
4.08 0.05
4.085 0.05
4.09 0.05
4.095 0.05
4.1 0.05
4.105 0.05
4.11 0.05
4.115 0.05
4.12 0.05
4.125 0.05
4.13 0.05
4.135 0.05
4.14 0.05
4.145 0.05
4.15 0.05
4.155 0.05
4.16 0.05
4.165 0.0499999
4.17 0.0500001
4.175 0.0499998
4.18 0.0500003
4.185 0.0499992
4.19 0.0500026
4.195 0.0499798
4.2 0.01875
4.205 -0.0124798
4.21 -0.0125026
4.215 -0.0124992
4.22 -0.0125003
4.225 -0.0124998
4.23 -0.0125001
4.235 -0.0124999
4.24 -0.0125
4.245 -0.0125
4.25 -0.0125
4.255 -0.0125
4.26 -0.0125
4.265 -0.0125
4.27 -0.0125
4.275 -0.0125
4.28 -0.0125
4.285 -0.0125
4.29 -0.0125
4.295 -0.0125
4.3 -0.0125
4.305 -0.0125
4.31 -0.0125
4.315 -0.0125
4.32 -0.0125
4.325 -0.0125
4.33 -0.0125
4.335 -0.0125
4.34 -0.0125
4.345 -0.0125
4.35 -0.0125
4.355 -0.0125
4.36 -0.0125
4.365 -0.0125
4.37 -0.0125
4.375 -0.0125
4.38 -0.0125
4.385 -0.0125
4.39 -0.0125
4.395 -0.0125
4.4 -0.0125
4.405 -0.0125
4.41 -0.0125
4.415 -0.0125
4.42 -0.0125
4.425 -0.0125
4.43 -0.0125
4.435 -0.0125
4.44 -0.0125
4.445 -0.0125
4.45 -0.0125
4.455 -0.0125
4.46 -0.0125
4.465 -0.0125
4.47 -0.0125
4.475 -0.0125
4.48 -0.0125
4.485 -0.0125
4.49 -0.0125
4.495 -0.0125
4.5 -0.0125
4.505 -0.0125
4.51 -0.0125
4.515 -0.0125
4.52 -0.0125
4.525 -0.0125
4.53 -0.0125
4.535 -0.0125
4.54 -0.0125
4.545 -0.0125
4.55 -0.0125
4.555 -0.0125
4.56 -0.0125
4.565 -0.0125
4.57 -0.0125
4.575 -0.0125
4.58 -0.0125
4.585 -0.0125
4.59 -0.0125
4.595 -0.0125
4.6 -0.0125
4.605 -0.0125
4.61 -0.0125
4.615 -0.0125
4.62 -0.0125
4.625 -0.0125
4.63 -0.0125
4.635 -0.0125
4.64 -0.0125
4.645 -0.0125
4.65 -0.0125
4.655 -0.0125
4.66 -0.0125
4.665 -0.0125
4.67 -0.0125
4.675 -0.0125
4.68 -0.0125
4.685 -0.0125
4.69 -0.0125
4.695 -0.0125
4.7 -0.0125
4.705 -0.0125
4.71 -0.0125
4.715 -0.0125
4.72 -0.0125
4.725 -0.0125
4.73 -0.0125
4.735 -0.0125
4.74 -0.0125
4.745 -0.0125
4.75 -0.0125
4.755 -0.0125
4.76 -0.0125
4.765 -0.0125
4.77 -0.0125
4.775 -0.0125
4.78 -0.0125
4.785 -0.0125
4.79 -0.0125
4.795 -0.0125
4.8 -0.0125
4.805 -0.0125
4.81 -0.0125
4.815 -0.0125
4.82 -0.0125
4.825 -0.0125
4.83 -0.0125
4.835 -0.0125
4.84 -0.0125
4.845 -0.0125
4.85 -0.0125
4.855 -0.0125
4.86 -0.0125
4.865 -0.0125
4.87 -0.0125
4.875 -0.0125
4.88 -0.0125
4.885 -0.0125
4.89 -0.0125
4.895 -0.0125
4.9 -0.0125
4.905 -0.0125
4.91 -0.0125
4.915 -0.0125
4.92 -0.0125
4.925 -0.0125
4.93 -0.0125
4.935 -0.0125
4.94 -0.0125
4.945 -0.0125
4.95 -0.0125
4.955 -0.0125
4.96 -0.0125
4.965 -0.0125
4.97 -0.0125
4.975 -0.0125
4.98 -0.0125
4.985 -0.0125
4.99 -0.0125
4.995 -0.0125
5 -0.0125
5.005 -0.0125
5.01 -0.0125
5.015 -0.0125
5.02 -0.0125
5.025 -0.0125
5.03 -0.0125
5.035 -0.0125
5.04 -0.0125
5.045 -0.0125
5.05 -0.0125
5.055 -0.0125
5.06 -0.0125
5.065 -0.0125
5.07 -0.0125
5.075 -0.0125
5.08 -0.0125
5.085 -0.0125
5.09 -0.0125
5.095 -0.0125
5.1 -0.0125
5.105 -0.0125
5.11 -0.0125
5.115 -0.0125
5.12 -0.0125
5.125 -0.0125
5.13 -0.0125
5.135 -0.0125
5.14 -0.0125
5.145 -0.0125
5.15 -0.0125
5.155 -0.0125
5.16 -0.0125
5.165 -0.0125
5.17 -0.0125
5.175 -0.0125
5.18 -0.0125
5.185 -0.0125
5.19 -0.0125
5.195 -0.0125
5.2 -0.0125
5.205 -0.0125
5.21 -0.0125
5.215 -0.0125
5.22 -0.0125
5.225 -0.0125
5.23 -0.0125
5.235 -0.0125
5.24 -0.0125
5.245 -0.0125
5.25 -0.0125
5.255 -0.0125
5.26 -0.0125
5.265 -0.0125
5.27 -0.0125
5.275 -0.0125
5.28 -0.0125
5.285 -0.0125
5.29 -0.0125
5.295 -0.0125
5.3 -0.0125
5.305 -0.0125
5.31 -0.0125
5.315 -0.0125
5.32 -0.0125
5.325 -0.0125
5.33 -0.0125
5.335 -0.0125
5.34 -0.0125
5.345 -0.0125
5.35 -0.0125
5.355 -0.0125
5.36 -0.0125
5.365 -0.0125
5.37 -0.0125
5.375 -0.0125
5.38 -0.0125
5.385 -0.0125
5.39 -0.0125
5.395 -0.0125
5.4 -0.0125
5.405 -0.0125
5.41 -0.0125
5.415 -0.0125
5.42 -0.0125
5.425 -0.0125
5.43 -0.0125
5.435 -0.0125
5.44 -0.0125
5.445 -0.0125
5.45 -0.0125
5.455 -0.0125
5.46 -0.0125
5.465 -0.0125
5.47 -0.0125
5.475 -0.0125
5.48 -0.0125
5.485 -0.0125
5.49 -0.0125
5.495 -0.0125
5.5 -0.0125
5.505 -0.0125
5.51 -0.0125
5.515 -0.0125
5.52 -0.0125
5.525 -0.0125
5.53 -0.0125
5.535 -0.0125
5.54 -0.0125
5.545 -0.0125
5.55 -0.0125
5.555 -0.0125
5.56 -0.0125
5.565 -0.0125
5.57 -0.0125
5.575 -0.0125
5.58 -0.0125
5.585 -0.0125
5.59 -0.0125
5.595 -0.0125
5.6 -0.0125
5.605 -0.0125
5.61 -0.0125
5.615 -0.0125
5.62 -0.0125
5.625 -0.0125
5.63 -0.0125
5.635 -0.0125
5.64 -0.0125
5.645 -0.0125
5.65 -0.0125
5.655 -0.0125
5.66 -0.0125
5.665 -0.0125
5.67 -0.0125
5.675 -0.0125
5.68 -0.0125
5.685 -0.0125
5.69 -0.0125
5.695 -0.0125
5.7 -0.0125
5.705 -0.0125
5.71 -0.0125
5.715 -0.0125
5.72 -0.0125
5.725 -0.0125
5.73 -0.0125
5.735 -0.0125
5.74 -0.0125
5.745 -0.0125
5.75 -0.0125
5.755 -0.0125
5.76 -0.0125
5.765 -0.0124999
5.77 -0.0125001
5.775 -0.0124998
5.78 -0.0125003
5.785 -0.0124992
5.79 -0.0125026
5.795 -0.0124798
5.8 0.01875
5.805 0.0499798
5.81 0.0500026
5.815 0.0499992
5.82 0.0500003
5.825 0.0499998
5.83 0.0500001
5.835 0.0499999
5.84 0.05
5.845 0.05
5.85 0.05
5.855 0.05
5.86 0.05
5.865 0.05
5.87 0.05
5.875 0.05
5.88 0.05
5.885 0.05
5.89 0.05
5.895 0.05
5.9 0.05
5.905 0.05
5.91 0.05
5.915 0.05
5.92 0.05
5.925 0.05
5.93 0.05
5.935 0.05
5.94 0.05
5.945 0.05
5.95 0.05
5.955 0.05
5.96 0.05
5.965 0.05
5.97 0.05
5.975 0.05
5.98 0.05
5.985 0.05
5.99 0.05
5.995 0.05
6 0.05
6.005 0.05
6.01 0.05
6.015 0.05
6.02 0.05
6.025 0.05
6.03 0.05
6.035 0.05
6.04 0.05
6.045 0.05
6.05 0.05
6.055 0.05
6.06 0.05
6.065 0.05
6.07 0.05
6.075 0.05
6.08 0.05
6.085 0.05
6.09 0.05
6.095 0.05
6.1 0.05
6.105 0.05
6.11 0.05
6.115 0.05
6.12 0.05
6.125 0.05
6.13 0.05
6.135 0.05
6.14 0.05
6.145 0.05
6.15 0.05
6.155 0.05
6.16 0.05
6.165 0.0499999
6.17 0.0500001
6.175 0.0499998
6.18 0.0500003
6.185 0.0499992
6.19 0.0500026
6.195 0.0499798
6.2 0.01875
6.205 -0.0124798
6.21 -0.0125026
6.215 -0.0124992
6.22 -0.0125003
6.225 -0.0124998
6.23 -0.0125001
6.235 -0.0124999
6.24 -0.0125
6.245 -0.0125
6.25 -0.0125
6.255 -0.0125
6.26 -0.0125
6.265 -0.0125
6.27 -0.0125
6.275 -0.0125
6.28 -0.0125
6.285 -0.0125
6.29 -0.0125
6.295 -0.0125
6.3 -0.0125
6.305 -0.0125
6.31 -0.0125
6.315 -0.0125
6.32 -0.0125
6.325 -0.0125
6.33 -0.0125
6.335 -0.0125
6.34 -0.0125
6.345 -0.0125
6.35 -0.0125
6.355 -0.0125
6.36 -0.0125
6.365 -0.0125
6.37 -0.0125
6.375 -0.0125
6.38 -0.0125
6.385 -0.0125
6.39 -0.0125
6.395 -0.0125
6.4 -0.0125
6.405 -0.0125
6.41 -0.0125
6.415 -0.0125
6.42 -0.0125
6.425 -0.0125
6.43 -0.0125
6.435 -0.0125
6.44 -0.0125
6.445 -0.0125
6.45 -0.0125
6.455 -0.0125
6.46 -0.0125
6.465 -0.0125
6.47 -0.0125
6.475 -0.0125
6.48 -0.0125
6.485 -0.0125
6.49 -0.0125
6.495 -0.0125
6.5 -0.0125
6.505 -0.0125
6.51 -0.0125
6.515 -0.0125
6.52 -0.0125
6.525 -0.0125
6.53 -0.0125
6.535 -0.0125
6.54 -0.0125
6.545 -0.0125
6.55 -0.0125
6.555 -0.0125
6.56 -0.0125
6.565 -0.0125
6.57 -0.0125
6.575 -0.0125
6.58 -0.0125
6.585 -0.0125
6.59 -0.0125
6.595 -0.0125
6.6 -0.0125
6.605 -0.0125
6.61 -0.0125
6.615 -0.0125
6.62 -0.0125
6.625 -0.0125
6.63 -0.0125
6.635 -0.0125
6.64 -0.0125
6.645 -0.0125
6.65 -0.0125
6.655 -0.0125
6.66 -0.0125
6.665 -0.0125
6.67 -0.0125
6.675 -0.0125
6.68 -0.0125
6.685 -0.0125
6.69 -0.0125
6.695 -0.0125
6.7 -0.0125
6.705 -0.0125
6.71 -0.0125
6.715 -0.0125
6.72 -0.0125
6.725 -0.0125
6.73 -0.0125
6.735 -0.0125
6.74 -0.0125
6.745 -0.0125
6.75 -0.0125
6.755 -0.0125
6.76 -0.0125
6.765 -0.0125
6.77 -0.0125
6.775 -0.0125
6.78 -0.0125
6.785 -0.0125
6.79 -0.0125
6.795 -0.0125
6.8 -0.0125
6.805 -0.0125
6.81 -0.0125
6.815 -0.0125
6.82 -0.0125
6.825 -0.0125
6.83 -0.0125
6.835 -0.0125
6.84 -0.0125
6.845 -0.0125
6.85 -0.0125
6.855 -0.0125
6.86 -0.0125
6.865 -0.0125
6.87 -0.0125
6.875 -0.0125
6.88 -0.0125
6.885 -0.0125
6.89 -0.0125
6.895 -0.0125
6.9 -0.0125
6.905 -0.0125
6.91 -0.0125
6.915 -0.0125
6.92 -0.0125
6.925 -0.0125
6.93 -0.0125
6.935 -0.0125
6.94 -0.0125
6.945 -0.0125
6.95 -0.0125
6.955 -0.0125
6.96 -0.0125
6.965 -0.0125
6.97 -0.0125
6.975 -0.0125
6.98 -0.0125
6.985 -0.0125
6.99 -0.0125
6.995 -0.0125
7 -0.0125
7.005 -0.0125
7.01 -0.0125
7.015 -0.0125
7.02 -0.0125
7.025 -0.0125
7.03 -0.0125
7.035 -0.0125
7.04 -0.0125
7.045 -0.0125
7.05 -0.0125
7.055 -0.0125
7.06 -0.0125
7.065 -0.0125
7.07 -0.0125
7.075 -0.0125
7.08 -0.0125
7.085 -0.0125
7.09 -0.0125
7.095 -0.0125
7.1 -0.0125
7.105 -0.0125
7.11 -0.0125
7.115 -0.0125
7.12 -0.0125
7.125 -0.0125
7.13 -0.0125
7.135 -0.0125
7.14 -0.0125
7.145 -0.0125
7.15 -0.0125
7.155 -0.0125
7.16 -0.0125
7.165 -0.0125
7.17 -0.0125
7.175 -0.0125
7.18 -0.0125
7.185 -0.0125
7.19 -0.0125
7.195 -0.0125
7.2 -0.0125
7.205 -0.0125
7.21 -0.0125
7.215 -0.0125
7.22 -0.0125
7.225 -0.0125
7.23 -0.0125
7.235 -0.0125
7.24 -0.0125
7.245 -0.0125
7.25 -0.0125
7.255 -0.0125
7.26 -0.0125
7.265 -0.0125
7.27 -0.0125
7.275 -0.0125
7.28 -0.0125
7.285 -0.0125
7.29 -0.0125
7.295 -0.0125
7.3 -0.0125
7.305 -0.0125
7.31 -0.0125
7.315 -0.0125
7.32 -0.0125
7.325 -0.0125
7.33 -0.0125
7.335 -0.0125
7.34 -0.0125
7.345 -0.0125
7.35 -0.0125
7.355 -0.0125
7.36 -0.0125
7.365 -0.0125
7.37 -0.0125
7.375 -0.0125
7.38 -0.0125
7.385 -0.0125
7.39 -0.0125
7.395 -0.0125
7.4 -0.0125
7.405 -0.0125
7.41 -0.0125
7.415 -0.0125
7.42 -0.0125
7.425 -0.0125
7.43 -0.0125
7.435 -0.0125
7.44 -0.0125
7.445 -0.0125
7.45 -0.0125
7.455 -0.0125
7.46 -0.0125
7.465 -0.0125
7.47 -0.0125
7.475 -0.0125
7.48 -0.0125
7.485 -0.0125
7.49 -0.0125
7.495 -0.0125
7.5 -0.0125
7.505 -0.0125
7.51 -0.0125
7.515 -0.0125
7.52 -0.0125
7.525 -0.0125
7.53 -0.0125
7.535 -0.0125
7.54 -0.0125
7.545 -0.0125
7.55 -0.0125
7.555 -0.0125
7.56 -0.0125
7.565 -0.0125
7.57 -0.0125
7.575 -0.0125
7.58 -0.0125
7.585 -0.0125
7.59 -0.0125
7.595 -0.0125
7.6 -0.0125
7.605 -0.0125
7.61 -0.0125
7.615 -0.0125
7.62 -0.0125
7.625 -0.0125
7.63 -0.0125
7.635 -0.0125
7.64 -0.0125
7.645 -0.0125
7.65 -0.0125
7.655 -0.0125
7.66 -0.0125
7.665 -0.0125
7.67 -0.0125
7.675 -0.0125
7.68 -0.0125
7.685 -0.0125
7.69 -0.0125
7.695 -0.0125
7.7 -0.0125
7.705 -0.0125
7.71 -0.0125
7.715 -0.0125
7.72 -0.0125
7.725 -0.0125
7.73 -0.0125
7.735 -0.0125
7.74 -0.0125
7.745 -0.0125
7.75 -0.0125
7.755 -0.0125
7.76 -0.0125
7.765 -0.0124999
7.77 -0.0125001
7.775 -0.0124998
7.78 -0.0125003
7.785 -0.0124992
7.79 -0.0125026
7.795 -0.0124798
7.8 0.01875
7.805 0.0499798
7.81 0.0500026
7.815 0.0499992
7.82 0.0500003
7.825 0.0499998
7.83 0.0500001
7.835 0.0499999
7.84 0.05
7.845 0.05
7.85 0.05
7.855 0.05
7.86 0.05
7.865 0.05
7.87 0.05
7.875 0.05
7.88 0.05
7.885 0.05
7.89 0.05
7.895 0.05
7.9 0.05
7.905 0.05
7.91 0.05
7.915 0.05
7.92 0.05
7.925 0.05
7.93 0.05
7.935 0.05
7.94 0.05
7.945 0.05
7.95 0.05
7.955 0.05
7.96 0.05
7.965 0.05
7.97 0.05
7.975 0.05
7.98 0.05
7.985 0.05
7.99 0.05
7.995 0.05
8 0.05
8.005 0.05
8.01 0.05
8.015 0.05
8.02 0.05
8.025 0.05
8.03 0.05
8.035 0.05
8.04 0.05
8.045 0.05
8.05 0.05
8.055 0.05
8.06 0.05
8.065 0.05
8.07 0.05
8.075 0.05
8.08 0.05
8.085 0.05
8.09 0.05
8.095 0.05
8.1 0.05
8.105 0.05
8.11 0.05
8.115 0.05
8.12 0.05
8.125 0.05
8.13 0.05
8.135 0.05
8.14 0.05
8.145 0.05
8.15 0.05
8.155 0.05
8.16 0.05
8.165 0.0499999
8.17 0.0500001
8.175 0.0499998
8.18 0.0500003
8.185 0.0499992
8.19 0.0500026
8.195 0.0499798
8.2 0.01875
8.205 -0.0124798
8.21 -0.0125026
8.215 -0.0124992
8.22 -0.0125003
8.225 -0.0124998
8.23 -0.0125001
8.235 -0.0124999
8.24 -0.0125
8.245 -0.0125
8.25 -0.0125
8.255 -0.0125
8.26 -0.0125
8.265 -0.0125
8.27 -0.0125
8.275 -0.0125
8.28 -0.0125
8.285 -0.0125
8.29 -0.0125
8.295 -0.0125
8.3 -0.0125
8.305 -0.0125
8.31 -0.0125
8.315 -0.0125
8.32 -0.0125
8.325 -0.0125
8.33 -0.0125
8.335 -0.0125
8.34 -0.0125
8.345 -0.0125
8.35 -0.0125
8.355 -0.0125
8.36 -0.0125
8.365 -0.0125
8.37 -0.0125
8.375 -0.0125
8.38 -0.0125
8.385 -0.0125
8.39 -0.0125
8.395 -0.0125
8.4 -0.0125
8.405 -0.0125
8.41 -0.0125
8.415 -0.0125
8.42 -0.0125
8.425 -0.0125
8.43 -0.0125
8.435 -0.0125
8.44 -0.0125
8.445 -0.0125
8.45 -0.0125
8.455 -0.0125
8.46 -0.0125
8.465 -0.0125
8.47 -0.0125
8.475 -0.0125
8.48 -0.0125
8.485 -0.0125
8.49 -0.0125
8.495 -0.0125
8.5 -0.0125
8.505 -0.0125
8.51 -0.0125
8.515 -0.0125
8.52 -0.0125
8.525 -0.0125
8.53 -0.0125
8.535 -0.0125
8.54 -0.0125
8.545 -0.0125
8.55 -0.0125
8.555 -0.0125
8.56 -0.0125
8.565 -0.0125
8.57 -0.0125
8.575 -0.0125
8.58 -0.0125
8.585 -0.0125
8.59 -0.0125
8.595 -0.0125
8.6 -0.0125
8.605 -0.0125
8.61 -0.0125
8.615 -0.0125
8.62 -0.0125
8.625 -0.0125
8.63 -0.0125
8.635 -0.0125
8.64 -0.0125
8.645 -0.0125
8.65 -0.0125
8.655 -0.0125
8.66 -0.0125
8.665 -0.0125
8.67 -0.0125
8.675 -0.0125
8.68 -0.0125
8.685 -0.0125
8.69 -0.0125
8.695 -0.0125
8.7 -0.0125
8.705 -0.0125
8.71 -0.0125
8.715 -0.0125
8.72 -0.0125
8.725 -0.0125
8.73 -0.0125
8.735 -0.0125
8.74 -0.0125
8.745 -0.0125
8.75 -0.0125
8.755 -0.0125
8.76 -0.0125
8.765 -0.0125
8.77 -0.0125
8.775 -0.0125
8.78 -0.0125
8.785 -0.0125
8.79 -0.0125
8.795 -0.0125
8.8 -0.0125
8.805 -0.0125
8.81 -0.0125
8.815 -0.0125
8.82 -0.0125
8.825 -0.0125
8.83 -0.0125
8.835 -0.0125
8.84 -0.0125
8.845 -0.0125
8.85 -0.0125
8.855 -0.0125
8.86 -0.0125
8.865 -0.0125
8.87 -0.0125
8.875 -0.0125
8.88 -0.0125
8.885 -0.0125
8.89 -0.0125
8.895 -0.0125
8.9 -0.0125
8.905 -0.0125
8.91 -0.0125
8.915 -0.0125
8.92 -0.0125
8.925 -0.0125
8.93 -0.0125
8.935 -0.0125
8.94 -0.0125
8.945 -0.0125
8.95 -0.0125
8.955 -0.0125
8.96 -0.0125
8.965 -0.0125
8.97 -0.0125
8.975 -0.0125
8.98 -0.0125
8.985 -0.0125
8.99 -0.0125
8.995 -0.0125
9 -0.0125
9.005 -0.0125
9.01 -0.0125
9.015 -0.0125
9.02 -0.0125
9.025 -0.0125
9.03 -0.0125
9.035 -0.0125
9.04 -0.0125
9.045 -0.0125
9.05 -0.0125
9.055 -0.0125
9.06 -0.0125
9.065 -0.0125
9.07 -0.0125
9.075 -0.0125
9.08 -0.0125
9.085 -0.0125
9.09 -0.0125
9.095 -0.0125
9.1 -0.0125
9.105 -0.0125
9.11 -0.0125
9.115 -0.0125
9.12 -0.0125
9.125 -0.0125
9.13 -0.0125
9.135 -0.0125
9.14 -0.0125
9.145 -0.0125
9.15 -0.0125
9.155 -0.0125
9.16 -0.0125
9.165 -0.0125
9.17 -0.0125
9.175 -0.0125
9.18 -0.0125
9.185 -0.0125
9.19 -0.0125
9.195 -0.0125
9.2 -0.0125
9.205 -0.0125
9.21 -0.0125
9.215 -0.0125
9.22 -0.0125
9.225 -0.0125
9.23 -0.0125
9.235 -0.0125
9.24 -0.0125
9.245 -0.0125
9.25 -0.0125
9.255 -0.0125
9.26 -0.0125
9.265 -0.0125
9.27 -0.0125
9.275 -0.0125
9.28 -0.0125
9.285 -0.0125
9.29 -0.0125
9.295 -0.0125
9.3 -0.0125
9.305 -0.0125
9.31 -0.0125
9.315 -0.0125
9.32 -0.0125
9.325 -0.0125
9.33 -0.0125
9.335 -0.0125
9.34 -0.0125
9.345 -0.0125
9.35 -0.0125
9.355 -0.0125
9.36 -0.0125
9.365 -0.0125
9.37 -0.0125
9.375 -0.0125
9.38 -0.0125
9.385 -0.0125
9.39 -0.0125
9.395 -0.0125
9.4 -0.0125
9.405 -0.0125
9.41 -0.0125
9.415 -0.0125
9.42 -0.0125
9.425 -0.0125
9.43 -0.0125
9.435 -0.0125
9.44 -0.0125
9.445 -0.0125
9.45 -0.0125
9.455 -0.0125
9.46 -0.0125
9.465 -0.0125
9.47 -0.0125
9.475 -0.0125
9.48 -0.0125
9.485 -0.0125
9.49 -0.0125
9.495 -0.0125
9.5 -0.0125
9.505 -0.0125
9.51 -0.0125
9.515 -0.0125
9.52 -0.0125
9.525 -0.0125
9.53 -0.0125
9.535 -0.0125
9.54 -0.0125
9.545 -0.0125
9.55 -0.0125
9.555 -0.0125
9.56 -0.0125
9.565 -0.0125
9.57 -0.0125
9.575 -0.0125
9.58 -0.0125
9.585 -0.0125
9.59 -0.0125
9.595 -0.0125
9.6 -0.0125
9.605 -0.0125
9.61 -0.0125
9.615 -0.0125
9.62 -0.0125
9.625 -0.0125
9.63 -0.0125
9.635 -0.0125
9.64 -0.0125
9.645 -0.0125
9.65 -0.0125
9.655 -0.0125
9.66 -0.0125
9.665 -0.0125
9.67 -0.0125
9.675 -0.0125
9.68 -0.0125
9.685 -0.0125
9.69 -0.0125
9.695 -0.0125
9.7 -0.0125
9.705 -0.0125
9.71 -0.0125
9.715 -0.0125
9.72 -0.0125
9.725 -0.0125
9.73 -0.0125
9.735 -0.0125
9.74 -0.0125
9.745 -0.0125
9.75 -0.0125
9.755 -0.0125
9.76 -0.0125
9.765 -0.0124999
9.77 -0.0125001
9.775 -0.0124998
9.78 -0.0125003
9.785 -0.0124992
9.79 -0.0125026
9.795 -0.0124798
9.8 0.01875
9.805 0.0499798
9.81 0.0500026
9.815 0.0499992
9.82 0.0500003
9.825 0.0499998
9.83 0.0500001
9.835 0.0499999
9.84 0.05
9.845 0.05
9.85 0.05
9.855 0.05
9.86 0.05
9.865 0.05
9.87 0.05
9.875 0.05
9.88 0.05
9.885 0.05
9.89 0.05
9.895 0.05
9.9 0.05
9.905 0.05
9.91 0.05
9.915 0.05
9.92 0.05
9.925 0.05
9.93 0.05
9.935 0.05
9.94 0.05
9.945 0.05
9.95 0.05
9.955 0.05
9.96 0.05
9.965 0.05
9.97 0.05
9.975 0.05
9.98 0.05
9.985 0.05
9.99 0.05
9.995 0.05
10 0.05
