60.01 -2.60243 1.10134 
60.02 -2.49393 1.20162 
60.03 -2.37586 1.3046 
60.04 -2.24798 1.40959 
60.05 -2.11015 1.51562 
60.06 -1.96233 1.62134 
60.07 -1.80464 1.725 
60.08 -1.63736 1.82445 
60.09 -1.461 1.91712 
60.1 -1.27635 2.00011 
60.11 -1.08445 2.07036 
60.12 -0.886658 2.12481 
60.13 -0.684591 2.16066 
60.14 -0.480115 2.17566 
60.15 -0.275272 2.16831 
60.16 -0.0722021 2.13807 
60.17 0.12695 2.08537 
60.18 0.320127 2.01161 
60.19 0.505441 1.91895 
60.2 0.681236 1.8101 
60.21 0.846125 1.68803 
60.22 0.999002 1.55573 
60.23 1.13904 1.41597 
60.24 1.26565 1.27122 
60.25 1.37846 1.12348 
60.26 1.47728 0.974362 
60.27 1.56202 0.825014 
60.28 1.63271 0.676228 
60.29 1.68942 0.528483 
60.3 1.73227 0.382011 
60.31 1.76137 0.236871 
60.32 1.77686 0.093008 
60.33 1.77885 -0.0496894 
60.34 1.76744 -0.191334 
60.35 1.74273 -0.331992 
60.36 1.70481 -0.471642 
60.37 1.65379 -0.610125 
60.38 1.58978 -0.747113 
60.39 1.51296 -0.882064 
60.4 1.42354 -1.0142 
60.41 1.32185 -1.14247 
60.42 1.2083 -1.26558 
60.43 1.08346 -1.38196 
60.44 0.948037 -1.48984 
60.45 0.802923 -1.58734 
60.46 0.649189 -1.67253 
60.47 0.48808 -1.74363 
60.48 0.320999 -1.7991 
60.49 0.149475 -1.83783 
60.5 -0.0248828 -1.85926 
60.51 -0.200441 -1.86343 
60.52 -0.375599 -1.85102 
60.53 -0.548853 -1.82331 
60.54 -0.718837 -1.78205 
60.55 -0.884372 -1.72932 
60.56 -1.04448 -1.66739 
60.57 -1.19841 -1.59855 
60.58 -1.34561 -1.52497 
60.59 -1.48572 -1.4486 
60.6 -1.61857 -1.37112 
60.61 -1.74412 -1.2939 
60.62 -1.86244 -1.21798 
60.63 -1.97369 -1.14412 
60.64 -2.0781 -1.0728 
60.65 -2.17592 -1.00429 
60.66 -2.26741 -0.938668 
60.67 -2.35286 -0.87585 
60.68 -2.4325 -0.815649 
60.69 -2.50658 -0.757795 
60.7 -2.57531 -0.701955 
60.71 -2.63885 -0.647762 
60.72 -2.69735 -0.594827 
60.73 -2.7509 -0.542754 
60.74 -2.79957 -0.491148 
60.75 -2.84338 -0.439624 
60.76 -2.88233 -0.387808 
60.77 -2.91636 -0.335345 
60.78 -2.94541 -0.2819 
60.79 -2.96936 -0.227153 
60.8 -2.98808 -0.170807 
60.81 -3.0014 -0.11258 
60.82 -3.00914 -0.0522064 
60.83 -3.01107 0.0105636 
60.84 -3.00697 0.0759693 
60.85 -2.99658 0.144239 
60.86 -2.97961 0.215594 
60.87 -2.95576 0.290247 
60.88 -2.92472 0.368403 
60.89 -2.88614 0.450259 
60.9 -2.83966 0.535996 
60.91 -2.78492 0.625775 
60.92 -2.72152 0.719719 
60.93 -2.64908 0.817902 
60.94 -2.56718 0.920317 
60.95 -2.47544 1.02685 
60.96 -2.37347 1.13722 
60.97 -2.26095 1.25097 
60.98 -2.13757 1.36734 
60.99 -2.00315 1.48528 
61 -1.8576 1.60335 
61.01 -1.70098 1.71966 
61.02 -1.53358 1.83191 
61.03 -1.3559 1.93737 
61.04 -1.16873 2.03298 
61.05 -0.973136 2.1155 
61.06 -0.770512 2.18176 
61.07 -0.562526 2.22891 
61.08 -0.35109 2.25472 
61.09 -0.138287 2.25785 
61.1 0.0737236 2.23798 
61.11 0.282801 2.19588 
61.12 0.486927 2.13334 
61.13 0.684292 2.05293 
61.14 0.873354 1.95772 
61.15 1.05287 1.85103 
61.16 1.22192 1.73608 
61.17 1.37986 1.61584 
61.18 1.52632 1.49283 
61.19 1.66114 1.36909 
61.2 1.78432 1.24615 
61.21 1.896 1.12508 
61.22 1.99637 1.00653 
61.23 2.08571 0.890785 
61.24 2.16427 0.777878 
61.25 2.23232 0.667624 
61.26 2.29009 0.559687 
61.27 2.33777 0.453627 
61.28 2.37554 0.348943 
61.29 2.40348 0.245097 
61.3 2.42165 0.141541 
61.31 2.43005 0.0377363 
61.32 2.42864 -0.0668348 
61.33 2.41733 -0.172654 
61.34 2.39596 -0.280154 
61.35 2.36437 -0.389707 
61.36 2.32235 -0.501609 
61.37 2.26966 -0.616057 
61.38 2.20607 -0.733126 
61.39 2.13132 -0.852738 
61.4 2.0452 -0.974623 
61.41 1.9475 -1.09828 
61.42 1.83809 -1.22293 
61.43 1.71694 -1.34747 
61.44 1.58411 -1.47045 
61.45 1.43984 -1.59002 
61.46 1.28454 -1.70401 
61.47 1.11887 -1.80991 
61.48 0.943706 -1.90504 
61.49 0.760194 -1.98668 
61.5 0.569727 -2.05228 
61.51 0.373923 -2.09971 
61.52 0.174571 -2.12745 
61.53 -0.0264351 -2.13483 
61.54 -0.227178 -2.12205 
61.55 -0.425805 -2.09024 
61.56 -0.620606 -2.04131 
61.57 -0.810082 -1.97776 
61.58 -0.99299 -1.90248 
61.59 -1.16837 -1.81846 
61.6 -1.33552 -1.72858 
61.61 -1.49403 -1.63546 
61.62 -1.6437 -1.54135 
61.63 -1.78452 -1.44807 
61.64 -1.91665 -1.35699 
61.65 -2.04033 -1.26909 
61.66 -2.1559 -1.18498 
61.67 -2.26374 -1.10498 
61.68 -2.36423 -1.02915 
61.69 -2.45776 -0.957365 
61.7 -2.54471 -0.889383 
61.71 -2.62542 -0.824846 
61.72 -2.70019 -0.763341 
61.73 -2.76928 -0.704419 
61.74 -2.83293 -0.647617 
61.75 -2.89131 -0.592474 
61.76 -2.94455 -0.53854 
61.77 -2.99274 -0.485388 
61.78 -3.03595 -0.432614 
61.79 -3.07419 -0.379842 
61.8 -3.10744 -0.326726 
61.81 -3.13566 -0.272951 
61.82 3.12442 -0.218227 
61.83 3.10652 -0.162291 
61.84 3.09396 -0.104904 
61.85 3.08688 -0.0458464 
61.86 3.08546 0.0150833 
61.87 3.08987 0.0780747 
61.88 3.10031 0.143308 
61.89 3.11702 0.210957 
61.9 3.14022 0.281192 
61.91 -3.11302 0.354185 
61.92 -3.07606 0.430105 
61.93 -3.0318 0.509122 
61.94 -2.97995 0.591402 
61.95 -2.92018 0.677097 
61.96 -2.85218 0.76634 
61.97 -2.77559 0.859222 
61.98 -2.69009 0.955772 
61.99 -2.59531 1.05592 
62 -2.49094 1.15948 
62.01 -2.37666 1.26605 
62.02 -2.25223 1.37502 
62.03 -2.11745 1.48546 
62.04 -1.97224 1.59611 
62.05 -1.81666 1.70526 
62.06 -1.65095 1.8108 
62.07 -1.47557 1.91018 
62.08 -1.29122 2.00051 
62.09 -1.09892 2.07866 
62.1 -0.899945 2.14145 
62.11 -0.695898 2.18596 
62.12 -0.488619 2.20975 
62.13 -0.280148 2.21111 
62.14 -0.072639 2.18933 
62.15 0.131733 2.14472 
62.16 0.33087 2.07858 
62.17 0.522839 1.99307 
62.18 0.705941 1.89094 
62.19 0.878754 1.77527 
62.2 1.04015 1.64917 
62.21 1.18928 1.51557 
62.22 1.32557 1.37706 
62.23 1.44866 1.23576 
62.24 1.55838 1.09336 
62.25 1.65466 0.951074 
62.26 1.73758 0.809697 
62.27 1.80723 0.669696 
62.28 1.86376 0.531255 
62.29 1.90732 0.394349 
62.3 1.93804 0.258808 
62.31 1.95604 0.124372 
62.32 1.96141 -0.00926158 
62.33 1.95422 -0.142395 
62.34 1.93449 -0.275287 
62.35 1.90225 -0.408122 
62.36 1.85748 -0.540967 
62.37 1.8002 -0.67374 
62.38 1.73043 -0.806171 
62.39 1.6482 -0.937763 
62.4 1.55365 -1.06776 
62.41 1.44696 -1.19513 
62.42 1.32844 -1.31853 
62.43 1.19855 -1.43633 
62.44 1.0579 -1.54666 
62.45 0.90728 -1.64742 
62.46 0.747703 -1.7365 
62.47 0.580368 -1.8118 
62.48 0.406662 -1.8715 
62.49 0.228125 -1.91416 
62.5 0.0464104 -1.93893 
62.51 -0.136782 -1.94562 
62.52 -0.319768 -1.93474 
62.53 -0.500941 -1.9075 
62.54 -0.678841 -1.86567 
62.55 -0.852193 -1.81144 
62.56 -1.01994 -1.74725 
62.57 -1.18127 -1.67559 
62.58 -1.33558 -1.59884 
62.59 -1.4825 -1.51917 
62.6 -1.62185 -1.43846 
62.61 -1.75359 -1.35821 
62.62 -1.87785 -1.2796 
62.63 -1.9948 -1.2035 
62.64 -2.10472 -1.13045 
62.65 -2.20791 -1.06075 
62.66 -2.30469 -0.994508 
62.67 -2.39539 -0.931654 
62.68 -2.48032 -0.871998 
62.69 -2.55976 -0.815263 
62.7 -2.63397 -0.761107 
62.71 -2.70319 -0.709152 
62.72 -2.7676 -0.658999 
62.73 -2.82736 -0.610242 
62.74 -2.88256 -0.56248 
62.75 -2.9333 -0.515326 
62.76 -2.9796 -0.468409 
62.77 -3.02149 -0.421378 
62.78 -3.05892 -0.373909 
62.79 -3.09184 -0.325698 
62.8 -3.12018 -0.276468 
62.81 3.13936 -0.225964 
62.82 3.12055 -0.173953 
62.83 3.10672 -0.12022 
62.84 3.09804 -0.0645705 
62.85 3.0947 -0.0068208 
62.86 3.0969 0.0532 
62.87 3.10488 0.115655 
62.88 3.11886 0.180703 
62.89 3.13909 0.248501 
62.9 -3.11733 0.319205 
62.91 -3.08377 0.392973 
62.92 -3.04311 0.469965 
62.93 -2.99503 0.550339 
62.94 -2.93922 0.634245 
62.95 -2.87533 0.721818 
62.96 -2.80301 0.813162 
62.97 -2.72191 0.908328 
62.98 -2.63166 1.00729 
62.99 -2.53192 1.10991 
63 -2.42234 1.21588 
63.01 -2.30264 1.32468 
63.02 -2.17259 1.43553 
63.03 -2.03204 1.5473 
63.04 -1.88097 1.65848 
63.05 -1.71953 1.76712 
63.06 -1.54806 1.87084 
63.07 -1.36717 1.96687 
63.08 -1.1777 2.05213 
63.09 -0.980838 2.12342 
63.1 -0.77804 2.17764 
63.11 -0.571048 2.21207 
63.12 -0.361828 2.22467 
63.13 -0.152504 2.21425 
63.14 0.0547425 2.18068 
63.15 0.257764 2.12487 
63.16 0.454545 2.04866 
63.17 0.64328 1.95462 
63.18 0.822427 1.84576 
63.19 0.990739 1.72525 
63.2 1.14726 1.59614 
63.21 1.29132 1.46121 
63.22 1.42249 1.32283 
63.23 1.54052 1.18286 
63.24 1.64535 1.04272 
63.25 1.73699 0.903373 
63.26 1.81557 0.765414 
63.27 1.88122 0.629117 
63.28 1.93411 0.494517 
63.29 1.97439 0.36147 
63.3 2.00219 0.229714 
63.31 2.01762 0.0989156 
63.32 2.02076 -0.0312826 
63.33 2.01164 -0.161225 
63.34 1.99028 -0.29121 
63.35 1.95666 -0.421449 
63.36 1.91075 -0.552044 
63.37 1.85252 -0.68294 
63.38 1.78194 -0.813898 
63.39 1.69904 -0.944455 
63.4 1.60389 -1.07389 
63.41 1.49663 -1.20118 
63.42 1.37753 -1.32501 
63.43 1.24699 -1.44377 
63.44 1.10556 -1.55554 
63.45 0.954024 -1.65822 
63.46 0.793324 -1.7496 
63.47 0.624634 -1.8275 
63.48 0.449319 -1.88995 
63.49 0.268912 -1.93538 
63.5 0.0850718 -1.96279 
63.51 -0.100482 -1.97182 
63.52 -0.286032 -1.96288 
63.53 -0.46993 -1.93709 
63.54 -0.650667 -1.89618 
63.55 -0.826917 -1.84234 
63.56 -0.997578 -1.77805 
63.57 -1.16178 -1.70586 
63.58 -1.31891 -1.62825 
63.59 -1.46855 -1.54747 
63.6 -1.61051 -1.46547 
63.61 -1.74474 -1.38388 
63.62 -1.87135 -1.30393 
63.63 -1.99053 -1.22653 
63.64 -2.10256 -1.15229 
63.65 -2.20776 -1.08153 
63.66 -2.30646 -1.01438 
63.67 -2.39899 -0.950784 
63.68 -2.48569 -0.890565 
63.69 -2.56686 -0.833445 
63.7 -2.64278 -0.779082 
63.71 -2.71369 -0.727094 
63.72 -2.7798 -0.677077 
63.73 -2.84127 -0.628622 
63.74 -2.89823 -0.581324 
63.75 -2.95077 -0.53479 
63.76 -2.99894 -0.488645 
63.77 -3.04278 -0.442537 
63.78 -3.08225 -0.396139 
63.79 -3.11733 -0.349149 
63.8 3.13525 -0.301289 
63.81 3.1092 -0.252309 
63.82 3.08782 -0.201978 
63.83 3.07126 -0.150091 
63.84 3.05967 -0.0964573 
63.85 3.05323 -0.0409061 
63.86 3.05211 0.0167227 
63.87 3.05652 0.0765791 
63.88 3.06669 0.138807 
63.89 3.08283 0.203547 
63.9 3.1052 0.270942 
63.91 3.13405 0.341134 
63.92 -3.11354 0.41427 
63.93 -3.0709 0.490501 
63.94 -3.02094 0.569978 
63.95 -2.96332 0.652845 
63.96 -2.89774 0.739234 
63.97 -2.82385 0.829246 
63.98 -2.7413 0.922932 
63.99 -2.64975 1.02027 
64 -2.54887 1.12111 
64.01 -2.43833 1.22517 
64.02 -2.31786 1.33192 
64.03 -2.18722 1.44059 
64.04 -2.04631 1.55007 
64.05 -1.89509 1.65887 
64.06 -1.73373 1.76505 
64.07 -1.56258 1.86627 
64.08 -1.38224 1.95979 
64.09 -1.19356 2.04258 
64.1 -0.997713 2.11146 
64.11 -0.796153 2.16338 
64.12 -0.59061 2.19565 
64.13 -0.383038 2.20621 
64.14 -0.175546 2.19387 
64.15 0.0296905 2.15846 
64.16 0.230531 2.10084 
64.17 0.424959 2.02277 
64.18 0.611159 1.92674 
64.19 0.787576 1.8157 
64.2 0.95294 1.69273 
64.21 1.10627 1.56086 
64.22 1.24686 1.42283 
64.23 1.37425 1.28098 
64.24 1.48816 1.13718 
64.25 1.58849 0.992851 
64.26 1.67522 0.848996 
64.27 1.74845 0.70623 
64.28 1.80829 0.564873 
64.29 1.85488 0.425006 
64.3 1.88835 0.286543 
64.31 1.90883 0.14929 
64.32 1.91642 0.0129912 
64.33 1.91121 -0.122615 
64.34 1.89324 -0.25776 
64.35 1.86255 -0.392603 
64.36 1.81916 -0.52719 
64.37 1.76311 -0.661423 
64.38 1.69444 -0.795013 
64.39 1.61322 -0.92745 
64.4 1.51961 -1.05797 
64.41 1.41384 -1.18552 
64.42 1.29623 -1.30877 
64.43 1.16728 -1.4261 
64.44 1.02762 -1.53564 
64.45 0.878091 -1.63537 
64.46 0.719709 -1.72319 
64.47 0.553693 -1.79711 
64.48 0.381439 -1.85536 
64.49 0.20449 -1.89663 
64.5 0.0244887 -1.92013 
64.51 -0.15688 -1.92575 
64.52 -0.337953 -1.91408 
64.53 -0.517153 -1.88634 
64.54 -0.693048 -1.84433 
64.55 -0.864392 -1.79021 
64.56 -1.03016 -1.72639 
64.57 -1.18954 -1.65531 
64.58 -1.34197 -1.57929 
64.59 -1.48709 -1.50044 
64.6 -1.62471 -1.42058 
64.61 -1.75481 -1.34117 
64.62 -1.8775 -1.26336 
64.63 -1.99296 -1.18797 
64.64 -2.10144 -1.11552 
64.65 -2.20325 -1.04631 
64.66 -2.29869 -0.980418 
64.67 -2.38807 -0.917781 
64.68 -2.47169 -0.858206 
64.69 -2.54983 -0.801413 
64.7 -2.62274 -0.747063 
64.71 -2.69062 -0.694781 
64.72 -2.75365 -0.64417 
64.73 -2.81198 -0.594827 
64.74 -2.8657 -0.546355 
64.75 -2.91488 -0.498366 
64.76 -2.95954 -0.450492 
64.77 -2.99969 -0.402381 
64.78 -3.03527 -0.353708 
64.79 -3.06623 -0.304167 
64.8 -3.09247 -0.253477 
64.81 -3.11387 -0.201378 
64.82 -3.13029 -0.147631 
64.83 -3.14155 -0.092015 
64.84 3.13571 -0.0343237 
64.85 3.13532 0.0256357 
64.86 3.1407 0.0880461 
64.87 -3.13111 0.153084 
64.88 -3.11347 0.220921 
64.89 -3.08931 0.291728 
64.9 -3.05832 0.365675 
64.91 -3.02022 0.44293 
64.92 -2.97467 0.523658 
64.93 -2.92135 0.608018 
64.94 -2.8599 0.696149 
64.95 -2.78997 0.788162 
64.96 -2.71119 0.884117 
64.97 -2.62318 0.983996 
64.98 -2.52557 1.08767 
64.99 -2.41803 1.19485 
65 -2.30025 1.30504 
65.01 -2.17197 1.41747 
65.02 -2.03304 1.53105 
65.03 -1.8834 1.64429 
65.04 -1.72319 1.75528 
65.05 -1.55271 1.86166 
65.06 -1.37254 1.96067 
65.07 -1.1835 2.04923 
65.08 -0.986744 2.12411 
65.09 -0.783699 2.18218 
65.1 -0.576087 2.22066 
65.11 -0.365861 2.2374 
65.12 -0.155138 2.23115 
65.13 0.0538976 2.20169 
65.14 0.259091 2.14988 
65.15 0.458413 2.07751 
65.16 0.650043 1.98716 
65.17 0.832426 1.88185 
65.18 1.0043 1.7648 
65.19 1.16472 1.63914 
65.2 1.313 1.50769 
65.21 1.44871 1.37288 
65.22 1.57164 1.23665 
65.23 1.68171 1.10044 
65.24 1.779 0.965248 
65.25 1.86361 0.831687 
65.26 1.93572 0.700033 
65.27 1.99552 0.570312 
65.28 2.04318 0.442358 
65.29 2.07885 0.315875 
65.3 2.10266 0.190483 
65.31 2.11468 0.0657611 
65.32 2.11497 -0.0587156 
65.33 2.10352 -0.183346 
65.34 2.08031 -0.308474 
65.35 2.04527 -0.434359 
65.36 1.99832 -0.561145 
65.37 1.93939 -0.688831 
65.38 1.86839 -0.817235 
65.39 1.78527 -0.945954 
65.4 1.69003 -1.07433 
65.41 1.58274 -1.20142 
65.42 1.46359 -1.32596 
65.43 1.33289 -1.44636 
65.44 1.19111 -1.56072 
65.45 1.03892 -1.66691 
65.46 0.877204 -1.76262 
65.47 0.707056 -1.84551 
65.48 0.52979 -1.9134 
65.49 0.346909 -1.96447 
65.5 0.160064 -1.9974 
65.51 -0.0289992 -2.01157 
65.52 -0.218513 -2.00712 
65.53 -0.406758 -1.98494 
65.54 -0.592136 -1.94666 
65.55 -0.773227 -1.89441 
65.56 -0.948829 -1.83069 
65.57 -1.11799 -1.75817 
65.58 -1.28 -1.67946 
65.59 -1.43439 -1.59697 
65.6 -1.58091 -1.51284 
65.61 -1.71949 -1.42883 
65.62 -1.85022 -1.34634 
65.63 -1.97328 -1.26639 
65.64 -2.08895 -1.18967 
65.65 -2.19756 -1.11659 
65.66 -2.29946 -1.04733 
65.67 -2.39501 -0.981871 
65.68 -2.48457 -0.920045 
65.69 -2.56845 -0.861588 
65.7 -2.64697 -0.80616 
65.71 -2.72039 -0.753376 
65.72 -2.78895 -0.702826 
65.73 -2.85283 -0.654091 
65.74 -2.91219 -0.606755 
65.75 -2.96713 -0.560416 
65.76 -3.01774 -0.514691 
65.77 -3.06405 -0.469218 
65.78 -3.10608 -0.423664 
65.79 3.13938 -0.377721 
65.8 3.10602 -0.33111 
65.81 3.07709 -0.283578 
65.82 3.0527 -0.234896 
65.83 3.03295 -0.184862 
65.84 3.01799 -0.133293 
65.85 3.00796 -0.0800246 
65.86 3.00304 -0.0249086 
65.87 3.00341 0.0321917 
65.88 3.00925 0.0914046 
65.89 3.02077 0.152854 
65.9 3.0382 0.216662 
65.91 3.06175 0.282952 
65.92 3.09167 0.351855 
65.93 3.1282 0.423503 
65.94 -3.11156 0.498037 
65.95 -3.06097 0.5756 
65.96 -3.00293 0.656334 
65.97 -2.93713 0.740369 
65.98 -2.86325 0.827813 
65.99 -2.78097 0.918729 
66 -2.68997 1.01311 
66.01 -2.58991 1.11085 
66.02 -2.48049 1.21168 
66.03 -2.36144 1.31516 
66.04 -2.23255 1.42059 
66.05 -2.09367 1.52694 
66.06 -1.94477 1.63282 
66.07 -1.786 1.73646 
66.08 -1.61764 1.83563 
66.09 -1.44026 1.92772 
66.1 -1.25465 2.00981 
66.11 -1.06189 2.07882 
66.12 -0.863376 2.13169 
66.13 -0.660746 2.16567 
66.14 -0.455895 2.17858 
66.15 -0.250881 2.16901 
66.16 -0.0478513 2.13652 
66.17 0.151052 2.08166 
66.18 0.343786 2.00594 
66.19 0.528484 1.91159 
66.2 0.703517 1.80136 
66.21 0.867531 1.67826 
66.22 1.01945 1.54526 
66.23 1.15848 1.40513 
66.24 1.28406 1.26026 
66.25 1.39585 1.11264 
66.26 1.49365 0.963812 
66.27 1.57742 0.814888 
66.28 1.64718 0.666617 
66.29 1.70301 0.51944 
66.3 1.74503 0.373563 
66.31 1.77337 0.22902 
66.32 1.78815 0.0857363 
66.33 1.78948 -0.0564127 
66.34 1.77746 -0.197551 
66.35 1.75218 -0.337754 
66.36 1.71374 -0.477004 
66.37 1.66223 -0.61515 
66.38 1.59776 -0.751864 
66.39 1.5205 -0.886607 
66.4 1.43067 -1.0186 
66.41 1.32856 -1.14679 
66.42 1.21461 -1.26988 
66.43 1.08936 -1.38629 
66.44 0.953525 -1.49425 
66.45 0.807992 -1.59185 
66.46 0.653827 -1.67717 
66.47 0.492274 -1.74839 
66.48 0.324738 -1.80398 
66.49 0.15275 -1.8428 
66.5 -0.0220784 -1.86428 
66.51 -0.19811 -1.86845 
66.52 -0.37374 -1.856 
66.53 -0.547458 -1.82819 
66.54 -0.717896 -1.78679 
66.55 -0.88387 -1.73389 
66.56 -1.0444 -1.67176 
66.57 -1.19873 -1.60272 
66.58 -1.34631 -1.52893 
66.59 -1.48679 -1.45237 
66.6 -1.61999 -1.37471 
66.61 -1.74587 -1.29734 
66.62 -1.8645 -1.22131 
66.63 -1.97607 -1.14736 
66.64 -2.08078 -1.076 
66.65 -2.1789 -1.00748 
66.66 -2.2707 -0.941887 
66.67 -2.35644 -0.879134 
66.68 -2.4364 -0.819036 
66.69 -2.51081 -0.761319 
66.7 -2.57988 -0.705652 
66.71 -2.64378 -0.651665 
66.72 -2.70265 -0.598971 
66.73 -2.75661 -0.547171 
66.74 -2.80571 -0.495872 
66.75 -2.84998 -0.444687 
66.76 -2.88942 -0.393244 
66.77 -2.92399 -0.34119 
66.78 -2.9536 -0.288188 
66.79 -2.97817 -0.233922 
66.8 -2.99755 -0.178096 
66.81 -3.01159 -0.120429 
66.82 -3.02009 -0.0606592 
66.83 -3.02286 0.00146172 
66.84 -3.01965 0.0661698 
66.85 -3.01021 0.133691 
66.86 -2.99427 0.204243 
66.87 -2.97153 0.278037 
66.88 -2.94168 0.355277 
66.89 -2.90438 0.436158 
66.9 -2.85929 0.520864 
66.91 -2.80602 0.609559 
66.92 -2.74421 0.702377 
66.93 -2.67345 0.799403 
66.94 -2.59335 0.900653 
66.95 -2.50351 1.00604 
66.96 -2.40356 1.11533 
66.97 -2.29315 1.2281 
66.98 -2.17197 1.34369 
66.99 -2.0398 1.4611 
67 -1.89654 1.579 
67.01 -1.74221 1.6956 
67.02 -1.57704 1.8087 
67.03 -1.40149 1.91565 
67.04 -1.21626 2.01346 
67.05 -1.02238 2.09892 
67.06 -0.821148 2.16881 
67.07 -0.614188 2.22018 
67.08 -0.403358 2.25063 
67.09 -0.190713 2.25859 
67.1 0.0215927 2.24348 
67.11 0.231401 2.20583 
67.12 0.436655 2.14721 
67.13 0.635485 2.07001 
67.14 0.826277 1.97723 
67.15 1.00772 1.87213 
67.16 1.1788 1.758 
67.17 1.33882 1.63785 
67.18 1.48733 1.51433 
67.19 1.62413 1.38958 
67.2 1.74918 1.26526 
67.21 1.86258 1.14252 
67.22 1.96451 1.0221 
67.23 2.05522 0.904383 
67.24 2.13497 0.789436 
67.25 2.20401 0.677123 
67.26 2.26258 0.56714 
67.27 2.31087 0.459068 
67.28 2.34905 0.352418 
67.29 2.37723 0.246661 
67.3 2.39546 0.141254 
67.31 2.40376 0.0356597 
67.32 2.40207 -0.0706372 
67.33 2.39031 -0.178116 
67.34 2.36836 -0.287207 
67.35 2.33603 -0.398275 
67.36 2.29313 -0.511605 
67.37 2.23944 -0.627377 
67.38 2.17472 -0.745644 
67.39 2.09875 -0.866297 
67.4 2.0113 -0.989029 
67.41 1.91222 -1.11329 
67.42 1.80138 -1.23824 
67.43 1.67878 -1.36272 
67.44 1.54453 -1.48521 
67.45 1.39891 -1.60381 
67.46 1.24239 -1.71629 
67.47 1.07565 -1.82013 
67.48 0.899639 -1.91266 
67.49 0.715552 -1.99119 
67.5 0.524822 -2.05329 
67.51 0.329099 -2.09695 
67.52 0.130189 -2.12085 
67.53 -0.0700174 -2.12449 
67.54 -0.269621 -2.10828 
67.55 -0.466805 -2.07349 
67.56 -0.65991 -2.02217 
67.57 -0.847496 -1.95689 
67.58 -1.02838 -1.88055 
67.59 -1.20166 -1.79609 
67.6 -1.36672 -1.70636 
67.61 -1.52316 -1.61388 
67.62 -1.67084 -1.5208 
67.63 -1.80979 -1.42884 
67.64 -1.94017 -1.33929 
67.65 -2.06226 -1.25306 
67.66 -2.1764 -1.17069 
67.67 -2.28297 -1.09244 
67.68 -2.38236 -1.01836 
67.69 -2.47496 -0.948298 
67.7 -2.56114 -0.881981 
67.71 -2.64122 -0.819049 
67.72 -2.71552 -0.759087 
67.73 -2.78428 -0.701646 
67.74 -2.84774 -0.646267 
67.75 -2.90605 -0.592496 
67.76 -2.95936 -0.539889 
67.77 -3.00774 -0.488027 
67.78 -3.05126 -0.436515 
67.79 -3.08992 -0.384987 
67.8 -3.12372 -0.333106 
67.81 3.13059 -0.280565 
67.82 3.10671 -0.227084 
67.83 3.08791 -0.17241 
67.84 3.07434 -0.116314 
67.85 3.06612 -0.058586 
67.86 3.06343 0.000965828 
67.87 3.06645 0.0625205 
67.88 3.07536 0.126247 
67.89 3.09038 0.19231 
67.9 3.11175 0.260868 
67.91 3.1397 0.332084 
67.92 -3.1087 0.406118 
67.93 -3.0668 0.483135 
67.94 -3.01749 0.563295 
67.95 -2.96048 0.646756 
67.96 -2.89545 0.733656 
67.97 -2.82206 0.824104 
67.98 -2.73998 0.918162 
67.99 -2.64886 1.01581 
68 -2.54839 1.11691 
68.01 -2.43823 1.22118 
68.02 -2.31813 1.32811 
68.03 -2.18785 1.43693 
68.04 -2.04727 1.54655 
68.05 -1.89638 1.65546 
68.06 -1.73534 1.76177 
68.07 -1.56449 1.86313 
68.08 -1.38443 1.95682 
68.09 -1.19603 2.0398 
68.1 -1.00043 2.10892 
68.11 -0.799098 2.16112 
68.12 -0.593754 2.1937 
68.13 -0.386349 2.20461 
68.14 -0.17899 2.19265 
68.15 0.0261497 2.15762 
68.16 0.226928 2.10036 
68.17 0.421327 2.02263 
68.18 0.607528 1.9269 
68.19 0.783972 1.8161 
68.2 0.949383 1.69333 
68.21 1.10278 1.5616 
68.22 1.24344 1.42366 
68.23 1.37091 1.28184 
68.24 1.4849 1.13804 
68.25 1.58531 0.99369 
68.26 1.67212 0.849778 
68.27 1.74542 0.706937 
68.28 1.80532 0.56549 
68.29 1.85196 0.425525 
68.3 1.88548 0.28696 
68.31 1.90599 0.149602 
68.32 1.91361 0.0132025 
68.33 1.90841 -0.1225 
68.34 1.89045 -0.257734 
68.35 1.85976 -0.392655 
68.36 1.81636 -0.527309 
68.37 1.7603 -0.661592 
68.38 1.69161 -0.795215 
68.39 1.61037 -0.927665 
68.4 1.51674 -1.05817 
68.41 1.41095 -1.18569 
68.42 1.29333 -1.30887 
68.43 1.16437 -1.42611 
68.44 1.02472 -1.53552 
68.45 0.875208 -1.6351 
68.46 0.716858 -1.72275 
68.47 0.550892 -1.79648 
68.48 0.378707 -1.85454 
68.49 0.201845 -1.89561 
68.5 0.0219489 -1.91892 
68.51 -0.159297 -1.92437 
68.52 -0.340232 -1.91255 
68.53 -0.519283 -1.8847 
68.54 -0.695019 -1.8426 
68.55 -0.866198 -1.78844 
68.56 -1.03179 -1.72461 
68.57 -1.19101 -1.65355 
68.58 -1.34328 -1.57757 
68.59 -1.48824 -1.49879 
68.6 -1.62571 -1.419 
68.61 -1.75567 -1.33967 
68.62 -1.87821 -1.26195 
68.63 -1.99354 -1.18664 
68.64 -2.10191 -1.11428 
68.65 -2.2036 -1.04514 
68.66 -2.29893 -0.979324 
68.67 -2.38821 -0.91675 
68.68 -2.47174 -0.857229 
68.69 -2.54979 -0.800481 
68.7 -2.62261 -0.746167 
68.71 -2.69041 -0.693913 
68.72 -2.75336 -0.64332 
68.73 -2.81161 -0.593989 
68.74 -2.86525 -0.545519 
68.75 -2.91435 -0.497525 
68.76 -2.95893 -0.449638 
68.77 -2.999 -0.401508 
68.78 -3.0345 -0.352808 
68.79 -3.06537 -0.303234 
68.8 -3.09152 -0.252504 
68.81 -3.11283 -0.200358 
68.82 -3.12915 -0.146558 
68.83 -3.14031 -0.0908812 
68.84 3.13706 -0.0331224 
68.85 3.13679 0.0269117 
68.86 -3.14089 0.0894046 
68.87 -3.12938 0.154533 
68.88 -3.1116 0.222469 
68.89 -3.08729 0.293384 
68.9 -3.05614 0.367447 
68.91 -3.01786 0.444828 
68.92 -2.97213 0.525691 
68.93 -2.91861 0.610196 
68.94 -2.85695 0.69848 
68.95 -2.7868 0.790654 
68.96 -2.70777 0.886775 
68.97 -2.6195 0.986821 
68.98 -2.52162 1.09066 
68.99 -2.41379 1.198 
69 -2.29571 1.30832 
69.01 -2.16711 1.42087 
69.02 -2.02785 1.53453 
69.03 -1.87789 1.6478 
69.04 -1.71734 1.75874 
69.05 -1.54655 1.865 
69.06 -1.36607 1.96379 
69.07 -1.17675 2.05202 
69.08 -0.97975 2.12648 
69.09 -0.776504 2.18403 
69.1 -0.568746 2.2219 
69.11 -0.358435 2.23797 
69.12 -0.14769 2.23104 
69.13 0.0613036 2.2009 
69.14 0.266392 2.14846 
69.15 0.465554 2.07554 
69.16 0.656975 1.98473 
69.17 0.839112 1.87907 
69.18 1.01072 1.76179 
69.19 1.17084 1.63599 
69.2 1.31882 1.50451 
69.21 1.45424 1.36975 
69.22 1.57687 1.23364 
69.23 1.68667 1.09759 
69.24 1.7837 0.962606 
69.25 1.86807 0.829273 
69.26 1.93997 0.697861 
69.27 1.99957 0.568387 
69.28 2.04706 0.440681 
69.29 2.08259 0.314441 
69.3 2.10627 0.189284 
69.31 2.11819 0.0647858 
69.32 2.1184 -0.05948 
69.33 2.10688 -0.183914 
69.34 2.08363 -0.308862 
69.35 2.04856 -0.434585 
69.36 2.0016 -0.561228 
69.37 1.94266 -0.688793 
69.38 1.87167 -0.817099 
69.39 1.78857 -0.945748 
69.4 1.69335 -1.07408 
69.41 1.58609 -1.20116 
69.42 1.46696 -1.32573 
69.43 1.33628 -1.44619 
69.44 1.19451 -1.56066 
69.45 1.04232 -1.66699 
69.46 0.880588 -1.76287 
69.47 0.710407 -1.84596 
69.48 0.533088 -1.91408 
69.49 0.35013 -1.96539 
69.5 0.163187 -1.99857 
69.51 -0.0259961 -2.01296 
69.52 -0.21565 -2.00871 
69.53 -0.404054 -1.98671 
69.54 -0.589605 -1.94855 
69.55 -0.770879 -1.89639 
69.56 -0.94667 -1.83272 
69.57 -1.11602 -1.7602 
69.58 -1.27822 -1.68146 
69.59 -1.4328 -1.59891 
69.6 -1.5795 -1.5147 
69.61 -1.71825 -1.4306 
69.62 -1.84914 -1.348 
69.63 -1.97235 -1.26794 
69.64 -2.08817 -1.19111 
69.65 -2.19691 -1.11794 
69.66 -2.29893 -1.04858 
69.67 -2.39459 -0.983031 
69.68 -2.48425 -0.921126 
69.69 -2.56823 -0.862599 
69.7 -2.64685 -0.807111 
69.71 -2.72036 -0.754277 
69.72 -2.789 -0.703686 
69.73 -2.85296 -0.654919 
69.74 -2.91239 -0.60756 
69.75 -2.96741 -0.561205 
69.76 -3.01809 -0.515472 
69.77 -3.06448 -0.469999 
69.78 -3.10658 -0.424451 
69.79 3.13881 -0.378522 
69.8 3.10537 -0.33193 
69.81 3.07637 -0.284423 
69.82 3.05189 -0.235773 
69.83 3.03206 -0.185777 
69.84 3.01701 -0.134251 
69.85 3.00689 -0.0810328 
69.86 3.00187 -0.0259729 
69.87 3.00213 0.0310648 
69.88 3.00786 0.0902084 
69.89 3.01927 0.151581 
69.9 3.03657 0.215304 
69.91 3.05999 0.281503 
69.92 3.08977 0.350304 
69.93 3.12615 0.421842 
69.94 -3.11377 0.496256 
69.95 -3.06336 0.57369 
69.96 -3.00551 0.654285 
69.97 -2.93991 0.738172 
69.98 -2.86624 0.82546 
69.99 -2.78419 0.916213 
70 -2.69343 1.01043 
70.01 -2.59363 1.108 
70.02 -2.48449 1.20867 
70.03 -2.36573 1.31201 
70.04 -2.23714 1.4173 
70.05 -2.09857 1.52356 
70.06 -1.95 1.6294 
70.07 -1.79155 1.73305 
70.08 -1.62351 1.8323 
70.09 -1.44644 1.92457 
70.1 -1.26111 2.00693 
70.11 -1.06861 2.07631 
70.12 -0.870305 2.12966 
70.13 -0.667841 2.1642 
70.14 -0.463099 2.17773 
70.15 -0.258134 2.16883 
70.16 -0.0550907 2.137 
70.17 0.143889 2.08279 
70.18 0.336756 2.00764 
70.19 0.521639 1.91379 
70.2 0.696899 1.80397 
70.21 0.861174 1.68117 
70.22 1.01338 1.54838 
70.23 1.15271 1.40835 
70.24 1.2786 1.26351 
70.25 1.39069 1.11586 
70.26 1.48879 0.966938 
70.27 1.57284 0.817886 
70.28 1.64288 0.66946 
70.29 1.69897 0.522113 
70.3 1.74124 0.376059 
70.31 1.7698 0.231337 
70.32 1.78479 0.0878806 
70.33 1.78631 -0.0544318 
70.34 1.77447 -0.195721 
70.35 1.74937 -0.336059 
70.36 1.71108 -0.475428 
70.37 1.65971 -0.613675 
70.38 1.59538 -0.75047 
70.39 1.51824 -0.885274 
70.4 1.42853 -1.01731 
70.41 1.32655 -1.14553 
70.42 1.21271 -1.26862 
70.43 1.08758 -1.38501 
70.44 0.951871 -1.49295 
70.45 0.806461 -1.59052 
70.46 0.652423 -1.6758 
70.47 0.491002 -1.74698 
70.48 0.323601 -1.80253 
70.49 0.15175 -1.84132 
70.5 -0.0229387 -1.86278 
70.51 -0.198829 -1.86695 
70.52 -0.374319 -1.85451 
70.53 -0.547898 -1.82673 
70.54 -0.718201 -1.78537 
70.55 -0.884043 -1.73252 
70.56 -1.04445 -1.67045 
70.57 -1.19866 -1.60147 
70.58 -1.34612 -1.52774 
70.59 -1.48649 -1.45124 
70.6 -1.61958 -1.37364 
70.61 -1.74536 -1.29631 
70.62 -1.86391 -1.22031 
70.63 -1.97538 -1.14639 
70.64 -2.08 -1.07504 
70.65 -2.17803 -1.00653 
70.66 -2.26974 -0.940925 
70.67 -2.35539 -0.878154 
70.68 -2.43526 -0.818026 
70.69 -2.50957 -0.760269 
70.7 -2.57853 -0.704552 
70.71 -2.64233 -0.650505 
70.72 -2.70109 -0.59774 
70.73 -2.75493 -0.54586 
70.74 -2.8039 -0.494471 
70.75 -2.84803 -0.443186 
70.76 -2.88733 -0.391633 
70.77 -2.92173 -0.339458 
70.78 -2.95118 -0.286326 
70.79 -2.97557 -0.231918 
70.8 -2.99475 -0.175938 
70.81 -3.00858 -0.118106 
70.82 -3.01685 -0.0581575 
70.83 -3.01937 0.00415526 
70.84 -3.0159 0.0690696 
70.85 -3.00618 0.136812 
70.86 -2.98994 0.207602 
70.87 -2.96687 0.28165 
70.88 -2.93667 0.359161 
70.89 -2.89899 0.440331 
70.9 -2.85348 0.525342 
70.91 -2.79978 0.614359 
70.92 -2.7375 0.707511 
70.93 -2.66624 0.804882 
70.94 -2.58561 0.906479 
70.95 -2.49521 1.01221 
70.96 -2.39466 1.12182 
70.97 -2.28362 1.23489 
70.98 -2.16179 1.35071 
70.99 -2.02895 1.4683 
71 -1.885 1.58625 
71.01 -1.73 1.70278 
71.02 -1.56416 1.81564 
71.03 -1.38797 1.92217 
71.04 -1.20216 2.01934 
71.05 -1.00775 2.10395 
71.06 -0.806102 2.17277 
71.07 -0.598826 2.2229 
71.08 -0.387804 2.25198 
71.09 -0.175099 2.2585 
71.1 0.0371302 2.24197 
71.11 0.246732 2.20298 
71.12 0.45166 2.14317 
71.13 0.650062 2.065 
71.14 0.840345 1.97147 
71.15 1.02122 1.86588 
71.16 1.19169 1.75148 
71.17 1.35109 1.63129 
71.18 1.499 1.5079 
71.19 1.6352 1.38344 
71.2 1.75969 1.25952 
71.21 1.87257 1.13727 
71.22 1.97404 1.01741 
71.23 2.06433 0.90027 
71.24 2.14372 0.785928 
71.25 2.21246 0.674226 
71.26 2.27078 0.56485 
71.27 2.31889 0.457376 
71.28 2.35694 0.35131 
71.29 2.38504 0.24612 
71.3 2.40325 0.141263 
71.31 2.41156 0.0361993 
71.32 2.40995 -0.0695864 
71.33 2.39832 -0.176574 
71.34 2.37653 -0.285195 
71.35 2.34441 -0.395817 
71.36 2.30177 -0.508726 
71.37 2.24837 -0.62411 
71.38 2.18397 -0.742027 
71.39 2.10836 -0.862378 
71.4 2.02129 -0.984866 
71.41 1.9226 -1.10895 
71.42 1.81218 -1.23383 
71.43 1.69 -1.35833 
71.44 1.55616 -1.48097 
71.45 1.41092 -1.59987 
71.46 1.25475 -1.71281 
71.47 1.08831 -1.81726 
71.48 0.912538 -1.91056 
71.49 0.728606 -1.99001 
71.5 0.53794 -2.05313 
71.51 0.34218 -2.0979 
71.52 0.143127 -2.12292 
71.53 -0.0573257 -2.12764 
71.54 -0.257274 -2.11242 
71.55 -0.45489 -2.07849 
71.56 -0.648499 -2.02784 
71.57 -0.836644 -1.96305 
71.58 -1.01813 -1.887 
71.59 -1.19202 -1.80266 
71.6 -1.35769 -1.71287 
71.61 -1.51474 -1.62019 
71.62 -1.663 -1.5268 
71.63 -1.8025 -1.43445 
71.64 -1.93339 -1.34445 
71.65 -2.05594 -1.25773 
71.66 -2.1705 -1.17486 
71.67 -2.27744 -1.0961 
71.68 -2.37715 -1.02151 
71.69 -2.47003 -0.95095 
71.7 -2.55643 -0.884151 
71.71 -2.63669 -0.820756 
71.72 -2.71113 -0.760349 
71.73 -2.78 -0.702481 
71.74 -2.84351 -0.646693 
71.75 -2.90184 -0.592528 
71.76 -2.95513 -0.53954 
71.77 -3.00347 -0.487309 
71.78 -3.0469 -0.435435 
71.79 -3.08545 -0.383552 
71.8 -3.11909 -0.331318 
71.81 3.1354 -0.278425 
71.82 3.11174 -0.22459 
71.83 3.0932 -0.169556 
71.84 3.07991 -0.113093 
71.85 3.07202 -0.054987 
71.86 3.06968 0.00495631 
71.87 3.07309 0.066919 
71.88 3.08244 0.131073 
71.89 3.09794 0.197586 
71.9 3.11982 0.26662 
71.91 -3.13485 0.33834 
71.92 -3.09945 0.41291 
71.93 -3.05688 0.490495 
71.94 -3.00685 0.571258 
71.95 -2.94906 0.655354 
71.96 -2.88318 0.742922 
71.97 -2.80889 0.834066 
71.98 -2.72583 0.928838 
71.99 -2.63368 1.02721 
72 -2.5321 1.12902 
72.01 -2.42077 1.23396 
72.02 -2.29943 1.34149 
72.03 -2.16787 1.45081 
72.04 -2.02596 1.56075 
72.05 -1.87373 1.66978 
72.06 -1.71134 1.77592 
72.07 -1.53918 1.87678 
72.08 -1.35787 1.96958 
72.09 -1.16832 2.05125 
72.1 -0.971728 2.11863 
72.11 -0.769578 2.16868 
72.12 -0.563635 2.19879 
72.13 -0.355877 2.20698 
72.14 -0.148428 2.1922 
72.15 0.0565383 2.1544 
72.16 0.256889 2.09454 
72.17 0.450627 2.01451 
72.18 0.63597 1.91686 
72.19 0.811394 1.80458 
72.2 0.975667 1.68076 
72.21 1.12785 1.54842 
72.22 1.26726 1.41024 
72.23 1.39346 1.26851 
72.24 1.50621 1.12506 
72.25 1.60542 0.981262 
72.26 1.69109 0.838046 
72.27 1.76332 0.695995 
72.28 1.82223 0.555392 
72.29 1.86796 0.416292 
72.3 1.90064 0.278585 
72.31 1.92041 0.142058 
72.32 1.92736 0.00644605 
72.33 1.92156 -0.128524 
72.34 1.90306 -0.26309 
72.35 1.87189 -0.397416 
72.36 1.82807 -0.531553 
72.37 1.77163 -0.665406 
72.38 1.70259 -0.798688 
72.39 1.62104 -0.930891 
72.4 1.52712 -1.06125 
72.41 1.42104 -1.18872 
72.42 1.30313 -1.31196 
72.43 1.17387 -1.42934 
72.44 1.03391 -1.539 
72.45 0.884052 -1.6389 
72.46 0.725327 -1.72693 
72.47 0.558948 -1.80108 
72.48 0.386309 -1.85957 
72.49 0.208953 -1.90105 
72.5 0.0285268 -1.92473 
72.51 -0.153282 -1.93049 
72.52 -0.334806 -1.9189 
72.53 -0.514463 -1.89119 
72.54 -0.690813 -1.84913 
72.55 -0.862606 -1.79493 
72.56 -1.02881 -1.73098 
72.57 -1.18862 -1.65973 
72.58 -1.34146 -1.58353 
72.59 -1.48697 -1.50449 
72.6 -1.62496 -1.42444 
72.61 -1.75542 -1.34486 
72.62 -1.87845 -1.2669 
72.63 -1.99423 -1.19138 
72.64 -2.10303 -1.11884 
72.65 -2.20515 -1.04956 
72.66 -2.30089 -0.98364 
72.67 -2.39058 -0.921006 
72.68 -2.4745 -0.861468 
72.69 -2.55295 -0.804746 
72.7 -2.62618 -0.7505 
72.71 -2.69439 -0.698354 
72.72 -2.75777 -0.647911 
72.73 -2.81646 -0.598767 
72.74 -2.87056 -0.550524 
72.75 -2.92014 -0.502795 
72.76 -2.96524 -0.455211 
72.77 -3.00584 -0.407422 
72.78 -3.04192 -0.359101 
72.79 -3.07341 -0.309946 
72.8 -3.10021 -0.259675 
72.81 -3.12221 -0.20803 
72.82 -3.13928 -0.154775 
72.83 3.13194 -0.09969 
72.84 3.12527 -0.0425718 
72.85 3.12407 0.0167691 
72.86 3.12858 0.0785126 
72.87 3.13903 0.142831 
72.88 -3.12752 0.209894 
72.89 -3.10443 0.279867 
72.9 -3.07461 0.352916 
72.91 -3.03775 0.429209 
72.92 -2.99355 0.508908 
72.93 -2.94167 0.592174 
72.94 -2.88177 0.67915 
72.95 -2.81349 0.769954 
72.96 -2.73648 0.86466 
72.97 -2.65036 0.963271 
72.98 -2.55478 1.06569 
72.99 -2.44937 1.17167 
73 -2.33382 1.28078 
73.01 -2.20787 1.39231 
73.02 -2.07134 1.50527 
73.03 -1.92415 1.61826 
73.04 -1.76638 1.72948 
73.05 -1.5983 1.83669 
73.06 -1.42042 1.93721 
73.07 -1.23349 2.02804 
73.08 -1.03859 2.10598 
73.09 -0.837081 2.16786 
73.1 -0.630614 2.21077 
73.11 -0.421093 2.2324 
73.12 -0.210601 2.23126 
73.13 -0.0013147 2.20687 
73.14 0.204594 2.15982 
73.15 0.405057 2.09168 
73.16 0.598195 2.00485 
73.17 0.78238 1.90226 
73.18 0.956278 1.7871 
73.19 1.11885 1.66251 
73.2 1.26935 1.53141 
73.21 1.40729 1.39632 
73.22 1.53239 1.2593 
73.23 1.64455 1.12192 
73.24 1.74379 0.985269 
73.25 1.83022 0.850054 
73.26 1.90398 0.71663 
73.27 1.96526 0.585086 
73.28 2.01422 0.455305 
73.29 2.05103 0.327027 
73.3 2.0758 0.199899 
73.31 2.08864 0.0735232 
73.32 2.08958 -0.0525113 
73.33 2.07865 -0.17859 
73.34 2.05582 -0.305045 
73.35 2.02104 -0.432124 
73.36 1.97426 -0.559958 
73.37 1.91539 -0.688533 
73.38 1.84439 -0.817649 
73.39 1.7612 -0.946885 
73.4 1.66586 -1.07556 
73.41 1.55845 -1.20272 
73.42 1.43919 -1.32706 
73.43 1.3084 -1.447 
73.44 1.16659 -1.56062 
73.45 1.01446 -1.6658 
73.46 0.852904 -1.76024 
73.47 0.683048 -1.84166 
73.48 0.506219 -1.90794 
73.49 0.323932 -1.95731 
73.5 0.137842 -1.98855 
73.51 -0.0503107 -2.00113 
73.52 -0.238772 -1.99526 
73.53 -0.425843 -1.97192 
73.54 -0.60995 -1.93275 
73.55 -0.7897 -1.87993 
73.56 -0.963922 -1.81594 
73.57 -1.13169 -1.74343 
73.58 -1.29232 -1.66497 
73.59 -1.44536 -1.58293 
73.6 -1.59059 -1.49939 
73.61 -1.72794 -1.41607 
73.62 -1.8575 -1.33432 
73.63 -1.97946 -1.25513 
73.64 -2.09411 -1.17916 
73.65 -2.20176 -1.1068 
73.66 -2.30277 -1.03821 
73.67 -2.39749 -0.973353 
73.68 -2.48626 -0.912065 
73.69 -2.56942 -0.854074 
73.7 -2.64725 -0.799041 
73.71 -2.72002 -0.746581 
73.72 -2.78795 -0.696284 
73.73 -2.85122 -0.647736 
73.74 -2.90998 -0.600522 
73.75 -2.96434 -0.554245 
73.76 -3.01437 -0.508523 
73.77 -3.0601 -0.462999 
73.78 -3.10154 -0.417341 
73.79 -3.13866 -0.371243 
73.8 3.11179 -0.324428 
73.81 3.0835 -0.276643 
73.82 3.05977 -0.227662 
73.83 3.04072 -0.177281 
73.84 3.02649 -0.125316 
73.85 3.01724 -0.0716033 
73.86 3.01314 -0.0159912 
73.87 3.01437 0.0416589 
73.88 3.02113 0.101478 
73.89 3.03363 0.163594 
73.9 3.0521 0.228133 
73.91 3.07677 0.295222 
73.92 3.10789 0.364995 
73.93 -3.13748 0.43759 
73.94 -3.09268 0.51315 
73.95 -3.04062 0.591819 
73.96 -2.981 0.673738 
73.97 -2.9135 0.759035 
73.98 -2.8378 0.847806 
73.99 -2.75357 0.9401 
74 -2.66048 1.03589 
74.01 -2.5582 1.13502 
74.02 -2.44644 1.2372 
74.03 -2.32493 1.34191 
74.04 -2.19347 1.44836 
74.05 -2.05193 1.55544 
74.06 -1.90034 1.66165 
74.07 -1.73884 1.76509 
74.08 -1.56783 1.86341 
74.09 -1.3879 1.9539 
74.1 -1.19992 2.03357 
74.11 -1.00508 2.09929 
74.12 -0.804817 2.14806 
74.13 -0.600866 2.17724 
74.14 -0.395172 2.18482 
74.15 -0.189833 2.16966 
74.16 0.0129928 2.13157 
74.17 0.211176 2.0714 
74.18 0.402712 1.99088 
74.19 0.585792 1.89245 
74.2 0.758862 1.77897 
74.21 0.920645 1.65347 
74.22 1.07015 1.51892 
74.23 1.20665 1.37799 
74.24 1.32967 1.233 
74.25 1.4389 1.08579 
74.26 1.53421 0.9378 
74.27 1.61558 0.790021 
74.28 1.68305 0.643102 
74.29 1.73674 0.4974 
74.3 1.77676 0.353049 
74.31 1.80323 0.210027 
74.32 1.81629 0.0682139 
74.33 1.81603 -0.072548 
74.34 1.80256 -0.212409 
74.35 1.77594 -0.351466 
74.36 1.73625 -0.489715 
74.37 1.68358 -0.627016 
74.38 1.61803 -0.763048 
74.39 1.53974 -0.897278 
74.4 1.44891 -1.02892 
74.41 1.34585 -1.15694 
74.42 1.23094 -1.28 
74.43 1.10473 -1.39652 
74.44 0.967924 -1.50471 
74.45 0.821389 -1.60264 
74.46 0.666189 -1.68834 
74.47 0.503565 -1.75996 
74.48 0.334922 -1.81592 
74.49 0.161793 -1.85505 
74.5 -0.0142005 -1.87673 
74.51 -0.191411 -1.881 
74.52 -0.368224 -1.86851 
74.53 -0.543114 -1.84053 
74.54 -0.714703 -1.79884 
74.55 -0.881795 -1.74556 
74.56 -1.04341 -1.68298 
74.57 -1.19877 -1.61343 
74.58 -1.34734 -1.53914 
74.59 -1.48875 -1.46209 
74.6 -1.62284 -1.38398 
74.61 -1.74958 -1.30622 
74.62 -1.86904 -1.22987 
74.63 -1.9814 -1.15569 
74.64 -2.08689 -1.08418 
74.65 -2.18577 -1.0156 
74.66 -2.27833 -0.950041 
74.67 -2.36486 -0.887415 
74.68 -2.4456 -0.827535 
74.69 -2.52083 -0.770124 
74.7 -2.59074 -0.71485 
74.71 -2.65553 -0.661342 
74.72 -2.71535 -0.60921 
74.73 -2.77029 -0.558055 
74.74 -2.82045 -0.507482 
74.75 -2.86586 -0.457107 
74.76 -2.90651 -0.406558 
74.77 -2.94237 -0.355482 
74.78 -2.97339 -0.303547 
74.79 -2.99946 -0.250439 
74.8 -3.02045 -0.195865 
74.81 -3.03623 -0.139551 
74.82 -3.0466 -0.0812402 
74.83 -3.05138 -0.0206904 
74.84 -3.05034 0.0423274 
74.85 -3.04323 0.108032 
74.86 -3.0298 0.176634 
74.87 -3.00976 0.248338 
74.88 -2.98282 0.323342 
74.89 -2.94864 0.401839 
74.9 -2.90689 0.484016 
74.91 -2.85722 0.570043 
74.92 -2.79926 0.660069 
74.93 -2.73263 0.75421 
74.94 -2.65693 0.852524 
74.95 -2.57177 0.954987 
74.96 -2.47676 1.06146 
74.97 -2.37155 1.17164 
74.98 -2.2558 1.285 
74.99 -2.12925 1.40076 
75 -1.99172 1.51779 
75.01 -1.84316 1.63457 
75.02 -1.68369 1.74915 
75.03 -1.51361 1.85912 
75.04 -1.3335 1.96168 
75.05 -1.1442 2.05372 
75.06 -0.946854 2.132 
75.07 -0.742902 2.19337 
75.08 -0.534077 2.23508 
75.09 -0.322337 2.25502 
75.1 -0.109795 2.25203 
75.11 0.101372 2.22597 
75.12 0.309029 2.17783 
75.13 0.511177 2.10952 
75.14 0.706038 2.02372 
75.15 0.892108 1.92357 
75.16 1.06819 1.81235 
75.17 1.23339 1.69324 
75.18 1.38711 1.56912 
75.19 1.52899 1.44242 
75.2 1.65889 1.31506 
75.21 1.7768 1.18849 
75.22 1.88287 1.06367 
75.23 1.97727 0.941175 
75.24 2.06025 0.82125 
75.25 2.13205 0.703873 
75.26 2.1929 0.588832 
75.27 2.24301 0.475772 
75.28 2.28253 0.364248 
75.29 2.3116 0.253758 
75.3 2.33028 0.143777 
75.31 2.3386 0.033778 
75.32 2.33654 -0.0767458 
75.33 2.32402 -0.188265 
75.34 2.30092 -0.301197 
75.35 2.2671 -0.415889 
75.36 2.22238 -0.532593 
75.37 2.16657 -0.651451 
75.38 2.09945 -0.772457 
75.39 2.02083 -0.895427 
75.4 1.93055 -1.01996 
75.41 1.82849 -1.14539 
75.42 1.7146 -1.27076 
75.43 1.58895 -1.39475 
75.44 1.45175 -1.51573 
75.45 1.30337 -1.63166 
75.46 1.14439 -1.74024 
75.47 0.975631 -1.83893 
75.48 0.79814 -1.9251 
75.49 0.61322 -1.99625 
75.5 0.422395 -2.05018 
75.51 0.227367 -2.08525 
75.52 0.0299655 -2.10056 
75.53 -0.167938 -2.09603 
75.54 -0.364505 -2.07247 
75.55 -0.558014 -2.03151 
75.56 -0.746925 -1.9754 
75.57 -0.929936 -1.90683 
75.58 -1.10601 -1.82868 
75.59 -1.27437 -1.74381 
75.6 -1.43452 -1.65488 
75.61 -1.58619 -1.56421 
75.62 -1.72931 -1.47374 
75.63 -1.86397 -1.38496 
75.64 -1.99038 -1.29899 
75.65 -2.10885 -1.21657 
75.66 -2.21974 -1.13811 
75.67 -2.32343 -1.06379 
75.68 -2.4203 -0.993566 
75.69 -2.51074 -0.927249 
75.7 -2.5951 -0.864536 
75.71 -2.6737 -0.805053 
75.72 -2.74684 -0.748381 
75.73 -2.81474 -0.694075 
75.74 -2.87763 -0.641688 
75.75 -2.93564 -0.590778 
75.76 -2.98892 -0.54092 
75.77 -3.03752 -0.491713 
75.78 -3.08151 -0.44278 
75.79 -3.12089 -0.393775 
75.8 3.12756 -0.344382 
75.81 3.0975 -0.294311 
75.82 3.07221 -0.243305 
75.83 3.05177 -0.191129 
75.84 3.03631 -0.137573 
75.85 3.02597 -0.082449 
75.86 3.0209 -0.0255852 
75.87 3.02128 0.0331761 
75.88 3.02729 0.0939827 
75.89 3.03913 0.156976 
75.9 3.05702 0.222296 
75.91 3.08117 0.29008 
75.92 3.11183 0.360473 
75.93 -3.13394 0.43362 
75.94 -3.08949 0.509672 
75.95 -3.03773 0.58878 
75.96 -2.97838 0.67109 
75.97 -2.91111 0.756734 
75.98 -2.83561 0.845814 
75.99 -2.75156 0.938381 
76 -2.65862 1.03441 
76.01 -2.55648 1.13375 
76.02 -2.44483 1.23611 
76.03 -2.32341 1.34098 
76.04 -2.19203 1.44756 
76.05 -2.05056 1.55474 
76.06 -1.89903 1.66104 
76.07 -1.73759 1.76453 
76.08 -1.56663 1.86289 
76.09 -1.38674 1.95339 
76.1 -1.19882 2.03305 
76.11 -1.00402 2.09875 
76.12 -0.803813 2.14749 
76.13 -0.599918 2.17663 
76.14 -0.394284 2.18417 
76.15 -0.189009 2.16895 
76.16 0.0137487 2.13083 
76.17 0.21186 2.07062 
76.18 0.403322 1.99009 
76.19 0.586327 1.89164 
76.2 0.75932 1.77816 
76.21 0.921028 1.65268 
76.22 1.07046 1.51814 
76.23 1.20689 1.37724 
76.24 1.32984 1.23228 
76.25 1.439 1.0851 
76.26 1.53425 0.937142 
76.27 1.61555 0.789393 
76.28 1.68297 0.642503 
76.29 1.7366 0.496827 
76.3 1.77657 0.3525 
76.31 1.80299 0.209498 
76.32 1.816 0.0677038 
76.33 1.8157 -0.0730416 
76.34 1.80217 -0.212888 
76.35 1.77551 -0.35193 
76.36 1.73578 -0.490166 
76.37 1.68307 -0.627452 
76.38 1.61748 -0.763468 
76.39 1.53915 -0.897679 
76.4 1.44829 -1.0293 
76.41 1.34519 -1.15729 
76.42 1.23025 -1.28031 
76.43 1.10401 -1.3968 
76.44 0.967179 -1.50494 
76.45 0.820625 -1.60282 
76.46 0.665412 -1.68846 
76.47 0.50278 -1.76001 
76.48 0.334135 -1.8159 
76.49 0.161011 -1.85496 
76.5 -0.0149711 -1.87658 
76.51 -0.192164 -1.88078 
76.52 -0.368954 -1.86824 
76.53 -0.543816 -1.84021 
76.54 -0.715373 -1.79849 
76.55 -0.88243 -1.74517 
76.56 -1.044 -1.68258 
76.57 -1.19933 -1.61303 
76.58 -1.34786 -1.53874 
76.59 -1.48924 -1.4617 
76.6 -1.62329 -1.38362 
76.61 -1.74999 -1.30587 
76.62 -1.86942 -1.22954 
76.63 -1.98175 -1.15539 
76.64 -2.08722 -1.08391 
76.65 -2.18608 -1.01536 
76.66 -2.27862 -0.949829 
76.67 -2.36512 -0.88723 
76.68 -2.44585 -0.827376 
76.69 -2.52106 -0.76999 
76.7 -2.59097 -0.71474 
76.71 -2.65575 -0.661255 
76.72 -2.71555 -0.609144 
76.73 -2.7705 -0.558009 
76.74 -2.82065 -0.507456 
76.75 -2.86606 -0.4571 
76.76 -2.90671 -0.406568 
76.77 -2.94257 -0.35551 
76.78 -2.97359 -0.303592 
76.79 -2.99966 -0.2505 
76.8 -3.02067 -0.195943 
76.81 -3.03645 -0.139646 
76.82 -3.04683 -0.0813512 
76.83 -3.05162 -0.0208181 
76.84 -3.05059 0.0421826 
76.85 -3.0435 0.10787 
76.86 -3.03009 0.176454 
76.87 -3.01007 0.248138 
76.88 -2.98314 0.323123 
76.89 -2.94898 0.4016 
76.9 -2.90726 0.483755 
76.91 -2.85762 0.56976 
76.92 -2.79969 0.659764 
76.93 -2.73308 0.753882 
76.94 -2.65741 0.852172 
76.95 -2.57229 0.954611 
76.96 -2.47732 1.06106 
76.97 -2.37214 1.17121 
76.98 -2.25643 1.28456 
76.99 -2.12992 1.40031 
77 -1.99244 1.51733 
77.01 -1.84392 1.63411 
77.02 -1.68449 1.74869 
77.03 -1.51446 1.85868 
77.04 -1.3344 1.96127 
77.05 -1.14513 2.05336 
77.06 -0.947812 2.1317 
77.07 -0.743886 2.19315 
77.08 -0.535078 2.23493 
77.09 -0.323347 2.25497 
77.1 -0.110806 2.25207 
77.11 0.100369 2.22611 
77.12 0.308042 2.17804 
77.13 0.510214 2.10981 
77.14 0.705105 2.02407 
77.15 0.89121 1.92395 
77.16 1.06733 1.81276 
77.17 1.23257 1.69367 
77.18 1.38633 1.56955 
77.19 1.52825 1.44283 
77.2 1.65818 1.31545 
77.21 1.77614 1.18885 
77.22 1.88223 1.064 
77.23 1.97667 0.941474 
77.24 2.05968 0.821512 
77.25 2.1315 0.704097 
77.26 2.19237 0.589017 
77.27 2.24249 0.475919 
77.28 2.28202 0.364358 
77.29 2.3111 0.253832 
77.3 2.32979 0.143817 
77.31 2.33811 0.0337848 
77.32 2.33605 -0.0767707 
77.33 2.32352 -0.18832 
77.34 2.30042 -0.301281 
77.35 2.26659 -0.415999 
77.36 2.22186 -0.532728 
77.37 2.16603 -0.651609 
77.38 2.0989 -0.772634 
77.39 2.02026 -0.89562 
77.4 1.92996 -1.02016 
77.41 1.82788 -1.1456 
77.42 1.71397 -1.27097 
77.43 1.58831 -1.39496 
77.44 1.45108 -1.51592 
77.45 1.30269 -1.63184 
77.46 1.14369 -1.74039 
77.47 0.974918 -1.83904 
77.48 0.79742 -1.92516 
77.49 0.612497 -1.99625 
77.5 0.421673 -2.05013 
77.51 0.226654 -2.08514 
77.52 0.0292649 -2.10039 
77.53 -0.16862 -2.0958 
77.54 -0.365163 -2.0722 
77.55 -0.558644 -2.0312 
77.56 -0.747524 -1.97506 
77.57 -0.930501 -1.90646 
77.58 -1.10654 -1.82831 
77.59 -1.27487 -1.74344 
77.6 -1.43498 -1.65451 
77.61 -1.58662 -1.56386 
77.62 -1.7297 -1.4734 
77.63 -1.86433 -1.38465 
77.64 -1.99072 -1.29871 
77.65 -2.10916 -1.21631 
77.66 -2.22003 -1.13788 
77.67 -2.32369 -1.06359 
77.68 -2.42055 -0.993389 
77.69 -2.51097 -0.927096 
77.7 -2.59532 -0.864408 
77.71 -2.67391 -0.804948 
77.72 -2.74704 -0.748298 
77.73 -2.81494 -0.694013 
77.74 -2.87781 -0.641645 
77.75 -2.93583 -0.590753 
77.76 -2.9891 -0.540913 
77.77 -3.03771 -0.491723 
77.78 -3.0817 -0.442807 
77.79 -3.12107 -0.393818 
77.8 3.12737 -0.34444 
77.81 3.0973 -0.294385 
77.82 3.072 -0.243394 
77.83 3.05155 -0.191233 
77.84 3.03608 -0.137692 
77.85 3.02573 -0.0825842 
77.86 3.02065 -0.0257366 
77.87 3.02102 0.033008 
77.88 3.02701 0.0937972 
77.89 3.03883 0.156773 
77.9 3.05669 0.222073 
77.91 3.08083 0.289837 
77.92 3.11146 0.360208 
77.93 -3.13433 0.433333 
77.94 -3.08991 0.50936 
77.95 -3.03819 0.588442 
77.96 -2.97886 0.670725 
77.97 -2.91163 0.75634 
77.98 -2.83617 0.84539 
77.99 -2.75216 0.937927 
78 -2.65927 1.03392 
78.01 -2.55717 1.13324 
78.02 -2.44557 1.23557 
78.03 -2.32421 1.34041 
78.04 -2.19288 1.44696 
78.05 -2.05147 1.55413 
78.06 -1.89999 1.66042 
78.07 -1.73861 1.76392 
78.08 -1.56771 1.8623 
78.09 -1.38788 1.95284 
78.1 -1.2 2.03256 
78.11 -1.00525 2.09833 
78.12 -0.805074 2.14716 
78.13 -0.601206 2.1764 
78.14 -0.395588 2.18405 
78.15 -0.190318 2.16896 
78.16 0.012446 2.13095 
78.17 0.210575 2.07086 
78.18 0.402064 1.99042 
78.19 0.585105 1.89207 
78.2 0.758141 1.77865 
78.21 0.919898 1.65322 
78.22 1.06938 1.51871 
78.23 1.20587 1.37783 
78.24 1.32887 1.23286 
78.25 1.43809 1.08568 
78.26 1.53339 0.937695 
78.27 1.61474 0.789921 
78.28 1.68221 0.643 
78.29 1.73589 0.497293 
78.3 1.77589 0.352932 
78.31 1.80236 0.209897 
78.32 1.8154 0.068071 
78.33 1.81513 -0.0727043 
78.34 1.80164 -0.212578 
78.35 1.775 -0.351645 
78.36 1.7353 -0.489902 
78.37 1.68261 -0.627207 
78.38 1.61704 -0.763237 
78.39 1.53874 -0.897459 
78.4 1.4479 -1.02909 
78.41 1.34481 -1.15708 
78.42 1.2299 -1.28011 
78.43 1.10368 -1.39659 
78.44 0.966866 -1.50473 
78.45 0.820333 -1.60259 
78.46 0.665141 -1.68822 
78.47 0.502531 -1.75977 
78.48 0.333909 -1.81565 
78.49 0.16081 -1.8547 
78.5 -0.0151476 -1.87632 
78.51 -0.192316 -1.88052 
78.52 -0.36908 -1.86797 
78.53 -0.543917 -1.83995 
78.54 -0.715449 -1.79823 
78.55 -0.882483 -1.74492 
78.56 -1.04403 -1.68234 
78.57 -1.19934 -1.6128 
78.58 -1.34785 -1.53852 
78.59 -1.4892 -1.46149 
78.6 -1.62324 -1.38342 
78.61 -1.74992 -1.30568 
78.62 -1.86933 -1.22936 
78.63 -1.98165 -1.15521 
78.64 -2.08709 -1.08373 
78.65 -2.18594 -1.01519 
78.66 -2.27846 -0.949654 
78.67 -2.36495 -0.887054 
78.68 -2.44566 -0.827195 
78.69 -2.52086 -0.769803 
78.7 -2.59074 -0.714545 
78.71 -2.6555 -0.66105 
78.72 -2.71529 -0.608927 
78.73 -2.77021 -0.55778 
78.74 -2.82035 -0.507212 
78.75 -2.86572 -0.456838 
78.76 -2.90635 -0.406288 
78.77 -2.94219 -0.35521 
78.78 -2.97318 -0.303269 
78.79 -2.99922 -0.250153 
78.8 -3.02019 -0.19557 
78.81 -3.03593 -0.139244 
78.82 -3.04628 -0.0809194 
78.83 -3.05103 -0.0203535 
78.84 -3.04995 0.0426826 
78.85 -3.04281 0.108408 
78.86 -3.02935 0.177032 
78.87 -3.00927 0.248761 
78.88 -2.98228 0.323793 
78.89 -2.94806 0.40232 
78.9 -2.90627 0.484529 
78.91 -2.85655 0.57059 
78.92 -2.79853 0.660653 
78.93 -2.73184 0.754832 
78.94 -2.65608 0.853185 
78.95 -2.57086 0.955688 
78.96 -2.47578 1.0622 
78.97 -2.3705 1.17241 
78.98 -2.25467 1.28581 
78.99 -2.12804 1.4016 
79 -1.99043 1.51864 
79.01 -1.8418 1.63542 
79.02 -1.68224 1.74998 
79.03 -1.51209 1.85992 
79.04 -1.33191 1.96242 
79.05 -1.14255 2.05438 
79.06 -0.945139 2.13255 
79.07 -0.741141 2.19379 
79.08 -0.532284 2.23535 
79.09 -0.320525 2.25513 
79.1 -0.107981 2.25196 
79.11 0.103172 2.22575 
79.12 0.3108 2.17745 
79.13 0.512907 2.10901 
79.14 0.707715 2.02311 
79.15 0.893723 1.92288 
79.16 1.06974 1.81161 
79.17 1.23487 1.69248 
79.18 1.38852 1.56836 
79.19 1.53033 1.44168 
79.2 1.66015 1.31436 
79.21 1.77801 1.18784 
79.22 1.88401 1.06307 
79.23 1.97836 0.940645 
79.24 2.0613 0.820787 
79.25 2.13306 0.703479 
79.26 2.19387 0.588506 
79.27 2.24395 0.475514 
79.28 2.28345 0.364057 
79.29 2.31251 0.253632 
79.3 2.33118 0.143713 
79.31 2.3395 0.0337742 
79.32 2.33744 -0.0766921 
79.33 2.32492 -0.188157 
79.34 2.30184 -0.301037 
79.35 2.26804 -0.41568 
79.36 2.22334 -0.53234 
79.37 2.16755 -0.651158 
79.38 2.10046 -0.772128 
79.39 2.02188 -0.895069 
79.4 1.93163 -1.01958 
79.41 1.82961 -1.145 
79.42 1.71575 -1.27036 
79.43 1.59014 -1.39437 
79.44 1.45298 -1.51536 
79.45 1.30463 -1.63134 
79.46 1.14568 -1.73997 
79.47 0.976939 -1.83873 
79.48 0.799463 -1.92499 
79.49 0.61455 -1.99623 
79.5 0.42372 -2.05027 
79.51 0.228679 -2.08545 
79.52 0.0312533 -2.10087 
79.53 -0.166684 -2.09644 
79.54 -0.363295 -2.07298 
79.55 -0.556855 -2.03209 
79.56 -0.745823 -1.97604 
79.57 -0.928896 -1.9075 
79.58 -1.10503 -1.82937 
79.59 -1.27346 -1.7445 
79.6 -1.43368 -1.65556 
79.61 -1.58541 -1.56486 
79.62 -1.72859 -1.47435 
79.63 -1.8633 -1.38553 
79.64 -1.98976 -1.29951 
79.65 -2.10828 -1.21704 
79.66 -2.21921 -1.13853 
79.67 -2.32293 -1.06416 
79.68 -2.41984 -0.993892 
79.69 -2.51031 -0.927527 
79.7 -2.59469 -0.86477 
79.71 -2.67332 -0.805245 
79.72 -2.74647 -0.748532 
79.73 -2.81439 -0.694188 
79.74 -2.87728 -0.641764 
79.75 -2.9353 -0.59082 
79.76 -2.98858 -0.540929 
79.77 -3.03718 -0.49169 
79.78 -3.08117 -0.442727 
79.79 -3.12053 -0.393693 
79.8 3.12792 -0.34427 
79.81 3.09787 -0.294172 
79.82 3.07259 -0.243137 
79.83 3.05217 -0.190932 
79.84 3.03673 -0.137348 
79.85 3.02641 -0.0821943 
79.86 3.02137 -0.0253003 
79.87 3.02178 0.0334922 
79.88 3.02782 0.0943314 
79.89 3.0397 0.157359 
79.9 3.05762 0.222714 
79.91 3.08181 0.290537 
79.92 3.11252 0.36097 
79.93 -3.1332 0.43416 
79.94 -3.0887 0.510257 
79.95 -3.03689 0.589413 
79.96 -2.97747 0.671774 
79.97 -2.91013 0.757472 
79.98 -2.83456 0.846608 
79.99 -2.75043 0.939233 
80 -2.65741 1.03532 
80.01 -2.55518 1.13472 
80.02 -2.44343 1.23714 
80.03 -2.32192 1.34205 
80.04 -2.19043 1.44867 
80.05 -2.04886 1.55588 
80.06 -1.89722 1.66219 
80.07 -1.73567 1.76567 
80.08 -1.5646 1.86399 
80.09 -1.38462 1.95443 
80.1 -1.1966 2.03398 
80.11 -1.00172 2.09955 
80.12 -0.801449 2.14811 
80.13 -0.597504 2.17706 
80.14 -0.39184 2.18438 
80.15 -0.186555 2.16894 
80.16 0.0161901 2.13059 
80.17 0.214269 2.07017 
80.18 0.405679 1.98945 
80.19 0.588616 1.89085 
80.2 0.761529 1.77724 
80.21 0.923145 1.65167 
80.22 1.07248 1.51708 
80.23 1.20881 1.37615 
80.24 1.33165 1.23118 
80.25 1.44071 1.08403 
80.26 1.53586 0.936105 
80.27 1.61707 0.788405 
80.28 1.6844 0.641571 
80.29 1.73794 0.495956 
80.3 1.77783 0.351691 
80.31 1.80418 0.208751 
80.32 1.81712 0.0670167 
80.33 1.81676 -0.0736726 
80.34 1.80318 -0.213467 
80.35 1.77646 -0.352464 
80.36 1.73668 -0.490659 
80.37 1.68393 -0.627911 
80.38 1.61829 -0.7639 
80.39 1.53992 -0.89809 
80.4 1.44902 -1.0297 
80.41 1.34589 -1.15768 
80.42 1.23091 -1.2807 
80.43 1.10464 -1.39719 
80.44 0.967767 -1.50535 
80.45 0.821175 -1.60324 
80.46 0.665921 -1.68889 
80.47 0.503247 -1.76046 
80.48 0.334558 -1.81637 
80.49 0.16139 -1.85544 
80.5 -0.0146386 -1.87707 
80.51 -0.191879 -1.88128 
80.52 -0.368715 -1.86874 
80.53 -0.543624 -1.84071 
80.54 -0.715227 -1.79897 
80.55 -0.88233 -1.74564 
80.56 -1.04395 -1.68303 
80.57 -1.19932 -1.61347 
80.58 -1.34788 -1.53916 
80.59 -1.4893 -1.46209 
80.6 -1.62339 -1.38399 
80.61 -1.75013 -1.30623 
80.62 -1.86959 -1.22989 
80.63 -1.98195 -1.15573 
80.64 -2.08745 -1.08424 
80.65 -2.18634 -1.01569 
80.66 -2.27891 -0.950156 
80.67 -2.36544 -0.887562 
80.68 -2.44621 -0.827715 
80.69 -2.52145 -0.770341 
80.7 -2.59139 -0.715106 
80.71 -2.6562 -0.661639 
80.72 -2.71605 -0.609549 
80.73 -2.77103 -0.55844 
80.74 -2.82123 -0.507915 
80.75 -2.86667 -0.457589 
80.76 -2.90737 -0.407093 
80.77 -2.94329 -0.356073 
80.78 -2.97436 -0.304196 
80.79 -3.0005 -0.25115 
80.8 -3.02156 -0.196641 
80.81 -3.03741 -0.140397 
80.82 -3.04787 -0.0821594 
80.83 -3.05274 -0.0216879 
80.84 -3.05179 0.0412467 
80.85 -3.0448 0.106863 
80.86 -3.03148 0.17537 
80.87 -3.01157 0.246973 
80.88 -2.98475 0.321869 
80.89 -2.95072 0.400253 
80.9 -2.90913 0.482308 
80.91 -2.85963 0.568207 
80.92 -2.80185 0.6581 
80.93 -2.7354 0.752102 
80.94 -2.65991 0.850274 
80.95 -2.57497 0.952595 
80.96 -2.48019 1.05893 
80.97 -2.37522 1.16897 
80.98 -2.25973 1.28223 
80.99 -2.13344 1.3979 
81 -1.99619 1.51487 
81.01 -1.84791 1.63164 
81.02 -1.68871 1.74626 
81.03 -1.5189 1.85635 
81.04 -1.33904 1.95911 
81.05 -1.14997 2.05144 
81.06 -0.952821 2.1301 
81.07 -0.749028 2.19192 
81.08 -0.540315 2.23415 
81.09 -0.328635 2.25466 
81.1 -0.1161 2.25225 
81.11 0.0951148 2.22676 
81.12 0.302871 2.17914 
81.13 0.505165 2.11128 
81.14 0.70021 2.02585 
81.15 0.886494 1.92597 
81.16 1.06281 1.81492 
81.17 1.22826 1.69589 
81.18 1.38223 1.57177 
81.19 1.52436 1.44499 
81.2 1.65449 1.31751 
81.21 1.77263 1.19077 
81.22 1.8789 1.06575 
81.23 1.97349 0.943033 
81.24 2.05663 0.822875 
81.25 2.12858 0.705261 
81.26 2.18955 0.58998 
81.27 2.23975 0.476684 
81.28 2.27935 0.364928 
81.29 2.30847 0.254214 
81.3 2.32718 0.144017 
81.31 2.33552 0.0338106 
81.32 2.33345 -0.0769118 
81.33 2.3209 -0.18862 
81.34 2.29776 -0.301731 
81.35 2.26389 -0.416589 
81.36 2.21909 -0.533449 
81.37 2.16319 -0.652446 
81.38 2.09597 -0.773574 
81.39 2.01725 -0.896645 
81.4 1.92685 -1.02125 
81.41 1.82466 -1.14673 
81.42 1.71064 -1.2721 
81.43 1.58487 -1.39607 
81.44 1.44755 -1.51696 
81.45 1.29906 -1.63277 
81.46 1.13998 -1.74116 
81.47 0.971145 -1.8396 
81.48 0.793605 -1.92548 
81.49 0.608665 -1.99629 
81.5 0.417853 -2.04985 
81.51 0.222874 -2.08455 
81.52 0.025556 -2.09948 
81.53 -0.172229 -2.0946 
81.54 -0.368647 -2.07074 
81.55 -0.56198 -2.02952 
81.56 -0.750694 -1.97322 
81.57 -0.933493 -1.90453 
81.58 -1.10934 -1.82632 
81.59 -1.27749 -1.74145 
81.6 -1.43742 -1.65257 
81.61 -1.58887 -1.56199 
81.62 -1.73179 -1.47164 
81.63 -1.86625 -1.38301 
81.64 -1.99249 -1.2972 
81.65 -2.1108 -1.21494 
81.66 -2.22154 -1.13666 
81.67 -2.3251 -1.06251 
81.68 -2.42186 -0.992449 
81.69 -2.5122 -0.926291 
81.7 -2.59648 -0.863731 
81.71 -2.67501 -0.804394 
81.72 -2.74809 -0.747859 
81.73 -2.81595 -0.693683 
81.74 -2.87881 -0.641419 
81.75 -2.9368 -0.590626 
81.76 -2.99007 -0.540879 
81.77 -3.03868 -0.491779 
81.78 -3.08267 -0.442949 
81.79 -3.12207 -0.394044 
81.8 3.12635 -0.344749 
81.81 3.09625 -0.294775 
81.82 3.0709 -0.243864 
81.83 3.05041 -0.191784 
81.84 3.03488 -0.138326 
81.85 3.02447 -0.083301 
81.86 3.01932 -0.026539 
81.87 3.0196 0.0321171 
81.88 3.02551 0.0928141 
81.89 3.03723 0.155693 
81.9 3.05499 0.220892 
81.91 3.079 0.288549 
81.92 3.10951 0.358806 
81.93 -3.13642 0.431809 
81.94 -3.09215 0.507708 
81.95 -3.04058 0.586653 
81.96 -2.98144 0.668791 
81.97 -2.91439 0.754255 
81.98 -2.83914 0.843147 
81.99 -2.75535 0.93552 
82 -2.66269 1.03135 
82.01 -2.56084 1.1305 
82.02 -2.44951 1.23268 
82.03 -2.32842 1.33738 
82.04 -2.19738 1.44382 
82.05 -2.05627 1.55091 
82.06 -1.9051 1.65717 
82.07 -1.74403 1.76069 
82.08 -1.57342 1.85918 
82.09 -1.39388 1.94991 
82.1 -1.20627 2.02991 
82.11 -1.01175 2.09607 
82.12 -0.811764 2.14538 
82.13 -0.608038 2.17518 
82.14 -0.402507 2.18344 
82.15 -0.197264 2.16898 
82.16 0.0055319 2.13161 
82.17 0.203752 2.07212 
82.18 0.395385 1.99222 
82.19 0.578616 1.89431 
82.2 0.751882 1.78125 
82.21 0.913896 1.65608 
82.22 1.06366 1.52173 
82.23 1.20043 1.38092 
82.24 1.32373 1.23596 
82.25 1.43323 1.08872 
82.26 1.52882 0.940637 
82.27 1.61045 0.792726 
82.28 1.67817 0.645647 
82.29 1.73209 0.499768 
82.3 1.77232 0.355231 
82.31 1.79899 0.212022 
82.32 1.81223 0.070027 
82.33 1.81213 -0.070907 
82.34 1.7988 -0.210927 
82.35 1.77232 -0.350125 
82.36 1.73275 -0.488496 
82.37 1.68019 -0.625896 
82.38 1.61474 -0.762004 
82.39 1.53655 -0.896284 
82.4 1.44582 -1.02795 
82.41 1.34284 -1.15596 
82.42 1.22803 -1.27899 
82.43 1.10192 -1.39546 
82.44 0.965211 -1.50357 
82.45 0.818789 -1.6014 
82.46 0.663711 -1.68698 
82.47 0.501221 -1.75848 
82.48 0.332723 -1.81431 
82.49 0.159751 -1.85333 
82.5 -0.0160756 -1.87492 
82.51 -0.193111 -1.8791 
82.52 -0.369742 -1.86656 
82.53 -0.544446 -1.83855 
82.54 -0.715848 -1.79686 
82.55 -0.882754 -1.7436 
82.56 -1.04418 -1.68106 
82.57 -1.19937 -1.61158 
82.58 -1.34776 -1.53736 
82.59 -1.48902 -1.46038 
82.6 -1.62295 -1.38236 
82.61 -1.74953 -1.30467 
82.62 -1.86885 -1.22838 
82.63 -1.98107 -1.15426 
82.64 -2.08643 -1.0828 
82.65 -2.18519 -1.01427 
82.66 -2.27763 -0.948729 
82.67 -2.36403 -0.886116 
82.68 -2.44465 -0.826235 
82.69 -2.51975 -0.76881 
82.7 -2.58954 -0.713509 
82.71 -2.6542 -0.659962 
82.72 -2.71388 -0.607777 
82.73 -2.7687 -0.556559 
82.74 -2.81871 -0.50591 
82.75 -2.86396 -0.455447 
82.76 -2.90445 -0.404798 
82.77 -2.94015 -0.353611 
82.78 -2.97098 -0.301552 
82.79 -2.99685 -0.248308 
82.8 -3.01764 -0.193585 
82.81 -3.03319 -0.137109 
82.82 -3.04333 -0.0786214 
82.83 -3.04785 -0.0178805 
82.84 -3.04653 0.045344 
82.85 -3.03913 0.111272 
82.86 -3.02539 0.180114 
82.87 -3.00501 0.252076 
82.88 -2.9777 0.327358 
82.89 -2.94313 0.406152 
82.9 -2.90096 0.488644 
82.91 -2.85084 0.575006 
82.92 -2.7924 0.665384 
82.93 -2.72524 0.759889 
82.94 -2.64899 0.858577 
82.95 -2.56324 0.961414 
82.96 -2.46761 1.06825 
82.97 -2.36174 1.17877 
82.98 -2.2453 1.29243 
82.99 -2.11804 1.40843 
83 -1.97978 1.5256 
83.01 -1.83048 1.6424 
83.02 -1.67028 1.75684 
83.03 -1.49949 1.86648 
83.04 -1.31872 1.9685 
83.05 -1.12881 2.05976 
83.06 -0.930934 2.13703 
83.07 -0.726565 2.19718 
83.08 -0.517446 2.23748 
83.09 -0.305549 2.25591 
83.1 -0.0929969 2.25136 
83.11 0.118036 2.2238 
83.12 0.325422 2.17427 
83.13 0.527177 2.10477 
83.14 0.721542 2.01801 
83.15 0.907038 1.91715 
83.16 1.08249 1.80548 
83.17 1.24704 1.68618 
83.18 1.40009 1.56208 
83.19 1.54131 1.43558 
83.2 1.67058 1.30857 
83.21 1.7879 1.18245 
83.22 1.89342 1.05817 
83.23 1.98734 0.936273 
83.24 2.06989 0.81697 
83.25 2.14132 0.700231 
83.26 2.20185 0.585828 
83.27 2.2517 0.473399 
83.28 2.29103 0.362492 
83.29 2.31996 0.252601 
83.3 2.33856 0.143198 
83.31 2.34686 0.0337548 
83.32 2.34482 -0.0762375 
83.33 2.33237 -0.187251 
83.34 2.30939 -0.299704 
83.35 2.27573 -0.413946 
83.36 2.23122 -0.530236 
83.37 2.17564 -0.648718 
83.38 2.1088 -0.769394 
83.39 2.03048 -0.89209 
83.4 1.94053 -1.01642 
83.41 1.8388 -1.14172 
83.42 1.72526 -1.26706 
83.43 1.59996 -1.39114 
83.44 1.46309 -1.51233 
83.45 1.31501 -1.62862 
83.46 1.1563 -1.7377 
83.47 0.987749 -1.83704 
83.48 0.810401 -1.924 
83.49 0.625543 -1.99605 
83.5 0.43469 -2.05097 
83.51 0.239539 -2.08708 
83.52 0.0419176 -2.10339 
83.53 -0.156299 -2.09982 
83.54 -0.353264 -2.0771 
83.55 -0.547243 -2.03684 
83.56 -0.736683 -1.98125 
83.57 -0.920263 -1.91303 
83.58 -1.09693 -1.83505 
83.59 -1.26589 -1.75019 
83.6 -1.42664 -1.66113 
83.61 -1.57889 -1.57022 
83.62 -1.72256 -1.47941 
83.63 -1.85773 -1.39024 
83.64 -1.98462 -1.30384 
83.65 -2.10353 -1.22096 
83.66 -2.21481 -1.14204 
83.67 -2.31884 -1.06725 
83.68 -2.41602 -0.996579 
83.69 -2.50672 -0.929825 
83.7 -2.59131 -0.866696 
83.71 -2.6701 -0.806817 
83.72 -2.74338 -0.749769 
83.73 -2.8114 -0.695106 
83.74 -2.87436 -0.642381 
83.75 -2.93243 -0.591149 
83.76 -2.98572 -0.540985 
83.77 -3.03432 -0.491483 
83.78 -3.07827 -0.442265 
83.79 -3.11759 -0.392984 
83.8 3.13094 -0.343319 
83.81 3.101 -0.292982 
83.82 3.07584 -0.241709 
83.83 3.05557 -0.189265 
83.84 3.0403 -0.135438 
83.85 3.03017 -0.080038 
83.86 3.02534 -0.0228902 
83.87 3.02599 0.0361652 
83.88 3.0323 0.0972784 
83.89 3.04446 0.160593 
83.9 3.0627 0.226251 
83.91 3.08725 0.294394 
83.92 3.11833 0.365166 
83.93 -3.12697 0.438717 
83.94 -3.08203 0.515198 
83.95 -3.02973 0.59476 
83.96 -2.96979 0.677552 
83.97 -2.90189 0.763701 
83.98 -2.82571 0.853308 
83.99 -2.74092 0.946417 
84 -2.6472 1.04299 
84.01 -2.54422 1.14288 
84.02 -2.43169 1.24575 
84.03 -2.30934 1.35107 
84.04 -2.17699 1.45803 
84.05 -2.03452 1.56547 
84.06 -1.88197 1.67186 
84.07 -1.71952 1.77523 
84.08 -1.54756 1.87322 
84.09 -1.36673 1.96306 
84.1 -1.17794 2.04174 
84.11 -0.982385 2.10614 
84.12 -0.781553 2.15327 
84.13 -0.577199 2.18054 
84.14 -0.371292 2.18604 
84.15 -0.165939 2.1687 
84.16 0.036695 2.12848 
84.17 0.234491 2.06631 
84.18 0.425461 1.98401 
84.19 0.607822 1.88409 
84.2 0.780047 1.76946 
84.21 0.940893 1.64315 
84.22 1.0894 1.50809 
84.23 1.22487 1.36696 
84.24 1.34684 1.222 
84.25 1.45505 1.07504 
84.26 1.54936 0.927429 
84.27 1.62977 0.780144 
84.28 1.69635 0.633789 
84.29 1.74918 0.488689 
84.3 1.78841 0.344952 
84.31 1.81415 0.202534 
84.32 1.82653 0.0613029 
84.33 1.82565 -0.0789137 
84.34 1.81159 -0.218274 
84.35 1.78444 -0.356882 
84.36 1.74427 -0.494738 
84.37 1.69114 -0.631704 
84.38 1.62516 -0.767464 
84.39 1.54646 -0.901482 
84.4 1.45525 -1.03298 
84.41 1.35181 -1.1609 
84.42 1.23653 -1.28392 
84.43 1.10995 -1.40046 
84.44 0.972767 -1.50871 
84.45 0.825852 -1.60672 
84.46 0.670264 -1.69251 
84.47 0.507241 -1.76424 
84.48 0.33819 -1.82029 
84.49 0.164646 -1.85949 
84.5 -0.0117688 -1.88122 
84.51 -0.189402 -1.88548 
84.52 -0.366635 -1.87294 
84.53 -0.541939 -1.84488 
84.54 -0.713931 -1.80306 
84.55 -0.881413 -1.74961 
84.56 -1.0434 -1.68686 
84.57 -1.19912 -1.61713 
84.58 -1.34802 -1.54265 
84.59 -1.48976 -1.46543 
84.6 -1.62416 -1.38717 
84.61 -1.75119 -1.30928 
84.62 -1.87093 -1.23282 
84.63 -1.98357 -1.15857 
84.64 -2.08933 -1.08702 
84.65 -2.18848 -1.01844 
84.66 -2.28131 -0.952912 
84.67 -2.36811 -0.890351 
84.68 -2.44913 -0.830567 
84.69 -2.52465 -0.773285 
84.7 -2.59487 -0.718171 
84.71 -2.65998 -0.664854 
84.72 -2.72014 -0.612942 
84.73 -2.77545 -0.562037 
84.74 -2.826 -0.511745 
84.75 -2.87182 -0.46168 
84.76 -2.91291 -0.411471 
84.77 -2.94926 -0.360767 
84.78 -2.98079 -0.309236 
84.79 -3.00741 -0.256565 
84.8 -3.02901 -0.202463 
84.81 -3.04543 -0.146658 
84.82 -3.0565 -0.0888951 
84.83 -3.06203 -0.028935 
84.84 -3.06179 0.0334488 
84.85 -3.05555 0.0984721 
84.86 -3.04306 0.166342 
84.87 -3.02403 0.237261 
84.88 -2.99816 0.311426 
84.89 -2.96515 0.389026 
84.9 -2.92466 0.470248 
84.91 -2.87633 0.555264 
84.92 -2.81982 0.64423 
84.93 -2.75473 0.737267 
84.94 -2.68067 0.834448 
84.95 -2.59727 0.935771 
84.96 -2.50413 1.04112 
84.97 -2.40088 1.15025 
84.98 -2.28719 1.26268 
84.99 -2.16278 1.37769 
85 -2.02745 1.49424 
85.01 -1.88112 1.61089 
85.02 -1.72387 1.7258 
85.03 -1.55596 1.83666 
85.04 -1.3779 1.94076 
85.05 -1.19047 2.03504 
85.06 -0.994752 2.11626 
85.07 -0.792119 2.18124 
85.08 -0.584245 2.22711 
85.09 -0.373044 2.25159 
85.1 -0.160604 2.25329 
85.11 0.0508997 2.23183 
85.12 0.259313 2.18794 
85.13 0.462594 2.12335 
85.14 0.658908 2.04059 
85.15 0.84668 1.94269 
85.16 1.02464 1.83294 
85.17 1.19182 1.71455 
85.18 1.34756 1.59048 
85.19 1.49143 1.46326 
85.2 1.62325 1.33492 
85.21 1.74297 1.20702 
85.22 1.85071 1.08062 
85.23 1.94663 0.956369 
85.24 2.03096 0.834585 
85.25 2.10393 0.715301 
85.26 2.16576 0.598343 
85.27 2.21667 0.483387 
85.28 2.25683 0.370007 
85.29 2.28635 0.257717 
85.3 2.30533 0.145999 
85.31 2.31378 0.0343334 
85.32 2.31169 -0.0777824 
85.33 2.299 -0.190814 
85.34 2.2756 -0.305174 
85.35 2.24134 -0.421198 
85.36 2.19606 -0.539131 
85.37 2.13958 -0.659095 
85.38 2.07169 -0.781064 
85.39 1.99222 -0.904826 
85.4 1.90103 -1.02994 
85.41 1.79801 -1.15571 
85.42 1.68314 -1.28113 
85.43 1.55653 -1.40484 
85.44 1.4184 -1.52515 
85.45 1.26918 -1.64001 
85.46 1.10948 -1.74707 
85.47 0.940166 -1.84381 
85.48 0.762323 -1.92764 
85.49 0.577287 -1.99612 
85.5 0.386609 -2.04716 
85.51 0.192006 -2.07925 
85.52 -0.00469141 -2.09163 
85.53 -0.201624 -2.08438 
85.54 -0.396978 -2.05845 
85.55 -0.589069 -2.01554 
85.56 -0.776403 -1.95798 
85.57 -0.957724 -1.88848 
85.58 -1.13204 -1.8099 
85.59 -1.29863 -1.72507 
85.6 -1.45704 -1.63656 
85.61 -1.60701 -1.54664 
85.62 -1.74852 -1.45715 
85.63 -1.88167 -1.36953 
85.64 -2.00669 -1.28483 
85.65 -2.12389 -1.20373 
85.66 -2.23363 -1.12662 
85.67 -2.33629 -1.05363 
85.68 -2.43227 -0.984697 
85.69 -2.52193 -0.919622 
85.7 -2.60563 -0.858094 
85.71 -2.68368 -0.799734 
85.72 -2.75636 -0.744123 
85.73 -2.82392 -0.690819 
85.74 -2.88654 -0.639378 
85.75 -2.94438 -0.589364 
85.76 -2.99756 -0.540358 
85.77 -3.04615 -0.491965 
85.78 -3.0902 -0.443815 
85.79 -3.12971 -0.395567 
85.8 3.11853 -0.346912 
85.81 3.0882 -0.297568 
85.82 3.06257 -0.247281 
85.83 3.04172 -0.195824 
85.84 3.02579 -0.142994 
85.85 3.0149 -0.0886072 
85.86 3.00922 -0.032499 
85.87 3.00891 0.0254824 
85.88 3.01416 0.0854783 
85.89 3.02516 0.147624 
85.9 3.04212 0.212052 
85.91 3.06526 0.278895 
85.92 3.09482 0.348289 
85.93 3.13104 0.420377 
85.94 -3.109 0.495303 
85.95 -3.05865 0.573216 
85.96 -3.00082 0.654262 
85.97 -2.9352 0.738576 
85.98 -2.86148 0.826267 
85.99 -2.77934 0.917403 
86 -2.68844 1.01198 
86.01 -2.58848 1.10989 
86.02 -2.47915 1.21087 
86.03 -2.36017 1.31448 
86.04 -2.23134 1.42001 
86.05 -2.09251 1.52645 
86.06 -1.94366 1.6324 
86.07 -1.78492 1.73609 
86.08 -1.6166 1.83528 
86.09 -1.43925 1.92739 
86.1 -1.25367 2.00947 
86.11 -1.06094 2.07846 
86.12 -0.862461 2.1313 
86.13 -0.65987 2.16524 
86.14 -0.455061 2.1781 
86.15 -0.250095 2.16849 
86.16 -0.0471169 2.13595 
86.17 0.151731 2.08106 
86.18 0.344406 2.0053 
86.19 0.529042 1.91093 
86.2 0.704013 1.8007 
86.21 0.867964 1.6776 
86.22 1.01982 1.5446 
86.23 1.15879 1.40448 
86.24 1.28431 1.25964 
86.25 1.39604 1.11204 
86.26 1.49379 0.963239 
86.27 1.5775 0.814341 
86.28 1.64721 0.666096 
86.29 1.70299 0.518943 
86.3 1.74497 0.373089 
86.31 1.77327 0.228566 
86.32 1.788 0.0853006 
86.33 1.78929 -0.0568316 
86.34 1.77723 -0.197954 
86.35 1.75192 -0.338143 
86.36 1.71345 -0.47738 
86.37 1.6619 -0.615512 
86.38 1.5974 -0.752211 
86.39 1.5201 -0.886938 
86.4 1.43024 -1.01891 
86.41 1.32811 -1.14708 
86.42 1.21413 -1.27014 
86.43 1.08885 -1.38652 
86.44 0.952999 -1.49444 
86.45 0.807448 -1.59201 
86.46 0.653271 -1.67728 
86.47 0.49171 -1.74846 
86.48 0.324171 -1.80399 
86.49 0.152184 -1.84276 
86.5 -0.0226391 -1.86419 
86.51 -0.19866 -1.86831 
86.52 -0.374275 -1.85582 
86.53 -0.547975 -1.82798 
86.54 -0.718392 -1.78655 
86.55 -0.884342 -1.73363 
86.56 -1.04485 -1.67149 
86.57 -1.19915 -1.60244 
86.58 -1.34671 -1.52865 
86.59 -1.48716 -1.4521 
86.6 -1.62033 -1.37446 
86.61 -1.74619 -1.2971 
86.62 -1.8648 -1.22108 
86.63 -1.97635 -1.14716 
86.64 -2.08104 -1.07582 
86.65 -2.17915 -1.00732 
86.66 -2.27093 -0.941745 
86.67 -2.35666 -0.879013 
86.68 -2.43661 -0.818935 
86.69 -2.51101 -0.761237 
86.7 -2.58007 -0.705588 
86.71 -2.64397 -0.65162 
86.72 -2.70284 -0.598943 
86.73 -2.75679 -0.54716 
86.74 -2.80589 -0.495877 
86.75 -2.85016 -0.444707 
86.76 -2.88961 -0.39328 
86.77 -2.92418 -0.341241 
86.78 -2.9538 -0.288254 
86.79 -2.97837 -0.234003 
86.8 -2.99776 -0.178192 
86.81 -3.01181 -0.12054 
86.82 -3.02032 -0.0607858 
86.83 -3.0231 0.00131928 
86.84 -3.01991 0.066011 
86.85 -3.01048 0.133515 
86.86 -2.99456 0.20405 
86.87 -2.97184 0.277825 
86.88 -2.94201 0.355046 
86.89 -2.90474 0.435907 
86.9 -2.85967 0.520592 
86.91 -2.80643 0.609265 
86.92 -2.74464 0.70206 
86.93 -2.67391 0.799063 
86.94 -2.59385 0.90029 
86.95 -2.50405 1.00565 
86.96 -2.40413 1.11492 
86.97 -2.29376 1.22768 
86.98 -2.17262 1.34324 
86.99 -2.04049 1.46065 
87 -1.89727 1.57854 
87.01 -1.74299 1.69514 
87.02 -1.57787 1.80826 
87.03 -1.40235 1.91524 
87.04 -1.21716 2.01309 
87.05 -1.02331 2.0986 
87.06 -0.822107 2.16856 
87.07 -0.615166 2.22001 
87.08 -0.404349 2.25055 
87.09 -0.191707 2.25859 
87.1 0.0206029 2.24358 
87.11 0.230425 2.20602 
87.12 0.435699 2.14747 
87.13 0.634556 2.07033 
87.14 0.825381 1.97759 
87.15 1.00686 1.87253 
87.16 1.17798 1.75841 
87.17 1.33803 1.63827 
87.18 1.48659 1.51474 
87.19 1.62342 1.38997 
87.2 1.74851 1.26562 
87.21 1.86194 1.14286 
87.22 1.96391 1.02241 
87.23 2.05465 0.904648 
87.24 2.13442 0.789663 
87.25 2.20347 0.677312 
87.26 2.26206 0.567289 
87.27 2.31037 0.459179 
87.28 2.34856 0.352492 
87.29 2.37674 0.2467 
87.3 2.39497 0.141258 
87.31 2.40326 0.03563 
87.32 2.40157 -0.0706992 
87.33 2.38981 -0.178209 
87.34 2.36784 -0.28733 
87.35 2.3355 -0.398426 
87.36 2.29259 -0.511782 
87.37 2.23888 -0.627579 
87.38 2.17414 -0.745868 
87.39 2.09815 -0.86654 
87.4 2.01068 -0.989286 
87.41 1.91156 -1.11356 
87.42 1.8007 -1.23851 
87.43 1.67808 -1.36299 
87.44 1.54381 -1.48547 
87.45 1.39816 -1.60405 
87.46 1.24161 -1.71651 
87.47 1.07486 -1.82031 
87.48 0.898833 -1.91278 
87.49 0.714736 -1.99126 
87.5 0.524004 -2.05329 
87.51 0.328283 -2.09688 
87.52 0.129382 -2.12072 
87.53 -0.0708083 -2.12429 
87.54 -0.27039 -2.10801 
87.55 -0.467547 -2.07318 
87.56 -0.660621 -2.02181 
87.57 -0.848171 -1.95651 
87.58 -1.02902 -1.88014 
87.59 -1.20226 -1.79568 
87.6 -1.36728 -1.70595 
87.61 -1.52368 -1.61348 
87.62 -1.67133 -1.52042 
87.63 -1.81024 -1.42849 
87.64 -1.94059 -1.33897 
87.65 -2.06265 -1.25276 
87.66 -2.17677 -1.17043 
87.67 -2.28331 -1.09221 
87.68 -2.38269 -1.01816 
87.69 -2.47527 -0.948132 
87.7 -2.56143 -0.881844 
87.71 -2.6415 -0.818942 
87.72 -2.71579 -0.759007 
87.73 -2.78455 -0.701593 
87.74 -2.848 -0.646239 
87.75 -2.90631 -0.592492 
87.76 -2.95962 -0.539909 
87.77 -3.008 -0.48807 
87.78 -3.05152 -0.43658 
87.79 -3.0902 -0.385074 
87.8 -3.124 -0.333215 
87.81 3.1303 -0.280695 
87.82 3.1064 -0.227236 
87.83 3.08759 -0.172584 
87.84 3.074 -0.116511 
87.85 3.06576 -0.058806 
87.86 3.06305 0.000721859 
87.87 3.06604 0.0622515 
87.88 3.07492 0.125952 
87.89 3.08992 0.191987 
87.9 3.11125 0.260516 
87.91 3.13917 0.331701 
87.92 -3.10927 0.405703 
87.93 -3.06741 0.482684 
87.94 -3.01814 0.562808 
87.95 -2.96118 0.646229 
87.96 -2.8962 0.733088 
87.97 -2.82286 0.823494 
87.98 -2.74084 0.917507 
87.99 -2.64979 1.01511 
88 -2.54939 1.11617 
88.01 -2.4393 1.2204 
88.02 -2.31927 1.32729 
88.03 -2.18907 1.43608 
88.04 -2.04857 1.54567 
88.05 -1.89777 1.65458 
88.06 -1.73681 1.7609 
88.07 -1.56604 1.86229 
88.08 -1.38606 1.95602 
88.09 -1.19773 2.03908 
88.1 -1.00219 2.10831 
88.11 -0.800913 2.16064 
88.12 -0.595607 2.19338 
88.13 -0.388225 2.20445 
88.14 -0.180873 2.19266 
88.15 0.0242763 2.1578 
88.16 0.22508 2.10071 
88.17 0.419518 2.02312 
88.18 0.605771 1.92751 
88.19 0.782277 1.8168 
88.2 0.947759 1.6941 
88.21 1.10123 1.56241 
88.22 1.24197 1.42448 
88.23 1.36952 1.28266 
88.24 1.48359 1.13885 
88.25 1.58406 0.99446 
88.26 1.67095 0.850506 
88.27 1.74431 0.707617 
88.28 1.80428 0.566119 
88.29 1.85097 0.426101 
88.3 1.88454 0.287483 
88.31 1.9051 0.150075 
88.32 1.91277 0.0136267 
88.33 1.9076 -0.122121 
88.34 1.88967 -0.257396 
88.35 1.85901 -0.392354 
88.36 1.81565 -0.527039 
88.37 1.7596 -0.661349 
88.38 1.69093 -0.794993 
88.39 1.60972 -0.927457 
88.4 1.51611 -1.05797 
88.41 1.41033 -1.18549 
88.42 1.29273 -1.30867 
88.43 1.1638 -1.4259 
88.44 1.02416 -1.5353 
88.45 0.874673 -1.63486 
88.46 0.716347 -1.72249 
88.47 0.550407 -1.79619 
88.48 0.378249 -1.85423 
88.49 0.201418 -1.89527 
88.5 0.0215552 -1.91856 
88.51 -0.159656 -1.92399 
88.52 -0.340555 -1.91215 
88.53 -0.519569 -1.8843 
88.54 -0.695267 -1.8422 
88.55 -0.866408 -1.78805 
88.56 -1.03197 -1.72423 
88.57 -1.19115 -1.65317 
88.58 -1.34338 -1.57721 
88.59 -1.48831 -1.49844 
88.6 -1.62574 -1.41866 
88.61 -1.75567 -1.33936 
88.62 -1.87819 -1.26165 
88.63 -1.99349 -1.18635 
88.64 -2.10183 -1.114 
88.65 -2.2035 -1.04487 
88.66 -2.2988 -0.97906 
88.67 -2.38806 -0.916488 
88.68 -2.47156 -0.856967 
88.69 -2.54959 -0.800217 
88.7 -2.62238 -0.745899 
88.71 -2.69015 -0.693637 
88.72 -2.75308 -0.643035 
88.73 -2.8113 -0.593691 
88.74 -2.86492 -0.545207 
88.75 -2.91399 -0.497197 
88.76 -2.95854 -0.44929 
88.77 -2.99857 -0.401139 
88.78 -3.03403 -0.352414 
88.79 -3.06487 -0.302814 
88.8 -3.09098 -0.252054 
88.81 -3.11224 -0.199877 
88.82 -3.12851 -0.146043 
88.83 -3.13962 -0.0903288 
88.84 3.1378 -0.0325296 
88.85 3.13759 0.0275482 
88.86 -3.14003 0.0900882 
88.87 -3.12845 0.155267 
88.88 -3.1106 0.223258 
88.89 -3.08621 0.294232 
88.9 -3.05498 0.368359 
88.91 -3.01661 0.445808 
88.92 -2.97079 0.526745 
88.93 -2.91716 0.611327 
88.94 -2.8554 0.699693 
88.95 -2.78512 0.791953 
88.96 -2.70596 0.888161 
88.97 -2.61756 0.988297 
88.98 -2.51954 1.09222 
88.99 -2.41156 1.19964 
89 -2.29331 1.31005 
89.01 -2.16456 1.42265 
89.02 -2.02513 1.53635 
89.03 -1.87499 1.64963 
89.04 -1.71427 1.76055 
89.05 -1.54331 1.86674 
89.06 -1.36267 1.96542 
89.07 -1.17321 2.05348 
89.08 -0.976078 2.12772 
89.09 -0.77273 2.18498 
89.1 -0.564896 2.22253 
89.11 -0.354541 2.23826 
89.12 -0.143785 2.23096 
89.13 0.0651845 2.20048 
89.14 0.270217 2.1477 
89.15 0.469293 2.07449 
89.16 0.660605 1.98344 
89.17 0.842612 1.87761 
89.18 1.01407 1.7602 
89.19 1.17404 1.63434 
89.2 1.32187 1.50285 
89.21 1.45713 1.36812 
89.22 1.57961 1.23206 
89.23 1.68927 1.0961 
89.24 1.78615 0.961224 
89.25 1.8704 0.82801 
89.26 1.94219 0.696725 
89.27 2.00169 0.567382 
89.28 2.04909 0.439806 
89.29 2.08454 0.313694 
89.3 2.10816 0.188659 
89.31 2.12003 0.0642788 
89.32 2.12019 -0.0598765 
89.33 2.10865 -0.184208 
89.34 2.08536 -0.309062 
89.35 2.05028 -0.434699 
89.36 2.00332 -0.561267 
89.37 1.94438 -0.688768 
89.38 1.87339 -0.817023 
89.39 1.7903 -0.945634 
89.4 1.69509 -1.07395 
89.41 1.58784 -1.20102 
89.42 1.46873 -1.3256 
89.43 1.33805 -1.4461 
89.44 1.19629 -1.56062 
89.45 1.04411 -1.66702 
89.46 0.882366 -1.76299 
89.47 0.712168 -1.84619 
89.48 0.534821 -1.91444 
89.49 0.351825 -1.96587 
89.5 0.164831 -1.99917 
89.51 -0.0244156 -2.01369 
89.52 -0.214143 -2.00954 
89.53 -0.40263 -1.98763 
89.54 -0.588272 -1.94954 
89.55 -0.769641 -1.89743 
89.56 -0.945531 -1.83378 
89.57 -1.11498 -1.76127 
89.58 -1.27728 -1.68251 
89.59 -1.43196 -1.59993 
89.6 -1.57875 -1.51568 
89.61 -1.7176 -1.43152 
89.62 -1.84857 -1.34887 
89.63 -1.97186 -1.26875 
89.64 -2.08775 -1.19187 
89.65 -2.19656 -1.11864 
89.66 -2.29864 -1.04924 
89.67 -2.39437 -0.983639 
89.68 -2.48408 -0.921692 
89.69 -2.56811 -0.863128 
89.7 -2.64678 -0.807608 
89.71 -2.72033 -0.754747 
89.72 -2.78901 -0.704134 
89.73 -2.85301 -0.65535 
89.74 -2.91249 -0.607978 
89.75 -2.96755 -0.561615 
89.76 -3.01827 -0.515877 
89.77 -3.06469 -0.470403 
89.78 -3.10683 -0.424858 
89.79 3.13852 -0.378935 
89.8 3.10504 -0.332353 
89.81 3.076 -0.284859 
89.82 3.05148 -0.236225 
89.83 3.0316 -0.186248 
89.84 3.0165 -0.134744 
89.85 3.00634 -0.0815508 
89.86 3.00127 -0.0265194 
89.87 3.00148 0.0304864 
89.88 3.00716 0.0895945 
89.89 3.0185 0.150928 
89.9 3.03574 0.214608 
89.91 3.05909 0.280759 
89.92 3.0888 0.349509 
89.93 3.1251 0.42099 
89.94 -3.1149 0.495343 
89.95 -3.06458 0.572711 
89.96 -3.00682 0.653235 
89.97 -2.94132 0.737047 
89.98 -2.86777 0.824254 
89.99 -2.78584 0.914924 
90 -2.6952 1.00905 
90.01 -2.59553 1.10654 
90.02 -2.48653 1.20713 
90.03 -2.36793 1.31039 
90.04 -2.23949 1.41562 
90.05 -2.10109 1.52183 
90.06 -1.95268 1.62764 
90.07 -1.79439 1.73129 
90.08 -1.62652 1.83059 
90.09 -1.4496 1.92295 
90.1 -1.26442 2.00545 
90.11 -1.07205 2.07502 
90.12 -0.873858 2.12861 
90.13 -0.67148 2.16344 
90.14 -0.466795 2.17729 
90.15 -0.261856 2.16872 
90.16 -0.0588064 2.13724 
90.17 0.140211 2.08335 
90.18 0.333146 2.00851 
90.19 0.518123 1.91491 
90.2 0.6935 1.8053 
90.21 0.857908 1.68266 
90.22 1.01026 1.54997 
90.23 1.14974 1.41 
90.24 1.27579 1.26518 
90.25 1.38803 1.11751 
90.26 1.48629 0.968545 
90.27 1.57049 0.819428 
90.28 1.64067 0.670923 
90.29 1.6969 0.52349 
90.3 1.73929 0.377344 
90.31 1.76797 0.232531 
90.32 1.78307 0.0889861 
90.33 1.78469 -0.05341 
90.34 1.77294 -0.194776 
90.35 1.74792 -0.335184 
90.36 1.70971 -0.474614 
90.37 1.65842 -0.612912 
90.38 1.59415 -0.749749 
90.39 1.51709 -0.884585 
90.4 1.42744 -1.01664 
90.41 1.32552 -1.14487 
90.42 1.21175 -1.26796 
90.43 1.08668 -1.38436 
90.44 0.951027 -1.49228 
90.45 0.805681 -1.58983 
90.46 0.651708 -1.67509 
90.47 0.490354 -1.74626 
90.48 0.323022 -1.80179 
90.49 0.151243 -1.84057 
90.5 -0.023374 -1.86202 
90.51 -0.199192 -1.86619 
90.52 -0.37461 -1.85375 
90.53 -0.548118 -1.82599 
90.54 -0.718351 -1.78464 
90.55 -0.884126 -1.73182 
90.56 -1.04447 -1.66978 
90.57 -1.19861 -1.60083 
90.58 -1.34602 -1.52713 
90.59 -1.48633 -1.45066 
90.6 -1.61937 -1.37308 
90.61 -1.7451 -1.29578 
90.62 -1.8636 -1.2198 
90.63 -1.97502 -1.14589 
90.64 -2.0796 -1.07455 
90.65 -2.17758 -1.00604 
90.66 -2.26924 -0.940432 
90.67 -2.35485 -0.877651 
90.68 -2.43466 -0.817508 
90.69 -2.50892 -0.75973 
90.7 -2.57784 -0.703987 
90.71 -2.64158 -0.649909 
90.72 -2.70028 -0.597107 
90.73 -2.75406 -0.545186 
90.74 -2.80296 -0.49375 
90.75 -2.84703 -0.442413 
90.76 -2.88625 -0.390804 
90.77 -2.92057 -0.338567 
90.78 -2.94993 -0.285367 
90.79 -2.97422 -0.230886 
90.8 -2.99331 -0.174827 
90.81 -3.00702 -0.116909 
90.82 -3.01519 -0.0568692 
90.83 -3.01758 0.00554241 
90.84 -3.01397 0.070563 
90.85 -3.00411 0.13842 
90.86 -2.9877 0.209332 
90.87 -2.96447 0.283511 
90.88 -2.93408 0.361161 
90.89 -2.89621 0.44248 
90.9 -2.85049 0.527649 
90.91 -2.79657 0.61683 
90.92 -2.73404 0.710155 
90.93 -2.66253 0.807702 
90.94 -2.58162 0.909477 
90.95 -2.49093 1.01538 
90.96 -2.39008 1.12516 
90.97 -2.27871 1.23838 
90.98 -2.15654 1.35432 
90.99 -2.02336 1.47199 
91 -1.87907 1.58997 
91.01 -1.72371 1.70646 
91.02 -1.55753 1.8192 
91.03 -1.38102 1.9255 
91.04 -1.19491 2.02234 
91.05 -1.00024 2.10649 
91.06 -0.798374 2.17477 
91.07 -0.590939 2.22425 
91.08 -0.379823 2.25263 
91.09 -0.167092 2.25841 
91.1 0.0450951 2.24115 
91.11 0.254587 2.20148 
91.12 0.459345 2.14107 
91.13 0.657524 2.0624 
91.14 0.847544 1.9685 
91.15 1.02812 1.86266 
91.16 1.19829 1.74814 
91.17 1.35737 1.62793 
91.18 1.50496 1.50461 
91.19 1.64086 1.38031 
91.2 1.76507 1.2566 
91.21 1.87768 1.1346 
91.22 1.97891 1.01502 
91.23 2.069 0.898182 
91.24 2.1482 0.784151 
91.25 2.21679 0.672762 
91.26 2.27499 0.563699 
91.27 2.323 0.456532 
91.28 2.36098 0.350766 
91.29 2.38905 0.245868 
91.3 2.40724 0.141293 
91.31 2.41558 0.036502 
91.32 2.41401 -0.0690206 
91.33 2.40244 -0.175755 
91.34 2.38074 -0.284134 
91.35 2.34873 -0.394525 
91.36 2.30622 -0.507218 
91.37 2.25297 -0.6224 
91.38 2.18875 -0.740136 
91.39 2.11331 -0.860329 
91.4 2.02645 -0.982689 
91.41 1.92797 -1.10669 
91.42 1.81776 -1.23151 
91.43 1.6958 -1.35603 
91.44 1.56217 -1.47875 
91.45 1.41714 -1.5978 
91.46 1.26115 -1.71096 
91.47 1.09487 -1.81573 
91.48 0.919227 -1.90943 
91.49 0.73538 -1.98935 
91.5 0.544751 -2.05301 
91.51 0.348976 -2.09834 
91.52 0.149854 -2.12395 
91.53 -0.0507227 -2.12923 
91.54 -0.250846 -2.11453 
91.55 -0.448683 -2.08105 
91.56 -0.642551 -2.03076 
91.57 -0.830984 -1.96623 
91.58 -1.01277 -1.89034 
91.59 -1.18699 -1.80606 
91.6 -1.35298 -1.71624 
91.61 -1.51034 -1.62347 
91.62 -1.6589 -1.52992 
91.63 -1.79868 -1.43737 
91.64 -1.92984 -1.34714 
91.65 -2.05263 -1.26016 
91.66 -2.16741 -1.17702 
91.67 -2.27454 -1.098 
91.68 -2.37442 -1.02315 
91.69 -2.46743 -0.952325 
91.7 -2.55395 -0.885275 
91.71 -2.63431 -0.821637 
91.72 -2.70882 -0.760997 
91.73 -2.77774 -0.702906 
91.74 -2.84128 -0.646904 
91.75 -2.89963 -0.592531 
91.76 -2.95291 -0.539344 
91.77 -3.00121 -0.486918 
91.78 -3.0446 -0.434854 
91.79 -3.08308 -0.382784 
91.8 -3.11664 -0.330364 
91.81 3.13795 -0.277285 
91.82 3.1144 -0.223263 
91.83 3.09599 -0.16804 
91.84 3.08286 -0.111383 
91.85 3.07513 -0.0530771 
91.86 3.07299 0.00707317 
91.87 3.07661 0.0692516 
91.88 3.08618 0.133632 
91.89 3.10194 0.200383 
91.9 3.1241 0.269669 
91.91 -3.13028 0.341656 
91.92 -3.09455 0.416509 
91.93 -3.05162 0.494394 
91.94 -3.00121 0.575476 
91.95 -2.94301 0.659908 
91.96 -2.87669 0.747828 
91.97 -2.80191 0.839339 
91.98 -2.71834 0.934486 
91.99 -2.62564 1.03323 
92 -2.52347 1.13541 
92.01 -2.41153 1.24071 
92.02 -2.28954 1.34855 
92.03 -2.15729 1.45812 
92.04 -2.01469 1.56822 
92.05 -1.86175 1.6773 
92.06 -1.69866 1.78334 
92.07 -1.52581 1.88391 
92.08 -1.34385 1.97622 
92.09 -1.15371 2.05717 
92.1 -0.956599 2.12361 
92.11 -0.754033 2.17252 
92.12 -0.547789 2.20131 
92.13 -0.339861 2.20807 
92.14 -0.132379 2.19181 
92.15 0.0724807 2.15255 
92.16 0.272592 2.09134 
92.17 0.465972 2.01012 
92.18 0.650853 1.91149 
92.19 0.825734 1.79846 
92.2 0.989404 1.67412 
92.21 1.14094 1.54148 
92.22 1.27969 1.4032 
92.23 1.40523 1.26154 
92.24 1.51733 1.11829 
92.25 1.61592 0.974793 
92.26 1.701 0.831954 
92.27 1.77267 0.690327 
92.28 1.83107 0.550174 
92.29 1.87633 0.411532 
92.3 1.90859 0.274279 
92.31 1.92797 0.138191 
92.32 1.93457 0.00299527 
92.33 1.92846 -0.131588 
92.34 1.90969 -0.265802 
92.35 1.87828 -0.399814 
92.36 1.83425 -0.533679 
92.37 1.77762 -0.667304 
92.38 1.70841 -0.800407 
92.39 1.62671 -0.932481 
92.4 1.53264 -1.06276 
92.41 1.42641 -1.19021 
92.42 1.30837 -1.31348 
92.43 1.17897 -1.43095 
92.44 1.03884 -1.54074 
92.45 0.888814 -1.64081 
92.46 0.729899 -1.72905 
92.47 0.563309 -1.80343 
92.48 0.390438 -1.86216 
92.49 0.212827 -1.90387 
92.5 0.0321242 -1.92776 
92.51 -0.14998 -1.9337 
92.52 -0.331813 -1.92224 
92.53 -0.511789 -1.89461 
92.54 -0.688464 -1.8526 
92.55 -0.860583 -1.79838 
92.56 -1.02711 -1.73437 
92.57 -1.18723 -1.66302 
92.58 -1.34038 -1.5867 
92.59 -1.48618 -1.50753 
92.6 -1.62445 -1.42734 
92.61 -1.75518 -1.34763 
92.62 -1.87846 -1.26954 
92.63 -1.99449 -1.1939 
92.64 -2.10352 -1.12126 
92.65 -2.20586 -1.0519 
92.66 -2.30182 -0.985921 
92.67 -2.39172 -0.923249 
92.68 -2.47586 -0.863696 
92.69 -2.55452 -0.80698 
92.7 -2.62796 -0.752763 
92.71 -2.69638 -0.700666 
92.72 -2.75998 -0.650294 
92.73 -2.8189 -0.601241 
92.74 -2.87324 -0.55311 
92.75 -2.92307 -0.505513 
92.76 -2.96843 -0.45808 
92.77 -3.00931 -0.410462 
92.78 -3.04569 -0.362333 
92.79 -3.07749 -0.313389 
92.8 -3.10463 -0.26335 
92.81 -3.12699 -0.211959 
92.82 3.13875 -0.15898 
92.83 3.12638 -0.104195 
92.84 3.11926 -0.0474027 
92.85 3.11759 0.011586 
92.86 3.1216 0.0729484 
92.87 3.1315 0.136855 
92.88 -3.13564 0.203473 
92.89 -3.11317 0.272966 
92.9 -3.08402 0.345498 
92.91 -3.04789 0.421235 
92.92 -3.00447 0.500339 
92.93 -2.95342 0.58297 
92.94 -2.89442 0.669274 
92.95 -2.82711 0.759373 
92.96 -2.75113 0.853349 
92.97 -2.66612 0.951216 
92.98 -2.5717 1.05289 
92.99 -2.46753 1.15816 
93 -2.35329 1.26661 
93.01 -2.2287 1.37759 
93.02 -2.09358 1.49014 
93.03 -1.94783 1.60293 
93.04 -1.7915 1.71422 
93.05 -1.62485 1.82184 
93.06 -1.44832 1.92317 
93.07 -1.26267 2.01524 
93.08 -1.0689 2.09489 
93.09 -0.868333 2.15892 
93.1 -0.662592 2.20437 
93.11 -0.453542 2.22883 
93.12 -0.243246 2.23069 
93.13 -0.0338715 2.2093 
93.14 0.172403 2.1651 
93.15 0.373488 2.09953 
93.16 0.567471 2.01487 
93.17 0.752685 1.91399 
93.18 0.927748 1.80004 
93.19 1.09158 1.67618 
93.2 1.24339 1.54538 
93.21 1.38264 1.41022 
93.22 1.50904 1.27281 
93.23 1.62244 1.13478 
93.24 1.72286 0.997318 
93.25 1.81037 0.861163 
93.26 1.88514 0.726724 
93.27 1.94732 0.594126 
93.28 1.99708 0.463284 
93.29 2.03459 0.33396 
93.3 2.05997 0.205821 
93.31 2.07332 0.078479 
93.32 2.07468 -0.0484643 
93.33 2.06409 -0.175387 
93.34 2.04153 -0.302614 
93.35 2.00695 -0.430386 
93.36 1.9603 -0.558828 
93.37 1.90152 -0.687916 
93.38 1.83055 -0.81744 
93.39 1.74736 -0.946971 
93.4 1.652 -1.07582 
93.41 1.54457 -1.20301 
93.42 1.42528 -1.32724 
93.43 1.29449 -1.44691 
93.44 1.15271 -1.56011 
93.45 1.00065 -1.66471 
93.46 0.839233 -1.75845 
93.47 0.669584 -1.83905 
93.48 0.493043 -1.90442 
93.49 0.311132 -1.95286 
93.5 0.125505 -1.98318 
93.51 -0.0621008 -1.9949 
93.52 -0.249938 -1.98827 
93.53 -0.43632 -1.96431 
93.54 -0.619687 -1.92469 
93.55 -0.798663 -1.87158 
93.56 -0.972092 -1.80748 
93.57 -1.13906 -1.73501 
93.58 -1.2989 -1.65671 
93.59 -1.45118 -1.57493 
93.6 -1.59567 -1.49174 
93.61 -1.73232 -1.40881 
93.62 -1.86121 -1.32748 
93.63 -1.98255 -1.24871 
93.64 -2.09661 -1.17315 
93.65 -2.20371 -1.10118 
93.66 -2.30421 -1.03294 
93.67 -2.39845 -0.968406 
93.68 -2.48677 -0.907397 
93.69 -2.5695 -0.849643 
93.7 -2.64692 -0.794804 
93.71 -2.7193 -0.742495 
93.72 -2.78685 -0.692308 
93.73 -2.84975 -0.64383 
93.74 -2.90814 -0.596649 
93.75 -2.96214 -0.550368 
93.76 -3.0118 -0.504607 
93.77 -3.05716 -0.459011 
93.78 -3.09822 -0.413248 
93.79 -3.13494 -0.367015 
93.8 3.11591 -0.320034 
93.81 3.08804 -0.272053 
93.82 3.06476 -0.222846 
93.83 3.04617 -0.172208 
93.84 3.03244 -0.119955 
93.85 3.0237 -0.0659212 
93.86 3.02015 -0.00995489 
93.87 3.02197 0.0480851 
93.88 3.02936 0.108332 
93.89 3.04253 0.170916 
93.9 3.06171 0.235965 
93.91 3.08715 0.303611 
93.92 3.11908 0.37399 
93.93 -3.12541 0.447242 
93.94 -3.07967 0.523511 
93.95 -3.02659 0.602943 
93.96 -2.96588 0.685679 
93.97 -2.89722 0.771841 
93.98 -2.82027 0.86152 
93.99 -2.7347 0.954753 
94 -2.64019 1.05149 
94.01 -2.5364 1.15157 
94.02 -2.42304 1.25464 
94.03 -2.29984 1.36015 
94.04 -2.16663 1.46725 
94.05 -2.02329 1.57477 
94.06 -1.86986 1.68113 
94.07 -1.70654 1.78433 
94.08 -1.53374 1.88197 
94.09 -1.35211 1.97125 
94.1 -1.16259 2.04913 
94.11 -0.966379 2.1125 
94.12 -0.765005 2.15838 
94.13 -0.560237 2.18421 
94.14 -0.354057 2.18813 
94.15 -0.148585 2.16916 
94.16 0.0540165 2.12732 
94.17 0.251631 2.06363 
94.18 0.442284 1.97999 
94.19 0.62421 1.87894 
94.2 0.795905 1.76341 
94.21 0.956149 1.63645 
94.22 1.104 1.50099 
94.23 1.2388 1.35967 
94.24 1.36008 1.2147 
94.25 1.4676 1.06788 
94.26 1.56125 0.920536 
94.27 1.64103 0.773595 
94.28 1.707 0.627641 
94.29 1.75928 0.482975 
94.3 1.79799 0.339684 
94.31 1.82326 0.19771 
94.32 1.8352 0.056907 
94.33 1.83392 -0.0829063 
94.34 1.81951 -0.221897 
94.35 1.79204 -0.360173 
94.36 1.75156 -0.497743 
94.37 1.69816 -0.634471 
94.38 1.63193 -0.770045 
94.39 1.553 -0.903933 
94.4 1.46156 -1.03535 
94.41 1.35789 -1.16326 
94.42 1.24239 -1.28632 
94.43 1.11558 -1.40295 
94.44 0.978158 -1.51134 
94.45 0.830987 -1.60953 
94.46 0.675124 -1.69553 
94.47 0.511807 -1.76748 
94.48 0.34244 -1.82375 
94.49 0.16856 -1.86315 
94.5 -0.00820811 -1.88505 
94.51 -0.18621 -1.88945 
94.52 -0.363821 -1.87699 
94.53 -0.539508 -1.84896 
94.54 -0.711884 -1.80712 
94.55 -0.879747 -1.75361 
94.56 -1.0421 -1.69074 
94.57 -1.19818 -1.62088 
94.58 -1.34744 -1.54625 
94.59 -1.48951 -1.46887 
94.6 -1.62422 -1.39045 
94.61 -1.75155 -1.31241 
94.62 -1.87159 -1.23582 
94.63 -1.9845 -1.16146 
94.64 -2.09052 -1.08982 
94.65 -2.18994 -1.02118 
94.66 -2.28303 -0.955615 
94.67 -2.37007 -0.893046 
94.68 -2.45136 -0.833282 
94.69 -2.52713 -0.776047 
94.7 -2.59761 -0.721007 
94.71 -2.663 -0.66779 
94.72 -2.72343 -0.616005 
94.73 -2.77904 -0.565253 
94.74 -2.8299 -0.515139 
94.75 -2.87605 -0.465276 
94.76 -2.9175 -0.415296 
94.77 -2.95422 -0.364846 
94.78 -2.98615 -0.313594 
94.79 -3.01319 -0.261229 
94.8 -3.03524 -0.207462 
94.81 -3.05215 -0.15202 
94.82 -3.06375 -0.0946509 
94.83 -3.06983 -0.0351166 
94.84 -3.0702 0.0268072 
94.85 -3.06462 0.0913344 
94.86 -3.05282 0.15867 
94.87 -3.03454 0.229015 
94.88 -3.00948 0.302562 
94.89 -2.97733 0.379502 
94.9 -2.93777 0.460019 
94.91 -2.89044 0.544288 
94.92 -2.835 0.632465 
94.93 -2.77105 0.724679 
94.94 -2.69823 0.821013 
94.95 -2.61613 0.921479 
94.96 -2.52438 1.02599 
94.97 -2.4226 1.1343 
94.98 -2.31045 1.24601 
94.99 -2.18764 1.36042 
95 -2.05396 1.47655 
95.01 -1.9093 1.59305 
95.02 -1.75373 1.70813 
95.03 -1.58746 1.81957 
95.04 -1.41096 1.92471 
95.05 -1.22498 2.02056 
95.06 -1.03053 2.10389 
95.07 -0.828939 2.17149 
95.08 -0.621843 2.22041 
95.09 -0.411117 2.24825 
95.1 -0.198827 2.25347 
95.11 0.0128601 2.2355 
95.12 0.221776 2.19489 
95.13 0.425852 2.1332 
95.14 0.62321 2.05282 
95.15 0.812227 1.95675 
95.16 0.991575 1.84824 
95.17 1.16024 1.73051 
95.18 1.31748 1.60659 
95.19 1.46286 1.47907 
95.2 1.59614 1.35007 
95.21 1.71726 1.22123 
95.22 1.82628 1.09368 
95.23 1.92337 0.968147 
95.24 2.00874 0.844992 
95.25 2.08263 0.724293 
95.26 2.14524 0.605909 
95.27 2.1968 0.489538 
95.28 2.23747 0.374773 
95.29 2.26738 0.261137 
95.3 2.28661 0.148123 
95.31 2.29521 0.0352157 
95.32 2.29315 -0.078084 
95.33 2.28037 -0.192238 
95.34 2.25678 -0.307651 
95.35 2.22225 -0.424657 
95.36 2.1766 -0.543489 
95.37 2.11966 -0.664257 
95.38 2.05126 -0.786919 
95.39 1.97121 -0.911243 
95.4 1.87939 -1.03677 
95.41 1.77572 -1.16276 
95.42 1.66018 -1.28818 
95.43 1.53291 -1.41165 
95.44 1.39417 -1.53143 
95.45 1.24439 -1.64546 
95.46 1.08423 -1.75139 
95.47 0.914574 -1.84669 
95.48 0.736538 -1.92881 
95.49 0.551482 -1.99536 
95.5 0.360972 -2.04432 
95.51 0.166737 -2.0743 
95.52 -0.0293958 -2.08461 
95.53 -0.225575 -2.07547 
95.54 -0.420009 -2.04788 
95.55 -0.61104 -2.00365 
95.56 -0.797204 -1.94512 
95.57 -0.977283 -1.87503 
95.58 -1.15032 -1.79622 
95.59 -1.31562 -1.71146 
95.6 -1.47276 -1.62331 
95.61 -1.62151 -1.53395 
95.62 -1.76185 -1.44519 
95.63 -1.89391 -1.35842 
95.64 -2.01793 -1.27463 
95.65 -2.13421 -1.19447 
95.66 -2.24312 -1.11831 
95.67 -2.34505 -1.04625 
95.68 -2.44037 -0.978227 
95.69 -2.52947 -0.914017 
95.7 -2.61268 -0.85331 
95.71 -2.69031 -0.795725 
95.72 -2.76265 -0.740841 
95.73 -2.82993 -0.68822 
95.74 -2.89233 -0.63742 
95.75 -2.95002 -0.588009 
95.76 -3.0031 -0.539573 
95.77 -3.05165 -0.49172 
95.78 -3.09569 -0.444085 
95.79 -3.13525 -0.396333 
95.8 3.1129 -0.348157 
95.81 3.08243 -0.29928 
95.82 3.05661 -0.249453 
95.83 3.03553 -0.198453 
95.84 3.01933 -0.14608 
95.85 3.00813 -0.0921547 
95.86 3.00209 -0.0365169 
95.87 3.00138 0.0209814 
95.88 3.00618 0.0804776 
95.89 3.01669 0.142103 
95.9 3.0331 0.205985 
95.91 3.05564 0.272254 
95.92 3.08455 0.341041 
95.93 3.12006 0.412485 
95.94 -3.12076 0.486728 
95.95 -3.07125 0.563916 
95.96 -3.01433 0.644195 
95.97 -2.9497 0.727701 
95.98 -2.87705 0.814549 
95.99 -2.79605 0.904811 
96 -2.70638 0.998497 
96.01 -2.60773 1.09552 
96.02 -2.49979 1.19565 
96.03 -2.38229 1.29847 
96.04 -2.255 1.40332 
96.05 -2.11776 1.50925 
96.06 -1.97055 1.61493 
96.07 -1.81346 1.71865 
96.08 -1.64677 1.81826 
96.09 -1.47098 1.91123 
96.1 -1.28686 1.99468 
96.11 -1.09545 2.06555 
96.12 -0.898074 2.12079 
96.13 -0.696343 2.15758 
96.14 -0.492109 2.17363 
96.15 -0.287406 2.1674 
96.16 -0.0843678 2.1383 
96.17 0.114858 2.0867 
96.18 0.30821 2.01395 
96.19 0.493789 1.92218 
96.2 0.669924 1.81407 
96.21 0.835214 1.69256 
96.22 0.988538 1.56064 
96.23 1.12905 1.42112 
96.24 1.25615 1.27645 
96.25 1.36946 1.12869 
96.26 1.46876 0.979444 
96.27 1.55397 0.829903 
96.28 1.6251 0.680875 
96.29 1.68224 0.532856 
96.3 1.72549 0.386095 
96.31 1.75497 0.240663 
96.32 1.7708 0.0965127 
96.33 1.7731 -0.0464567 
96.34 1.76199 -0.188352 
96.35 1.73755 -0.329237 
96.36 1.69988 -0.469084 
96.37 1.64909 -0.607732 
96.38 1.5853 -0.744851 
96.39 1.50869 -0.879898 
96.4 1.41947 -1.01209 
96.41 1.31798 -1.14039 
96.42 1.20463 -1.26349 
96.43 1.07998 -1.37983 
96.44 0.944761 -1.48765 
96.45 0.799859 -1.58506 
96.46 0.646344 -1.67015 
96.47 0.485464 -1.74115 
96.48 0.318621 -1.79652 
96.49 0.147345 -1.83517 
96.5 -0.0267592 -1.85654 
96.51 -0.202059 -1.86067 
96.52 -0.376957 -1.84826 
96.53 -0.549951 -1.82058 
96.54 -0.71968 -1.77936 
96.55 -0.884965 -1.72671 
96.56 -1.04483 -1.66488 
96.57 -1.19853 -1.59614 
96.58 -1.34551 -1.52267 
96.59 -1.48541 -1.44641 
96.6 -1.61806 -1.36904 
96.61 -1.74341 -1.2919 
96.62 -1.86155 -1.21606 
96.63 -1.97263 -1.14225 
96.64 -2.07686 -1.07098 
96.65 -2.17451 -1.00249 
96.66 -2.26583 -0.936864 
96.67 -2.3511 -0.874025 
96.68 -2.43057 -0.813785 
96.69 -2.50448 -0.755871 
96.7 -2.57302 -0.699953 
96.71 -2.63637 -0.645663 
96.72 -2.69466 -0.592613 
96.73 -2.748 -0.540408 
96.74 -2.79644 -0.488651 
96.75 -2.84001 -0.436957 
96.76 -2.8787 -0.384954 
96.77 -2.91245 -0.332286 
96.78 -2.9412 -0.278616 
96.79 -2.96483 -0.223626 
96.8 -2.9832 -0.167015 
96.81 -2.99615 -0.108502 
96.82 -3.00349 -0.0478199 
96.83 -3.005 0.0152826 
96.84 -3.00044 0.0810459 
96.85 -2.98955 0.1497 
96.86 -2.97205 0.221467 
96.87 -2.94762 0.296561 
96.88 -2.91596 0.375188 
96.89 -2.87672 0.457543 
96.9 -2.82953 0.543809 
96.91 -2.77403 0.634141 
96.92 -2.70982 0.728661 
96.93 -2.6365 0.827432 
96.94 -2.55368 0.930438 
96.95 -2.46095 1.03755 
96.96 -2.35795 1.14846 
96.97 -2.24435 1.26268 
96.98 -2.11985 1.37943 
96.99 -1.98427 1.49761 
97 -1.83755 1.61572 
97.01 -1.67978 1.73184 
97.02 -1.51126 1.8436 
97.03 -1.33251 1.94823 
97.04 -1.14437 2.04264 
97.05 -0.947933 2.1236 
97.06 -0.744633 2.18795 
97.07 -0.536165 2.23291 
97.08 -0.324463 2.25634 
97.09 -0.111623 2.25701 
97.1 0.100194 2.23473 
97.11 0.308858 2.19041 
97.12 0.512376 2.12594 
97.13 0.708967 2.04396 
97.14 0.897126 1.94761 
97.15 1.07565 1.84018 
97.16 1.24366 1.7249 
97.17 1.40055 1.60467 
97.18 1.54597 1.48197 
97.19 1.67979 1.35879 
97.2 1.80203 1.2366 
97.21 1.91285 1.11641 
97.22 2.01245 0.998822 
97.23 2.10111 0.8841 
97.24 2.17909 0.772243 
97.25 2.24666 0.663044 
97.26 2.30404 0.556154 
97.27 2.35145 0.451125 
97.28 2.38902 0.347446 
97.29 2.41686 0.244578 
97.3 2.43503 0.141971 
97.31 2.44352 0.0390842 
97.32 2.44228 -0.0645989 
97.33 2.43121 -0.169561 
97.34 2.41018 -0.276237 
97.35 2.37899 -0.385003 
97.36 2.33745 -0.496159 
97.37 2.28531 -0.60991 
97.38 2.22233 -0.726344 
97.39 2.14825 -0.845397 
97.4 2.06284 -0.966822 
97.41 1.96589 -1.09014 
97.42 1.85726 -1.2146 
97.43 1.7369 -1.33914 
97.44 1.60484 -1.46233 
97.45 1.46132 -1.58237 
97.46 1.30671 -1.6971 
97.47 1.14164 -1.80405 
97.48 0.966969 -1.90052 
97.49 0.783809 -1.98377 
97.5 0.593533 -2.0512 
97.51 0.397737 -2.10062 
97.52 0.198203 -2.13041 
97.53 -0.00317772 -2.1398 
97.54 -0.204479 -2.12889 
97.55 -0.40383 -2.09872 
97.56 -0.599495 -2.05112 
97.57 -0.789946 -1.98857 
97.58 -0.973906 -1.91392 
97.59 -1.15038 -1.83019 
97.6 -1.31864 -1.74028 
97.61 -1.47824 -1.64687 
97.62 -1.62896 -1.55225 
97.63 -1.77078 -1.45829 
97.64 -1.90383 -1.36641 
97.65 -2.02836 -1.27763 
97.66 -2.14469 -1.1926 
97.67 -2.2532 -1.11165 
97.68 -2.35428 -1.03488 
97.69 -2.44831 -0.96217 
97.7 -2.53567 -0.893287 
97.71 -2.6167 -0.827879 
97.72 -2.69171 -0.765534 
97.73 -2.76098 -0.705803 
97.74 -2.82472 -0.648223 
97.75 -2.88312 -0.592328 
97.76 -2.93631 -0.537665 
97.77 -2.98439 -0.483802 
97.78 -3.02742 -0.43033 
97.79 -3.06541 -0.37687 
97.8 -3.09835 -0.32307 
97.81 -3.12619 -0.268609 
97.82 3.13433 -0.213192 
97.83 3.11694 -0.156552 
97.84 3.10495 -0.0984447 
97.85 3.09852 -0.0386443 
97.86 3.09781 0.0230566 
97.87 3.10301 0.0868531 
97.88 3.11433 0.152931 
97.89 3.13198 0.221469 
97.9 -3.12697 0.292645 
97.91 -3.0959 0.366634 
97.92 -3.05771 0.443611 
97.93 -3.01213 0.523747 
97.94 -2.95885 0.60721 
97.95 -2.89753 0.69415 
97.96 -2.82786 0.784692 
97.97 -2.74948 0.878916 
97.98 -2.66206 0.976831 
97.99 -2.56523 1.07834 
98 -2.45868 1.18321 
98.01 -2.34211 1.29099 
98.02 -2.21528 1.40099 
98.03 -2.07801 1.51221 
98.04 -1.93026 1.62326 
98.05 -1.77212 1.73234 
98.06 -1.60389 1.83722 
98.07 -1.42607 1.93525 
98.08 -1.23946 2.02344 
98.09 -1.04512 2.09862 
98.1 -0.844439 2.15767 
98.11 -0.63907 2.19772 
98.12 -0.430915 2.2165 
98.13 -0.222056 2.21257 
98.14 -0.0146621 2.18544 
98.15 0.189099 2.13571 
98.16 0.387164 2.06494 
98.17 0.577655 1.97547 
98.18 0.758943 1.87018 
98.19 0.929685 1.7522 
98.2 1.08883 1.62464 
98.21 1.23561 1.49034 
98.22 1.36952 1.3518 
98.23 1.49025 1.21104 
98.24 1.59767 1.06961 
98.25 1.69178 0.928606 
98.26 1.77265 0.788741 
98.27 1.8404 0.650389 
98.28 1.89519 0.513663 
98.29 1.93717 0.378483 
98.3 1.96648 0.244636 
98.31 1.98323 0.111829 
98.32 1.98749 -0.0202688 
98.33 1.97933 -0.151976 
98.34 1.95876 -0.283571 
98.35 1.92579 -0.415249 
98.36 1.8804 -0.54709 
98.37 1.82258 -0.679025 
98.38 1.75234 -0.810794 
98.39 1.66971 -0.941914 
98.4 1.57478 -1.07164 
98.41 1.46773 -1.19895 
98.42 1.34885 -1.3225 
98.43 1.21856 -1.44066 
98.44 1.07748 -1.55154 
98.45 0.926364 -1.65306 
98.46 0.766216 -1.74303 
98.47 0.598218 -1.81934 
98.48 0.423751 -1.8801 
98.49 0.244354 -1.92382 
98.5 0.061682 -1.94958 
98.51 -0.122556 -1.95713 
98.52 -0.30666 -1.94694 
98.53 -0.489009 -1.9202 
98.54 -0.668121 -1.87865 
98.55 -0.842702 -1.8245 
98.56 -1.01168 -1.7602 
98.57 -1.17421 -1.68826 
98.58 -1.3297 -1.61112 
98.59 -1.47775 -1.53096 
98.6 -1.61819 -1.44971 
98.61 -1.75097 -1.36891 
98.62 -1.87621 -1.28977 
98.63 -1.9941 -1.21316 
98.64 -2.1049 -1.13965 
98.65 -2.20894 -1.06957 
98.66 -2.30654 -1.003 
98.67 -2.39803 -0.939902 
98.68 -2.48372 -0.88008 
98.69 -2.56392 -0.823257 
98.7 -2.63889 -0.769091 
98.71 -2.70886 -0.717204 
98.72 -2.77404 -0.667192 
98.73 -2.83457 -0.61865 
98.74 -2.89058 -0.571175 
98.75 -2.94215 -0.524377 
98.76 -2.98933 -0.477885 
98.77 -3.03213 -0.431348 
98.78 -3.07053 -0.384439 
98.79 -3.10448 -0.336857 
98.8 -3.1339 -0.288326 
98.81 3.12449 -0.238591 
98.82 3.10445 -0.187424 
98.83 3.08931 -0.134612 
98.84 3.07922 -0.0799653 
98.85 3.07438 -0.023305 
98.86 3.07498 0.0355337 
98.87 3.08123 0.0967075 
98.88 3.09336 0.160368 
98.89 3.11161 0.226664 
98.9 3.13623 0.295745 
98.91 -3.11568 0.367763 
98.92 -3.07748 0.442871 
98.93 -3.03205 0.521224 
98.94 -2.97909 0.602975 
98.95 -2.91825 0.688265 
98.96 -2.84921 0.777212 
98.97 -2.77161 0.869897 
98.98 -2.6851 0.966333 
98.99 -2.58934 1.06644 
99 -2.48397 1.17 
99.01 -2.3687 1.27661 
99.02 -2.24327 1.38562 
99.03 -2.10749 1.49607 
99.04 -1.96128 1.60666 
99.05 -1.80472 1.71565 
99.06 -1.63804 1.82089 
99.07 -1.46173 1.9198 
99.08 -1.27651 2.00943 
99.09 -1.0834 2.08664 
99.1 -0.883731 2.14827 
99.11 -0.679106 2.1914 
99.12 -0.471387 2.21362 
99.13 -0.262628 2.21332 
99.14 -0.0549912 2.18985 
99.15 0.149351 2.14359 
99.16 0.348308 2.07593 
99.17 0.539964 1.9891 
99.18 0.72264 1.8859 
99.19 0.894937 1.76941 
99.2 1.05575 1.64275 
99.21 1.20426 1.50884 
99.22 1.33991 1.37023 
99.23 1.46236 1.22902 
99.24 1.57145 1.08686 
99.25 1.66714 0.944922 
99.26 1.74949 0.803977 
99.27 1.81863 0.664461 
99.28 1.87469 0.526536 
99.29 1.91783 0.390159 
99.3 1.94818 0.255144 
99.31 1.96586 0.12122 
99.32 1.97096 -0.0119273 
99.33 1.96354 -0.144605 
99.34 1.94362 -0.277082 
99.35 1.91123 -0.409546 
99.36 1.86634 -0.542072 
99.37 1.80897 -0.674583 
99.38 1.73912 -0.806815 
99.39 1.65685 -0.938279 
99.4 1.56225 -1.06823 
99.41 1.45551 -1.19563 
99.42 1.33695 -1.31914 
99.43 1.20699 -1.43715 
99.44 1.06624 -1.54776 
99.45 0.915504 -1.6489 
99.46 0.755769 -1.73841 
99.47 0.588231 -1.8142 
99.48 0.414274 -1.87441 
99.49 0.235439 -1.91759 
99.5 0.0533771 -1.94286 
99.51 -0.130207 -1.94998 
99.52 -0.313621 -1.93947 
99.53 -0.495255 -1.91251 
99.54 -0.673637 -1.87087 
99.55 -0.847484 -1.81673 
99.56 -1.01573 -1.75254 
99.57 -1.17755 -1.6808 
99.58 -1.33235 -1.60391 
99.59 -1.47974 -1.52406 
99.6 -1.61954 -1.44312 
99.61 -1.75171 -1.36263 
99.62 -1.87637 -1.28379 
99.63 -1.99371 -1.20745 
99.64 -2.10399 -1.13418 
99.65 -2.20752 -1.06428 
99.66 -2.30463 -0.997865 
99.67 -2.39564 -0.934862 
99.68 -2.48086 -0.875087 
99.69 -2.56059 -0.818261 
99.7 -2.63508 -0.764044 
99.71 -2.70458 -0.712056 
99.72 -2.76926 -0.661898 
99.73 -2.82929 -0.613163 
99.74 -2.88477 -0.56545 
99.75 -2.93579 -0.51837 
99.76 -2.98239 -0.471551 
99.77 -3.02457 -0.424643 
99.78 -3.06232 -0.377321 
99.79 -3.09557 -0.32928 
99.8 -3.12426 -0.280244 
99.81 3.13492 -0.229959 
99.82 3.11572 -0.17819 
99.83 3.10148 -0.124726 
99.84 3.09236 -0.0693706 
99.85 3.08855 -0.0119436 
99.86 3.09026 0.047725 
99.87 3.0977 0.109796 
99.88 3.11111 0.174427 
99.89 3.13073 0.241772 
99.9 -3.12635 0.311986 
99.91 -3.0935 0.385224 
99.92 -3.05359 0.461646 
99.93 -3.00633 0.541407 
99.94 -2.95139 0.62466 
99.95 -2.88843 0.711542 
99.96 -2.81712 0.802161 
99.97 -2.73709 0.896578 
99.98 -2.64798 0.994781 
99.99 -2.54945 1.09665 
100 -2.44116 1.2019 
