60.01 -0.0322893 2.02371 
60.02 0.15852 2.02242 
60.03 0.34834 2.00296 
60.04 0.53552 1.96677 
60.05 0.718577 1.9159 
60.06 0.89624 1.85279 
60.07 1.06748 1.78011 
60.08 1.23152 1.70053 
60.09 1.38783 1.61654 
60.1 1.53611 1.53038 
60.11 1.67623 1.44391 
60.12 1.80825 1.35863 
60.13 1.93233 1.27564 
60.14 2.04873 1.19573 
60.15 2.15775 1.11936 
60.16 2.25976 1.04675 
60.17 2.3551 0.977914 
60.18 2.44412 0.912709 
60.19 2.52715 0.850884 
60.2 2.60451 0.792104 
60.21 2.67645 0.735981 
60.22 2.74321 0.682101 
60.23 2.80498 0.630035 
60.24 2.86191 0.579356 
60.25 2.91412 0.529648 
60.26 2.96167 0.480512 
60.27 3.0046 0.431572 
60.28 3.04291 0.382475 
60.29 3.07658 0.332893 
60.3 3.10554 0.282527 
60.31 3.12971 0.231099 
60.32 -3.13422 0.178357 
60.33 -3.12 0.12407 
60.34 -3.11097 0.068024 
60.35 -3.10732 0.0100226 
60.36 -3.10923 -0.050119 
60.37 -3.11691 -0.112576 
60.38 -3.1306 -0.177518 
60.39 3.13266 -0.245109 
60.4 3.10624 -0.315517 
60.41 3.07304 -0.388904 
60.42 3.03278 -0.465436 
60.43 2.98516 -0.545275 
60.44 2.92985 -0.628574 
60.45 2.86653 -0.71547 
60.46 2.79484 -0.806067 
60.47 2.71445 -0.900419 
60.48 2.62499 -0.9985 
60.49 2.52611 -1.10017 
60.5 2.4175 -1.20513 
60.51 2.29887 -1.31287 
60.52 2.16998 -1.42262 
60.53 2.03069 -1.53327 
60.54 1.881 -1.64334 
60.55 1.72104 -1.75091 
60.56 1.55115 -1.85366 
60.57 1.37191 -1.94885 
60.58 1.18417 -2.03348 
60.59 0.989088 -2.10439 
60.6 0.788089 -2.15853 
60.61 0.582887 -2.19321 
60.62 0.375421 -2.20638 
60.63 0.167781 -2.19682 
60.64 -0.0378747 -2.16436 
60.65 -0.239418 -2.10982 
60.66 -0.434844 -2.03496 
60.67 -0.622352 -1.94227 
60.68 -0.800396 -1.83467 
60.69 -0.967718 -1.71528 
60.7 -1.12335 -1.58712 
60.71 -1.2666 -1.45294 
60.72 -1.39701 -1.31511 
60.73 -1.51434 -1.1755 
60.74 -1.61848 -1.03556 
60.75 -1.70946 -0.896272 
60.76 -1.78736 -0.758263 
60.77 -1.85234 -0.621838 
60.78 -1.90453 -0.487063 
60.79 -1.9441 -0.353821 
60.8 -1.97117 -0.221878 
60.81 -1.98586 -0.0909277 
60.82 -1.98824 0.0393614 
60.83 -1.97836 0.169308 
60.84 -1.95624 0.299181 
60.85 -1.92188 0.429165 
60.86 -1.87526 0.559327 
60.87 -1.81637 0.689582 
60.88 -1.74521 0.819654 
60.89 -1.66183 0.949041 
60.9 -1.56631 1.07699 
60.91 -1.45884 1.20245 
60.92 -1.33972 1.32408 
60.93 -1.20938 1.44027 
60.94 -1.06843 1.54911 
60.95 -0.917645 1.64854 
60.96 -0.75802 1.73642 
60.97 -0.590744 1.81067 
60.98 -0.417189 1.86943 
60.99 -0.238887 1.91128 
61 -0.0574781 1.93534 
61.01 0.125345 1.94138 
61.02 0.307903 1.92992 
61.03 0.488596 1.90211 
61.04 0.665961 1.85971 
61.05 0.838724 1.80488 
61.06 1.00583 1.74004 
61.07 1.16644 1.66765 
61.08 1.31996 1.59009 
61.09 1.46602 1.50952 
61.1 1.60441 1.4278 
61.11 1.7351 1.34644 
61.12 1.85819 1.26663 
61.13 1.97386 1.18921 
61.14 2.08237 1.11474 
61.15 2.18401 1.04352 
61.16 2.27909 0.975664 
61.17 2.36793 0.911096 
61.18 2.45084 0.849628 
61.19 2.52808 0.790981 
61.2 2.59992 0.734811 
61.21 2.66656 0.680739 
61.22 2.72819 0.628359 
61.23 2.78495 0.577263 
61.24 2.83693 0.527043 
61.25 2.88421 0.477304 
61.26 2.9268 0.427666 
61.27 2.96471 0.37777 
61.28 2.99789 0.327278 
61.29 3.02628 0.275874 
61.3 3.04976 0.223264 
61.31 3.06822 0.169175 
61.32 3.0815 0.113352 
61.33 3.08944 0.0555598 
61.34 3.09182 -0.00442519 
61.35 3.08845 -0.0668132 
61.36 3.07907 -0.131806 
61.37 3.06344 -0.199597 
61.38 3.04128 -0.270378 
61.39 3.01231 -0.344335 
61.4 2.97621 -0.421649 
61.41 2.93266 -0.502498 
61.42 2.88132 -0.587045 
61.43 2.82184 -0.675435 
61.44 2.75384 -0.767779 
61.45 2.67696 -0.864134 
61.46 2.5908 -0.964476 
61.47 2.49501 -1.06867 
61.48 2.38924 -1.17642 
61.49 2.27316 -1.28722 
61.5 2.14653 -1.4003 
61.51 2.00917 -1.51455 
61.52 1.86106 -1.62849 
61.53 1.7023 -1.74022 
61.54 1.5332 -1.84737 
61.55 1.35433 -1.94722 
61.56 1.16652 -2.03671 
61.57 0.970884 -2.11265 
61.58 0.768859 -2.17195 
61.59 0.562143 -2.21185 
61.6 0.352668 -2.23026 
61.61 0.142526 -2.22594 
61.62 -0.0661242 -2.1987 
61.63 -0.271154 -2.14939 
61.64 -0.470563 -2.07982 
61.65 -0.662555 -1.99254 
61.66 -0.845603 -1.89056 
61.67 -1.01847 -1.77709 
61.68 -1.18022 -1.65523 
61.69 -1.33021 -1.52782 
61.7 -1.46802 -1.39728 
61.71 -1.59346 -1.26552 
61.72 -1.70648 -1.13401 
61.73 -1.80715 -1.00375 
61.74 -1.89564 -0.875335 
61.75 -1.97212 -0.749046 
61.76 -2.0368 -0.624904 
61.77 -2.08987 -0.502735 
61.78 -2.13152 -0.382227 
61.79 -2.16186 -0.262979 
61.8 -2.18102 -0.144539 
61.81 -2.18903 -0.0264402 
61.82 -2.1859 0.0917744 
61.83 -2.17162 0.210524 
61.84 -2.14611 0.330167 
61.85 -2.10927 0.450977 
61.86 -2.06098 0.573116 
61.87 -2.00112 0.696606 
61.88 -1.92956 0.821294 
61.89 -1.84622 0.946817 
61.9 -1.75103 1.07256 
61.91 -1.64401 1.19764 
61.92 -1.52528 1.32083 
61.93 -1.3951 1.4406 
61.94 -1.25386 1.55509 
61.95 -1.10217 1.66217 
61.96 -0.940829 1.75951 
61.97 -0.77087 1.84472 
61.98 -0.593547 1.91549 
61.99 -0.410316 1.96984 
62 -0.222802 2.00625 
62.01 -0.0327414 2.02387 
62.02 0.158085 2.02261 
62.03 0.347924 2.00318 
62.04 0.535127 1.96702 
62.05 0.718208 1.91616 
62.06 0.895896 1.85307 
62.07 1.06716 1.78039 
62.08 1.23123 1.70081 
62.09 1.38757 1.61682 
62.1 1.53587 1.53064 
62.11 1.67602 1.44416 
62.12 1.80806 1.35886 
62.13 1.93216 1.27586 
62.14 2.04858 1.19594 
62.15 2.15762 1.11955 
62.16 2.25964 1.04692 
62.17 2.35499 0.97807 
62.18 2.44403 0.912853 
62.19 2.52708 0.851015 
62.2 2.60444 0.792223 
62.21 2.6764 0.736091 
62.22 2.74317 0.682202 
62.23 2.80495 0.630127 
62.24 2.86189 0.579442 
62.25 2.9141 0.529728 
62.26 2.96166 0.480588 
62.27 3.0046 0.431644 
62.28 3.04292 0.382543 
62.29 3.07659 0.332959 
62.3 3.10556 0.282591 
62.31 3.12973 0.231163 
62.32 -3.13419 0.17842 
62.33 -3.11996 0.124133 
62.34 -3.11093 0.0680876 
62.35 -3.10727 0.0100873 
62.36 -3.10917 -0.0500526 
62.37 -3.11685 -0.112507 
62.38 -3.13053 -0.177446 
62.39 3.13274 -0.245035 
62.4 3.10632 -0.315439 
62.41 3.07313 -0.388822 
62.42 3.03288 -0.465349 
62.43 2.98526 -0.545183 
62.44 2.92996 -0.628476 
62.45 2.86665 -0.715366 
62.46 2.79498 -0.805957 
62.47 2.71459 -0.900302 
62.48 2.62514 -0.998377 
62.49 2.52628 -1.10004 
62.5 2.41768 -1.20499 
62.51 2.29906 -1.31273 
62.52 2.17018 -1.42248 
62.53 2.03092 -1.53312 
62.54 1.88124 -1.64319 
62.55 1.72129 -1.75076 
62.56 1.55141 -1.85351 
62.57 1.37218 -1.94872 
62.58 1.18446 -2.03336 
62.59 0.989387 -2.10429 
62.6 0.788396 -2.15845 
62.61 0.583201 -2.19316 
62.62 0.375738 -2.20635 
62.63 0.1681 -2.19682 
62.64 -0.0375574 -2.16439 
62.65 -0.239105 -2.10988 
62.66 -0.434538 -2.03505 
62.67 -0.622055 -1.94237 
62.68 -0.80011 -1.83479 
62.69 -0.967443 -1.71541 
62.7 -1.12309 -1.58726 
62.71 -1.26635 -1.45308 
62.72 -1.39678 -1.31524 
62.73 -1.51411 -1.17563 
62.74 -1.61827 -1.03568 
62.75 -1.70926 -0.896392 
62.76 -1.78718 -0.758374 
62.77 -1.85216 -0.62194 
62.78 -1.90436 -0.487155 
62.79 -1.94394 -0.353904 
62.8 -1.97102 -0.221951 
62.81 -1.98571 -0.0909922 
62.82 -1.9881 0.0393052 
62.83 -1.97822 0.169259 
62.84 -1.95611 0.299139 
62.85 -1.92175 0.42913 
62.86 -1.87514 0.559298 
62.87 -1.81625 0.689557 
62.88 -1.74509 0.819632 
62.89 -1.66171 0.949022 
62.9 -1.56619 1.07697 
62.91 -1.45873 1.20243 
62.92 -1.33961 1.32407 
62.93 -1.20927 1.44025 
62.94 -1.06832 1.54908 
62.95 -0.917537 1.64851 
62.96 -0.757916 1.73639 
62.97 -0.590643 1.81063 
62.98 -0.417092 1.86939 
62.99 -0.238794 1.91123 
63 -0.0573906 1.93528 
63.01 0.125427 1.94132 
63.02 0.307979 1.92985 
63.03 0.488665 1.90204 
63.04 0.666024 1.85964 
63.05 0.83878 1.80481 
63.06 1.00587 1.73997 
63.07 1.16648 1.66758 
63.08 1.32 1.59003 
63.09 1.46605 1.50946 
63.1 1.60443 1.42774 
63.11 1.73512 1.34638 
63.12 1.8582 1.26657 
63.13 1.97387 1.18915 
63.14 2.08237 1.11469 
63.15 2.18401 1.04347 
63.16 2.27908 0.975617 
63.17 2.36792 0.91105 
63.18 2.45082 0.849583 
63.19 2.52806 0.790937 
63.2 2.59989 0.734768 
63.21 2.66653 0.680695 
63.22 2.72816 0.628315 
63.23 2.78491 0.577217 
63.24 2.83689 0.526996 
63.25 2.88416 0.477255 
63.26 2.92675 0.427616 
63.27 2.96466 0.377718 
63.28 2.99783 0.327223 
63.29 3.02621 0.275816 
63.3 3.04969 0.223202 
63.31 3.06814 0.169108 
63.32 3.08142 0.113282 
63.33 3.08935 0.0554843 
63.34 3.09172 -0.00450587 
63.35 3.08834 -0.0668995 
63.36 3.07895 -0.131898 
63.37 3.06331 -0.199696 
63.38 3.04115 -0.270485 
63.39 3.01216 -0.344449 
63.4 2.97605 -0.421772 
63.41 2.93249 -0.502629 
63.42 2.88114 -0.587186 
63.43 2.82165 -0.675586 
63.44 2.75363 -0.76794 
63.45 2.67673 -0.864306 
63.46 2.59056 -0.964659 
63.47 2.49476 -1.06886 
63.48 2.38896 -1.17662 
63.49 2.27286 -1.28743 
63.5 2.14621 -1.40052 
63.51 2.00884 -1.51477 
63.52 1.8607 -1.62872 
63.53 1.70192 -1.74044 
63.54 1.5328 -1.84759 
63.55 1.35391 -1.94742 
63.56 1.16608 -2.03689 
63.57 0.970432 -2.1128 
63.58 0.768394 -2.17206 
63.59 0.561668 -2.21192 
63.6 0.352188 -2.23029 
63.61 0.142045 -2.22593 
63.62 -0.0666015 -2.19864 
63.63 -0.271624 -2.1493 
63.64 -0.471022 -2.07969 
63.65 -0.663001 -1.99238 
63.66 -0.846032 -1.89038 
63.67 -1.01888 -1.77689 
63.68 -1.18062 -1.65503 
63.69 -1.33058 -1.52762 
63.7 -1.46837 -1.39707 
63.71 -1.59379 -1.26533 
63.72 -1.70679 -1.13383 
63.73 -1.80746 -1.00358 
63.74 -1.89592 -0.875181 
63.75 -1.97239 -0.748909 
63.76 -2.03706 -0.624783 
63.77 -2.09012 -0.502631 
63.78 -2.13176 -0.38214 
63.79 -2.1621 -0.262907 
63.8 -2.18124 -0.144483 
63.81 -2.18925 -0.0263983 
63.82 -2.18612 0.0918026 
63.83 -2.17184 0.210539 
63.84 -2.14632 0.33017 
63.85 -2.10948 0.45097 
63.86 -2.0612 0.5731 
63.87 -2.00134 0.696582 
63.88 -1.92979 0.821263 
63.89 -1.84644 0.946781 
63.9 -1.75125 1.07252 
63.91 -1.64424 1.1976 
63.92 -1.52552 1.32079 
63.93 -1.39534 1.44056 
63.94 -1.25411 1.55506 
63.95 -1.10242 1.66215 
63.96 -0.941075 1.75951 
63.97 -0.771116 1.84473 
63.98 -0.593791 1.91552 
63.99 -0.410557 1.96988 
64 -0.223037 2.00631 
64.01 -0.03297 2.02395 
64.02 0.157865 2.02271 
64.03 0.347714 2.00329 
64.04 0.534928 1.96714 
64.05 0.718022 1.91629 
64.06 0.895723 1.85321 
64.07 1.067 1.78054 
64.08 1.23108 1.70095 
64.09 1.38743 1.61695 
64.1 1.53575 1.53078 
64.11 1.67591 1.44429 
64.12 1.80796 1.35898 
64.13 1.93207 1.27597 
64.14 2.0485 1.19604 
64.15 2.15755 1.11964 
64.16 2.25958 1.04701 
64.17 2.35494 0.978149 
64.18 2.44399 0.912925 
64.19 2.52704 0.851081 
64.2 2.60441 0.792284 
64.21 2.67637 0.736146 
64.22 2.74315 0.682252 
64.23 2.80493 0.630174 
64.24 2.86188 0.579485 
64.25 2.91409 0.529769 
64.26 2.96165 0.480626 
64.27 3.00459 0.43168 
64.28 3.04292 0.382578 
64.29 3.0766 0.332993 
64.3 3.10557 0.282624 
64.31 3.12974 0.231194 
64.32 -3.13417 0.178452 
64.33 -3.11994 0.124165 
64.34 -3.11091 0.0681196 
64.35 -3.10725 0.0101198 
64.36 -3.10915 -0.0500193 
64.37 -3.11682 -0.112473 
64.38 -3.1305 -0.177411 
64.39 3.13277 -0.244998 
64.4 3.10636 -0.315399 
64.41 3.07317 -0.388781 
64.42 3.03293 -0.465306 
64.43 2.98532 -0.545137 
64.44 2.93002 -0.628427 
64.45 2.86671 -0.715314 
64.46 2.79504 -0.805902 
64.47 2.71466 -0.900244 
64.48 2.62522 -0.998315 
64.49 2.52636 -1.09997 
64.5 2.41777 -1.20493 
64.51 2.29916 -1.31266 
64.52 2.17029 -1.4224 
64.53 2.03103 -1.53305 
64.54 1.88135 -1.64311 
64.55 1.72141 -1.75069 
64.56 1.55154 -1.85344 
64.57 1.37232 -1.94865 
64.58 1.18461 -2.0333 
64.59 0.989537 -2.10424 
64.6 0.78855 -2.15841 
64.61 0.583358 -2.19313 
64.62 0.375898 -2.20634 
64.63 0.168259 -2.19683 
64.64 -0.0373984 -2.16441 
64.65 -0.238948 -2.10991 
64.66 -0.434385 -2.03509 
64.67 -0.621906 -1.94242 
64.68 -0.799966 -1.83485 
64.69 -0.967305 -1.71548 
64.7 -1.12296 -1.58733 
64.71 -1.26623 -1.45315 
64.72 -1.39666 -1.31531 
64.73 -1.514 -1.1757 
64.74 -1.61816 -1.03575 
64.75 -1.70916 -0.896452 
64.76 -1.78708 -0.75843 
64.77 -1.85207 -0.621991 
64.78 -1.90428 -0.487201 
64.79 -1.94386 -0.353945 
64.8 -1.97094 -0.221988 
64.81 -1.98564 -0.0910246 
64.82 -1.98803 0.039277 
64.83 -1.97816 0.169235 
64.84 -1.95604 0.299118 
64.85 -1.92169 0.429112 
64.86 -1.87507 0.559283 
64.87 -1.81619 0.689544 
64.88 -1.74503 0.819621 
64.89 -1.66165 0.949012 
64.9 -1.56613 1.07696 
64.91 -1.45867 1.20242 
64.92 -1.33955 1.32406 
64.93 -1.20921 1.44024 
64.94 -1.06826 1.54907 
64.95 -0.917483 1.6485 
64.96 -0.757863 1.73637 
64.97 -0.590592 1.81061 
64.98 -0.417043 1.86936 
64.99 -0.238748 1.9112 
65 -0.0573468 1.93525 
65.01 0.125468 1.94129 
65.02 0.308017 1.92981 
65.03 0.4887 1.902 
65.04 0.666055 1.8596 
65.05 0.838808 1.80477 
65.06 1.0059 1.73993 
65.07 1.1665 1.66755 
65.08 1.32002 1.58999 
65.09 1.46606 1.50942 
65.1 1.60444 1.4277 
65.11 1.73513 1.34635 
65.12 1.85821 1.26654 
65.13 1.97387 1.18913 
65.14 2.08237 1.11466 
65.15 2.184 1.04345 
65.16 2.27908 0.975594 
65.17 2.36792 0.911027 
65.18 2.45081 0.849561 
65.19 2.52805 0.790915 
65.2 2.59988 0.734746 
65.21 2.66652 0.680673 
65.22 2.72814 0.628293 
65.23 2.78489 0.577195 
65.24 2.83687 0.526973 
65.25 2.88414 0.477231 
65.26 2.92673 0.427591 
65.27 2.96463 0.377691 
65.28 2.9978 0.327195 
65.29 3.02618 0.275786 
65.3 3.04965 0.223171 
65.31 3.06811 0.169075 
65.32 3.08138 0.113246 
65.33 3.0893 0.0554465 
65.34 3.09168 -0.00454631 
65.35 3.08829 -0.0669428 
65.36 3.0789 -0.131944 
65.37 3.06325 -0.199746 
65.38 3.04108 -0.270538 
65.39 3.01209 -0.344506 
65.4 2.97598 -0.421833 
65.41 2.93241 -0.502695 
65.42 2.88105 -0.587257 
65.43 2.82155 -0.675662 
65.44 2.75353 -0.768021 
65.45 2.67662 -0.864392 
65.46 2.59044 -0.964751 
65.47 2.49463 -1.06896 
65.48 2.38882 -1.17672 
65.49 2.27271 -1.28754 
65.5 2.14605 -1.40063 
65.51 2.00867 -1.51489 
65.52 1.86052 -1.62883 
65.53 1.70173 -1.74055 
65.54 1.5326 -1.84769 
65.55 1.3537 -1.94752 
65.56 1.16586 -2.03698 
65.57 0.970205 -2.11288 
65.58 0.768161 -2.17212 
65.59 0.561431 -2.21196 
65.6 0.351948 -2.2303 
65.61 0.141805 -2.22592 
65.62 -0.0668407 -2.19862 
65.63 -0.27186 -2.14925 
65.64 -0.471252 -2.07962 
65.65 -0.663224 -1.9923 
65.66 -0.846247 -1.89029 
65.67 -1.01909 -1.77679 
65.68 -1.18081 -1.65492 
65.69 -1.33077 -1.52751 
65.7 -1.46855 -1.39697 
65.71 -1.59396 -1.26523 
65.72 -1.70695 -1.13374 
65.73 -1.80761 -1.0035 
65.74 -1.89607 -0.875104 
65.75 -1.97253 -0.74884 
65.76 -2.03719 -0.624723 
65.77 -2.09025 -0.502579 
65.78 -2.13188 -0.382096 
65.79 -2.16221 -0.262871 
65.8 -2.18136 -0.144455 
65.81 -2.18936 -0.0263773 
65.82 -2.18623 0.0918168 
65.83 -2.17195 0.210547 
65.84 -2.14643 0.330172 
65.85 -2.10959 0.450966 
65.86 -2.06131 0.573091 
65.87 -2.00145 0.696569 
65.88 -1.9299 0.821247 
65.89 -1.84656 0.946763 
65.9 -1.75137 1.0725 
65.91 -1.64436 1.19758 
65.92 -1.52564 1.32077 
65.93 -1.39546 1.44055 
65.94 -1.25423 1.55505 
65.95 -1.10254 1.66215 
65.96 -0.941199 1.7595 
65.97 -0.771239 1.84473 
65.98 -0.593913 1.91553 
65.99 -0.410677 1.96991 
66 -0.223156 2.00635 
66.01 -0.0330846 2.02399 
66.02 0.157754 2.02276 
66.03 0.347609 2.00335 
66.04 0.534829 1.9672 
66.05 0.717928 1.91636 
66.06 0.895636 1.85328 
66.07 1.06692 1.78061 
66.08 1.23101 1.70102 
66.09 1.38737 1.61702 
66.1 1.53569 1.53084 
66.11 1.67585 1.44435 
66.12 1.80791 1.35904 
66.13 1.93203 1.27603 
66.14 2.04846 1.19609 
66.15 2.15752 1.11969 
66.16 2.25955 1.04705 
66.17 2.35492 0.978189 
66.18 2.44396 0.912961 
66.19 2.52702 0.851114 
66.2 2.6044 0.792314 
66.21 2.67636 0.736174 
66.22 2.74314 0.682278 
66.23 2.80492 0.630198 
66.24 2.86187 0.579507 
66.25 2.91409 0.529789 
66.26 2.96165 0.480645 
66.27 3.00459 0.431698 
66.28 3.04292 0.382595 
66.29 3.0766 0.333009 
66.3 3.10557 0.28264 
66.31 3.12975 0.23121 
66.32 -3.13416 0.178468 
66.33 -3.11993 0.12418 
66.34 -3.1109 0.0681355 
66.35 -3.10723 0.0101361 
66.36 -3.10913 -0.0500026 
66.37 -3.11681 -0.112456 
66.38 -3.13048 -0.177393 
66.39 3.13279 -0.244979 
66.4 3.10638 -0.31538 
66.41 3.07319 -0.38876 
66.42 3.03295 -0.465284 
66.43 2.98534 -0.545114 
66.44 2.93005 -0.628403 
66.45 2.86674 -0.715288 
66.46 2.79508 -0.805874 
66.47 2.7147 -0.900215 
66.48 2.62526 -0.998284 
66.49 2.52641 -1.09994 
66.5 2.41782 -1.20489 
66.51 2.2992 -1.31262 
66.52 2.17034 -1.42236 
66.53 2.03108 -1.53301 
66.54 1.88141 -1.64307 
66.55 1.72147 -1.75065 
66.56 1.55161 -1.8534 
66.57 1.37239 -1.94862 
66.58 1.18468 -2.03327 
66.59 0.989611 -2.10421 
66.6 0.788627 -2.15839 
66.61 0.583437 -2.19312 
66.62 0.375977 -2.20633 
66.63 0.168339 -2.19683 
66.64 -0.037319 -2.16441 
66.65 -0.23887 -2.10992 
66.66 -0.434308 -2.03511 
66.67 -0.621831 -1.94245 
66.68 -0.799894 -1.83488 
66.69 -0.967237 -1.71551 
66.7 -1.12289 -1.58736 
66.71 -1.26616 -1.45319 
66.72 -1.3966 -1.31535 
66.73 -1.51395 -1.17573 
66.74 -1.61811 -1.03578 
66.75 -1.70911 -0.896482 
66.76 -1.78703 -0.758458 
66.77 -1.85202 -0.622017 
66.78 -1.90424 -0.487224 
66.79 -1.94382 -0.353966 
66.8 -1.9709 -0.222007 
66.81 -1.9856 -0.0910408 
66.82 -1.98799 0.039263 
66.83 -1.97812 0.169223 
66.84 -1.95601 0.299108 
66.85 -1.92166 0.429103 
66.86 -1.87504 0.559275 
66.87 -1.81616 0.689538 
66.88 -1.745 0.819616 
66.89 -1.66162 0.949008 
66.9 -1.5661 1.07696 
66.91 -1.45864 1.20242 
66.92 -1.33952 1.32405 
66.93 -1.20919 1.44023 
66.94 -1.06823 1.54907 
66.95 -0.917456 1.64849 
66.96 -0.757837 1.73636 
66.97 -0.590566 1.8106 
66.98 -0.417019 1.86935 
66.99 -0.238725 1.91119 
67 -0.0573249 1.93523 
67.01 0.125488 1.94127 
67.02 0.308036 1.9298 
67.03 0.488717 1.90199 
67.04 0.666071 1.85958 
67.05 0.838822 1.80476 
67.06 1.00591 1.73991 
67.07 1.16651 1.66753 
67.08 1.32003 1.58997 
67.09 1.46607 1.50941 
67.1 1.60445 1.42769 
67.11 1.73513 1.34634 
67.12 1.85821 1.26653 
67.13 1.97387 1.18911 
67.14 2.08237 1.11465 
67.15 2.184 1.04344 
67.16 2.27908 0.975582 
67.17 2.36791 0.911016 
67.18 2.45081 0.84955 
67.19 2.52805 0.790904 
67.2 2.59988 0.734735 
67.21 2.66651 0.680662 
67.22 2.72813 0.628282 
67.23 2.78488 0.577183 
67.24 2.83686 0.526961 
67.25 2.88413 0.477219 
67.26 2.92672 0.427578 
67.27 2.96462 0.377678 
67.28 2.99779 0.327181 
67.29 3.02616 0.275771 
67.3 3.04964 0.223155 
67.31 3.06809 0.169059 
67.32 3.08136 0.113229 
67.33 3.08928 0.0554276 
67.34 3.09165 -0.0045665 
67.35 3.08826 -0.0669644 
67.36 3.07887 -0.131968 
67.37 3.06322 -0.199771 
67.38 3.04105 -0.270564 
67.39 3.01206 -0.344535 
67.4 2.97594 -0.421864 
67.41 2.93237 -0.502728 
67.42 2.88101 -0.587292 
67.43 2.8215 -0.6757 
67.44 2.75348 -0.768062 
67.45 2.67657 -0.864435 
67.46 2.59038 -0.964796 
67.47 2.49456 -1.06901 
67.48 2.38875 -1.17678 
67.49 2.27264 -1.28759 
67.5 2.14597 -1.40068 
67.51 2.00858 -1.51494 
67.52 1.86043 -1.62889 
67.53 1.70163 -1.7406 
67.54 1.5325 -1.84775 
67.55 1.3536 -1.94757 
67.56 1.16575 -2.03702 
67.57 0.970091 -2.11292 
67.58 0.768044 -2.17215 
67.59 0.561312 -2.21198 
67.6 0.351828 -2.23031 
67.61 0.141684 -2.22592 
67.62 -0.0669601 -2.1986 
67.63 -0.271978 -2.14922 
67.64 -0.471367 -2.07959 
67.65 -0.663336 -1.99226 
67.66 -0.846355 -1.89024 
67.67 -1.01919 -1.77674 
67.68 -1.18091 -1.65487 
67.69 -1.33086 -1.52746 
67.7 -1.46864 -1.39692 
67.71 -1.59404 -1.26518 
67.72 -1.70703 -1.13369 
67.73 -1.80768 -1.00345 
67.74 -1.89614 -0.875066 
67.75 -1.9726 -0.748805 
67.76 -2.03725 -0.624693 
67.77 -2.09031 -0.502553 
67.78 -2.13194 -0.382074 
67.79 -2.16227 -0.262853 
67.8 -2.18141 -0.14444 
67.81 -2.18942 -0.0263668 
67.82 -2.18629 0.0918238 
67.83 -2.172 0.210551 
67.84 -2.14649 0.330173 
67.85 -2.10965 0.450965 
67.86 -2.06136 0.573087 
67.87 -2.0015 0.696563 
67.88 -1.92995 0.821239 
67.89 -1.84661 0.946753 
67.9 -1.75143 1.07249 
67.91 -1.64442 1.19757 
67.92 -1.5257 1.32076 
67.93 -1.39552 1.44054 
67.94 -1.25429 1.55504 
67.95 -1.1026 1.66214 
67.96 -0.94126 1.7595 
67.97 -0.771301 1.84473 
67.98 -0.593974 1.91554 
67.99 -0.410737 1.96992 
68 -0.223215 2.00636 
68.01 -0.0331418 2.02401 
68.02 0.157699 2.02279 
68.03 0.347556 2.00338 
68.04 0.534779 1.96724 
68.05 0.717882 1.9164 
68.06 0.895592 1.85331 
68.07 1.06688 1.78064 
68.08 1.23097 1.70105 
68.09 1.38733 1.61706 
68.1 1.53566 1.53087 
68.11 1.67583 1.44438 
68.12 1.80789 1.35907 
68.13 1.93201 1.27606 
68.14 2.04844 1.19612 
68.15 2.1575 1.11972 
68.16 2.25954 1.04707 
68.17 2.35491 0.978209 
68.18 2.44395 0.912979 
68.19 2.52701 0.851131 
68.2 2.60439 0.792329 
68.21 2.67635 0.736188 
68.22 2.74313 0.68229 
68.23 2.80492 0.630209 
68.24 2.86187 0.579518 
68.25 2.91409 0.529799 
68.26 2.96165 0.480654 
68.27 3.00459 0.431707 
68.28 3.04292 0.382604 
68.29 3.0766 0.333018 
68.3 3.10557 0.282648 
68.31 3.12975 0.231218 
68.32 -3.13416 0.178476 
68.33 -3.11993 0.124188 
68.34 -3.11089 0.0681435 
68.35 -3.10723 0.0101442 
68.36 -3.10913 -0.0499943 
68.37 -3.1168 -0.112447 
68.38 -3.13047 -0.177384 
68.39 3.1328 -0.24497 
68.4 3.10639 -0.31537 
68.41 3.07321 -0.38875 
68.42 3.03296 -0.465273 
68.43 2.98535 -0.545102 
68.44 2.93006 -0.628391 
68.45 2.86676 -0.715275 
68.46 2.79509 -0.805861 
68.47 2.71472 -0.9002 
68.48 2.62528 -0.998268 
68.49 2.52643 -1.09993 
68.5 2.41784 -1.20487 
68.51 2.29923 -1.31261 
68.52 2.17036 -1.42235 
68.53 2.03111 -1.53299 
68.54 1.88144 -1.64305 
68.55 1.72151 -1.75063 
68.56 1.55164 -1.85339 
68.57 1.37243 -1.9486 
68.58 1.18471 -2.03325 
68.59 0.989649 -2.1042 
68.6 0.788666 -2.15838 
68.61 0.583476 -2.19311 
68.62 0.376017 -2.20633 
68.63 0.168379 -2.19683 
68.64 -0.0372795 -2.16442 
68.65 -0.238831 -2.10993 
68.66 -0.43427 -2.03512 
68.67 -0.621794 -1.94246 
68.68 -0.799858 -1.8349 
68.69 -0.967202 -1.71553 
68.7 -1.12286 -1.58738 
68.71 -1.26613 -1.4532 
68.72 -1.39657 -1.31536 
68.73 -1.51392 -1.17575 
68.74 -1.61808 -1.0358 
68.75 -1.70908 -0.896497 
68.76 -1.78701 -0.758472 
68.77 -1.852 -0.62203 
68.78 -1.90421 -0.487236 
68.79 -1.9438 -0.353976 
68.8 -1.97088 -0.222016 
68.81 -1.98558 -0.0910488 
68.82 -1.98797 0.039256 
68.83 -1.9781 0.169217 
68.84 -1.95599 0.299103 
68.85 -1.92164 0.429099 
68.86 -1.87503 0.559272 
68.87 -1.81614 0.689535 
68.88 -1.74499 0.819613 
68.89 -1.6616 0.949005 
68.9 -1.56609 1.07695 
68.91 -1.45862 1.20241 
68.92 -1.33951 1.32405 
68.93 -1.20917 1.44023 
68.94 -1.06822 1.54906 
68.95 -0.917442 1.64849 
68.96 -0.757824 1.73636 
68.97 -0.590554 1.81059 
68.98 -0.417007 1.86935 
68.99 -0.238713 1.91118 
69 -0.057314 1.93523 
69.01 0.125499 1.94126 
69.02 0.308045 1.92979 
69.03 0.488726 1.90198 
69.04 0.666079 1.85957 
69.05 0.838828 1.80475 
69.06 1.00592 1.7399 
69.07 1.16652 1.66752 
69.08 1.32003 1.58997 
69.09 1.46607 1.5094 
69.1 1.60445 1.42768 
69.11 1.73514 1.34633 
69.12 1.85821 1.26652 
69.13 1.97387 1.1891 
69.14 2.08237 1.11464 
69.15 2.184 1.04343 
69.16 2.27908 0.975576 
69.17 2.36791 0.91101 
69.18 2.45081 0.849544 
69.19 2.52804 0.790898 
69.2 2.59987 0.73473 
69.21 2.66651 0.680657 
69.22 2.72813 0.628276 
69.23 2.78488 0.577178 
69.24 2.83685 0.526955 
69.25 2.88412 0.477213 
69.26 2.92671 0.427572 
69.27 2.96461 0.377671 
69.28 2.99778 0.327174 
69.29 3.02615 0.275764 
69.3 3.04963 0.223147 
69.31 3.06808 0.16905 
69.32 3.08135 0.11322 
69.33 3.08927 0.0554182 
69.34 3.09164 -0.00457657 
69.35 3.08825 -0.0669752 
69.36 3.07885 -0.131979 
69.37 3.06321 -0.199783 
69.38 3.04103 -0.270578 
69.39 3.01204 -0.344549 
69.4 2.97592 -0.421879 
69.41 2.93235 -0.502744 
69.42 2.88099 -0.587309 
69.43 2.82148 -0.675718 
69.44 2.75345 -0.768082 
69.45 2.67654 -0.864456 
69.46 2.59035 -0.964819 
69.47 2.49453 -1.06903 
69.48 2.38872 -1.1768 
69.49 2.2726 -1.28762 
69.5 2.14593 -1.40071 
69.51 2.00854 -1.51497 
69.52 1.86039 -1.62892 
69.53 1.70158 -1.74063 
69.54 1.53245 -1.84777 
69.55 1.35354 -1.94759 
69.56 1.1657 -2.03704 
69.57 0.970035 -2.11293 
69.58 0.767986 -2.17216 
69.59 0.561253 -2.21199 
69.6 0.351768 -2.23032 
69.61 0.141625 -2.22592 
69.62 -0.0670197 -2.1986 
69.63 -0.272036 -2.14921 
69.64 -0.471425 -2.07957 
69.65 -0.663391 -1.99224 
69.66 -0.846408 -1.89022 
69.67 -1.01924 -1.77672 
69.68 -1.18096 -1.65485 
69.69 -1.33091 -1.52744 
69.7 -1.46868 -1.3969 
69.71 -1.59409 -1.26516 
69.72 -1.70707 -1.13367 
69.73 -1.80772 -1.00343 
69.74 -1.89617 -0.875047 
69.75 -1.97263 -0.748788 
69.76 -2.03729 -0.624678 
69.77 -2.09034 -0.50254 
69.78 -2.13197 -0.382063 
69.79 -2.1623 -0.262844 
69.8 -2.18144 -0.144433 
69.81 -2.18944 -0.0263616 
69.82 -2.18632 0.0918273 
69.83 -2.17203 0.210553 
69.84 -2.14651 0.330174 
69.85 -2.10967 0.450964 
69.86 -2.06139 0.573085 
69.87 -2.00153 0.69656 
69.88 -1.92998 0.821235 
69.89 -1.84664 0.946749 
69.9 -1.75145 1.07249 
69.91 -1.64444 1.19756 
69.92 -1.52573 1.32076 
69.93 -1.39555 1.44053 
69.94 -1.25432 1.55504 
69.95 -1.10263 1.66214 
69.96 -0.941291 1.7595 
69.97 -0.771331 1.84474 
69.98 -0.594004 1.91554 
69.99 -0.410767 1.96992 
70 -0.223244 2.00637 
70.01 -0.0331703 2.02402 
70.02 0.157672 2.0228 
70.03 0.34753 2.00339 
70.04 0.534754 1.96725 
70.05 0.717858 1.91641 
70.06 0.895571 1.85333 
70.07 1.06686 1.78066 
70.08 1.23095 1.70107 
70.09 1.38732 1.61707 
70.1 1.53564 1.53089 
70.11 1.67581 1.4444 
70.12 1.80788 1.35908 
70.13 1.932 1.27607 
70.14 2.04843 1.19613 
70.15 2.15749 1.11973 
70.16 2.25953 1.04709 
70.17 2.3549 0.978219 
70.18 2.44395 0.912988 
70.19 2.52701 0.851139 
70.2 2.60438 0.792337 
70.21 2.67635 0.736195 
70.22 2.74313 0.682297 
70.23 2.80492 0.630215 
70.24 2.86186 0.579523 
70.25 2.91408 0.529804 
70.26 2.96165 0.480659 
70.27 3.00459 0.431711 
70.28 3.04292 0.382608 
70.29 3.0766 0.333022 
70.3 3.10557 0.282652 
70.31 3.12975 0.231222 
70.32 -3.13416 0.178479 
70.33 -3.11993 0.124192 
70.34 -3.11089 0.0681475 
70.35 -3.10723 0.0101482 
70.36 -3.10912 -0.0499902 
70.37 -3.1168 -0.112443 
70.38 -3.13047 -0.177379 
70.39 3.13281 -0.244965 
70.4 3.10639 -0.315365 
70.41 3.07321 -0.388745 
70.42 3.03297 -0.465268 
70.43 2.98536 -0.545096 
70.44 2.93007 -0.628385 
70.45 2.86677 -0.715269 
70.46 2.7951 -0.805854 
70.47 2.71473 -0.900193 
70.48 2.62529 -0.99826 
70.49 2.52644 -1.09992 
70.5 2.41785 -1.20487 
70.51 2.29924 -1.3126 
70.52 2.17038 -1.42234 
70.53 2.03112 -1.53298 
70.54 1.88146 -1.64304 
70.55 1.72152 -1.75062 
70.56 1.55166 -1.85338 
70.57 1.37244 -1.94859 
70.58 1.18473 -2.03325 
70.59 0.989667 -2.10419 
70.6 0.788685 -2.15838 
70.61 0.583496 -2.19311 
70.62 0.376036 -2.20632 
70.63 0.168399 -2.19683 
70.64 -0.0372598 -2.16442 
70.65 -0.238811 -2.10993 
70.66 -0.434251 -2.03512 
70.67 -0.621776 -1.94247 
70.68 -0.79984 -1.8349 
70.69 -0.967185 -1.71553 
70.7 -1.12284 -1.58739 
70.71 -1.26612 -1.45321 
70.72 -1.39655 -1.31537 
70.73 -1.5139 -1.17576 
70.74 -1.61807 -1.0358 
70.75 -1.70907 -0.896504 
70.76 -1.787 -0.758478 
70.77 -1.85199 -0.622036 
70.78 -1.9042 -0.487241 
70.79 -1.94379 -0.353981 
70.8 -1.97087 -0.22202 
70.81 -1.98557 -0.0910528 
70.82 -1.98796 0.0392525 
70.83 -1.9781 0.169214 
70.84 -1.95599 0.2991 
70.85 -1.92163 0.429097 
70.86 -1.87502 0.55927 
70.87 -1.81613 0.689533 
70.88 -1.74498 0.819611 
70.89 -1.6616 0.949004 
70.9 -1.56608 1.07695 
70.91 -1.45862 1.20241 
70.92 -1.3395 1.32405 
70.93 -1.20917 1.44023 
70.94 -1.06821 1.54906 
70.95 -0.917436 1.64849 
70.96 -0.757817 1.73636 
70.97 -0.590547 1.81059 
70.98 -0.417001 1.86934 
70.99 -0.238708 1.91118 
71 -0.0573085 1.93522 
71.01 0.125504 1.94126 
71.02 0.30805 1.92979 
71.03 0.48873 1.90197 
71.04 0.666082 1.85957 
71.05 0.838832 1.80474 
71.06 1.00592 1.7399 
71.07 1.16652 1.66752 
71.08 1.32003 1.58996 
71.09 1.46607 1.5094 
71.1 1.60445 1.42768 
71.11 1.73514 1.34632 
71.12 1.85821 1.26652 
71.13 1.97387 1.1891 
71.14 2.08237 1.11464 
71.15 2.184 1.04343 
71.16 2.27908 0.975573 
71.17 2.36791 0.911007 
71.18 2.45081 0.849542 
71.19 2.52804 0.790896 
71.2 2.59987 0.734727 
71.21 2.66651 0.680654 
71.22 2.72813 0.628273 
71.23 2.78487 0.577175 
71.24 2.83685 0.526953 
71.25 2.88412 0.47721 
71.26 2.92671 0.427569 
71.27 2.96461 0.377668 
71.28 2.99778 0.327171 
71.29 3.02615 0.27576 
71.3 3.04962 0.223143 
71.31 3.06807 0.169046 
71.32 3.08134 0.113215 
71.33 3.08926 0.0554135 
71.34 3.09163 -0.00458157 
71.35 3.08824 -0.0669806 
71.36 3.07885 -0.131985 
71.37 3.0632 -0.199789 
71.38 3.04102 -0.270584 
71.39 3.01203 -0.344556 
71.4 2.97591 -0.421887 
71.41 2.93234 -0.502753 
71.42 2.88098 -0.587318 
71.43 2.82147 -0.675728 
71.44 2.75344 -0.768092 
71.45 2.67652 -0.864467 
71.46 2.59034 -0.96483 
71.47 2.49451 -1.06904 
71.48 2.3887 -1.17681 
71.49 2.27258 -1.28763 
71.5 2.14591 -1.40072 
71.51 2.00852 -1.51498 
71.52 1.86036 -1.62893 
71.53 1.70156 -1.74065 
71.54 1.53242 -1.84779 
71.55 1.35352 -1.94761 
71.56 1.16567 -2.03705 
71.57 0.970007 -2.11294 
71.58 0.767957 -2.17217 
71.59 0.561223 -2.212 
71.6 0.351739 -2.23032 
71.61 0.141595 -2.22592 
71.62 -0.0670493 -2.19859 
71.63 -0.272065 -2.14921 
71.64 -0.471453 -2.07957 
71.65 -0.663419 -1.99223 
71.66 -0.846435 -1.89021 
71.67 -1.01927 -1.77671 
71.68 -1.18098 -1.65484 
71.69 -1.33093 -1.52743 
71.7 -1.46871 -1.39688 
71.71 -1.59411 -1.26515 
71.72 -1.70709 -1.13366 
71.73 -1.80774 -1.00342 
71.74 -1.89619 -0.875037 
71.75 -1.97265 -0.74878 
71.76 -2.0373 -0.62467 
71.77 -2.09036 -0.502533 
71.78 -2.13198 -0.382057 
71.79 -2.16232 -0.26284 
71.8 -2.18146 -0.14443 
71.81 -2.18946 -0.026359 
71.82 -2.18633 0.0918291 
71.83 -2.17204 0.210554 
71.84 -2.14653 0.330174 
71.85 -2.10969 0.450963 
71.86 -2.0614 0.573084 
71.87 -2.00154 0.696558 
71.88 -1.92999 0.821233 
71.89 -1.84665 0.946747 
71.9 -1.75147 1.07249 
71.91 -1.64446 1.19756 
71.92 -1.52574 1.32075 
71.93 -1.39556 1.44053 
71.94 -1.25433 1.55504 
71.95 -1.10265 1.66214 
71.96 -0.941306 1.7595 
71.97 -0.771347 1.84474 
71.98 -0.59402 1.91554 
71.99 -0.410782 1.96993 
72 -0.223259 2.00637 
72.01 -0.0331845 2.02403 
72.02 0.157658 2.0228 
72.03 0.347517 2.0034 
72.04 0.534742 1.96726 
72.05 0.717847 1.91642 
72.06 0.89556 1.85334 
72.07 1.06685 1.78067 
72.08 1.23095 1.70108 
72.09 1.38731 1.61708 
72.1 1.53563 1.5309 
72.11 1.67581 1.4444 
72.12 1.80787 1.35909 
72.13 1.93199 1.27608 
72.14 2.04843 1.19613 
72.15 2.15749 1.11973 
72.16 2.25953 1.04709 
72.17 2.3549 0.978224 
72.18 2.44394 0.912993 
72.19 2.52701 0.851143 
72.2 2.60438 0.79234 
72.21 2.67635 0.736198 
72.22 2.74313 0.6823 
72.23 2.80492 0.630218 
72.24 2.86186 0.579526 
72.25 2.91408 0.529807 
72.26 2.96165 0.480661 
72.27 3.00459 0.431713 
72.28 3.04292 0.38261 
72.29 3.0766 0.333024 
72.3 3.10557 0.282654 
72.31 3.12975 0.231224 
72.32 -3.13416 0.178481 
72.33 -3.11993 0.124194 
72.34 -3.11089 0.0681494 
72.35 -3.10722 0.0101502 
72.36 -3.10912 -0.0499881 
72.37 -3.11679 -0.112441 
72.38 -3.13047 -0.177377 
72.39 3.13281 -0.244963 
72.4 3.1064 -0.315363 
72.41 3.07321 -0.388742 
72.42 3.03297 -0.465265 
72.43 2.98536 -0.545094 
72.44 2.93007 -0.628382 
72.45 2.86677 -0.715266 
72.46 2.79511 -0.80585 
72.47 2.71473 -0.900189 
72.48 2.62529 -0.998257 
72.49 2.52644 -1.09991 
72.5 2.41786 -1.20486 
72.51 2.29925 -1.31259 
72.52 2.17038 -1.42233 
72.53 2.03113 -1.53298 
72.54 1.88146 -1.64304 
72.55 1.72153 -1.75062 
72.56 1.55166 -1.85337 
72.57 1.37245 -1.94859 
72.58 1.18474 -2.03324 
72.59 0.989676 -2.10419 
72.6 0.788694 -2.15837 
72.61 0.583505 -2.19311 
72.62 0.376046 -2.20632 
72.63 0.168408 -2.19683 
72.64 -0.03725 -2.16442 
72.65 -0.238802 -2.10993 
72.66 -0.434241 -2.03513 
72.67 -0.621767 -1.94247 
72.68 -0.799832 -1.83491 
72.69 -0.967177 -1.71554 
72.7 -1.12283 -1.58739 
72.71 -1.26611 -1.45322 
72.72 -1.39655 -1.31538 
72.73 -1.5139 -1.17576 
72.74 -1.61806 -1.03581 
72.75 -1.70906 -0.896508 
72.76 -1.78699 -0.758482 
72.77 -1.85199 -0.622039 
72.78 -1.9042 -0.487244 
72.79 -1.94378 -0.353984 
72.8 -1.97087 -0.222023 
72.81 -1.98557 -0.0910548 
72.82 -1.98796 0.0392507 
72.83 -1.97809 0.169212 
72.84 -1.95598 0.299099 
72.85 -1.92163 0.429096 
72.86 -1.87501 0.559269 
72.87 -1.81613 0.689532 
72.88 -1.74498 0.819611 
72.89 -1.66159 0.949003 
72.9 -1.56608 1.07695 
72.91 -1.45861 1.20241 
72.92 -1.3395 1.32405 
72.93 -1.20916 1.44023 
72.94 -1.06821 1.54906 
72.95 -0.917432 1.64849 
72.96 -0.757814 1.73635 
72.97 -0.590544 1.81059 
72.98 -0.416998 1.86934 
72.99 -0.238705 1.91118 
73 -0.0573058 1.93522 
73.01 0.125506 1.94126 
73.02 0.308052 1.92978 
73.03 0.488732 1.90197 
73.04 0.666084 1.85957 
73.05 0.838834 1.80474 
73.06 1.00592 1.7399 
73.07 1.16652 1.66751 
73.08 1.32003 1.58996 
73.09 1.46608 1.50939 
73.1 1.60446 1.42767 
73.11 1.73514 1.34632 
73.12 1.85821 1.26651 
73.13 1.97387 1.1891 
73.14 2.08237 1.11464 
73.15 2.184 1.04343 
73.16 2.27908 0.975571 
73.17 2.36791 0.911006 
73.18 2.45081 0.84954 
73.19 2.52804 0.790894 
73.2 2.59987 0.734726 
73.21 2.66651 0.680653 
73.22 2.72813 0.628272 
73.23 2.78487 0.577174 
73.24 2.83685 0.526951 
73.25 2.88412 0.477209 
73.26 2.9267 0.427567 
73.27 2.9646 0.377666 
73.28 2.99778 0.327169 
73.29 3.02615 0.275759 
73.3 3.04962 0.223141 
73.31 3.06807 0.169044 
73.32 3.08134 0.113213 
73.33 3.08926 0.0554112 
73.34 3.09163 -0.00458407 
73.35 3.08824 -0.0669832 
73.36 3.07884 -0.131988 
73.37 3.06319 -0.199793 
73.38 3.04102 -0.270588 
73.39 3.01202 -0.344559 
73.4 2.9759 -0.42189 
73.41 2.93233 -0.502757 
73.42 2.88097 -0.587323 
73.43 2.82146 -0.675732 
73.44 2.75343 -0.768097 
73.45 2.67652 -0.864472 
73.46 2.59033 -0.964836 
73.47 2.49451 -1.06905 
73.48 2.38869 -1.17682 
73.49 2.27258 -1.28764 
73.5 2.1459 -1.40073 
73.51 2.00851 -1.51499 
73.52 1.86035 -1.62894 
73.53 1.70155 -1.74065 
73.54 1.53241 -1.84779 
73.55 1.3535 -1.94761 
73.56 1.16566 -2.03706 
73.57 0.969993 -2.11295 
73.58 0.767943 -2.17217 
73.59 0.561209 -2.212 
73.6 0.351724 -2.23032 
73.61 0.14158 -2.22592 
73.62 -0.067064 -2.19859 
73.63 -0.27208 -2.1492 
73.64 -0.471467 -2.07956 
73.65 -0.663433 -1.99222 
73.66 -0.846448 -1.8902 
73.67 -1.01928 -1.7767 
73.68 -1.181 -1.65483 
73.69 -1.33094 -1.52742 
73.7 -1.46872 -1.39688 
73.71 -1.59412 -1.26514 
73.72 -1.7071 -1.13366 
73.73 -1.80775 -1.00342 
73.74 -1.8962 -0.875032 
73.75 -1.97265 -0.748776 
73.76 -2.03731 -0.624666 
73.77 -2.09036 -0.50253 
73.78 -2.13199 -0.382055 
73.79 -2.16232 -0.262838 
73.8 -2.18146 -0.144428 
73.81 -2.18946 -0.0263577 
73.82 -2.18634 0.0918299 
73.83 -2.17205 0.210554 
73.84 -2.14653 0.330174 
73.85 -2.10969 0.450963 
73.86 -2.06141 0.573084 
73.87 -2.00155 0.696558 
73.88 -1.93 0.821233 
73.89 -1.84666 0.946746 
73.9 -1.75148 1.07249 
73.91 -1.64447 1.19756 
73.92 -1.52575 1.32075 
73.93 -1.39557 1.44053 
73.94 -1.25434 1.55504 
73.95 -1.10265 1.66214 
73.96 -0.941314 1.7595 
73.97 -0.771354 1.84474 
73.98 -0.594027 1.91555 
73.99 -0.41079 1.96993 
74 -0.223266 2.00638 
74.01 -0.0331916 2.02403 
74.02 0.157651 2.02281 
74.03 0.347511 2.0034 
74.04 0.534736 1.96726 
74.05 0.717841 1.91642 
74.06 0.895555 1.85334 
74.07 1.06685 1.78067 
74.08 1.23094 1.70109 
74.09 1.3873 1.61709 
74.1 1.53563 1.5309 
74.11 1.6758 1.44441 
74.12 1.80787 1.3591 
74.13 1.93199 1.27608 
74.14 2.04842 1.19614 
74.15 2.15749 1.11974 
74.16 2.25953 1.04709 
74.17 2.35489 0.978226 
74.18 2.44394 0.912995 
74.19 2.527 0.851145 
74.2 2.60438 0.792342 
74.21 2.67635 0.7362 
74.22 2.74313 0.682301 
74.23 2.80491 0.63022 
74.24 2.86186 0.579527 
74.25 2.91408 0.529808 
74.26 2.96165 0.480663 
74.27 3.00459 0.431715 
74.28 3.04292 0.382611 
74.29 3.0766 0.333025 
74.3 3.10557 0.282655 
74.31 3.12975 0.231225 
74.32 -3.13416 0.178482 
74.33 -3.11993 0.124195 
74.34 -3.11089 0.0681504 
74.35 -3.10722 0.0101512 
74.36 -3.10912 -0.0499871 
74.37 -3.11679 -0.11244 
74.38 -3.13046 -0.177376 
74.39 3.13281 -0.244962 
74.4 3.1064 -0.315362 
74.41 3.07321 -0.388741 
74.42 3.03297 -0.465264 
74.43 2.98537 -0.545092 
74.44 2.93008 -0.62838 
74.45 2.86677 -0.715264 
74.46 2.79511 -0.805849 
74.47 2.71473 -0.900187 
74.48 2.62529 -0.998255 
74.49 2.52644 -1.09991 
74.5 2.41786 -1.20486 
74.51 2.29925 -1.31259 
74.52 2.17039 -1.42233 
74.53 2.03113 -1.53297 
74.54 1.88147 -1.64304 
74.55 1.72153 -1.75061 
74.56 1.55167 -1.85337 
74.57 1.37246 -1.94859 
74.58 1.18475 -2.03324 
74.59 0.989681 -2.10419 
74.6 0.788699 -2.15837 
74.61 0.58351 -2.19311 
74.62 0.376051 -2.20632 
74.63 0.168413 -2.19683 
74.64 -0.0372451 -2.16442 
74.65 -0.238797 -2.10994 
74.66 -0.434237 -2.03513 
74.67 -0.621762 -1.94247 
74.68 -0.799827 -1.83491 
74.69 -0.967173 -1.71554 
74.7 -1.12283 -1.58739 
74.71 -1.2661 -1.45322 
74.72 -1.39654 -1.31538 
74.73 -1.51389 -1.17577 
74.74 -1.61806 -1.03581 
74.75 -1.70906 -0.89651 
74.76 -1.78699 -0.758484 
74.77 -1.85198 -0.622041 
74.78 -1.9042 -0.487246 
74.79 -1.94378 -0.353985 
74.8 -1.97087 -0.222024 
74.81 -1.98557 -0.0910558 
74.82 -1.98796 0.0392499 
74.83 -1.97809 0.169212 
74.84 -1.95598 0.299098 
74.85 -1.92162 0.429095 
74.86 -1.87501 0.559268 
74.87 -1.81613 0.689532 
74.88 -1.74497 0.81961 
74.89 -1.66159 0.949003 
74.9 -1.56607 1.07695 
74.91 -1.45861 1.20241 
74.92 -1.33949 1.32405 
74.93 -1.20916 1.44023 
74.94 -1.06821 1.54906 
74.95 -0.917431 1.64849 
74.96 -0.757812 1.73635 
74.97 -0.590543 1.81059 
74.98 -0.416996 1.86934 
74.99 -0.238703 1.91118 
75 -0.0573045 1.93522 
75.01 0.125507 1.94126 
75.02 0.308053 1.92978 
75.03 0.488733 1.90197 
75.04 0.666085 1.85957 
75.05 0.838835 1.80474 
75.06 1.00592 1.7399 
75.07 1.16652 1.66751 
75.08 1.32003 1.58996 
75.09 1.46608 1.50939 
75.1 1.60446 1.42767 
75.11 1.73514 1.34632 
75.12 1.85821 1.26651 
75.13 1.97387 1.1891 
75.14 2.08237 1.11463 
75.15 2.184 1.04343 
75.16 2.27908 0.975571 
75.17 2.36791 0.911005 
75.18 2.45081 0.84954 
75.19 2.52804 0.790894 
75.2 2.59987 0.734725 
75.21 2.6665 0.680652 
75.22 2.72813 0.628271 
75.23 2.78487 0.577173 
75.24 2.83685 0.52695 
75.25 2.88412 0.477208 
75.26 2.9267 0.427566 
75.27 2.9646 0.377666 
75.28 2.99777 0.327168 
75.29 3.02615 0.275758 
75.3 3.04962 0.22314 
75.31 3.06807 0.169043 
75.32 3.08134 0.113212 
75.33 3.08926 0.05541 
75.34 3.09163 -0.00458531 
75.35 3.08823 -0.0669845 
75.36 3.07884 -0.131989 
75.37 3.06319 -0.199794 
75.38 3.04102 -0.270589 
75.39 3.01202 -0.344561 
75.4 2.9759 -0.421892 
75.41 2.93233 -0.502759 
75.42 2.88097 -0.587325 
75.43 2.82146 -0.675735 
75.44 2.75343 -0.768099 
75.45 2.67651 -0.864475 
75.46 2.59033 -0.964839 
75.47 2.4945 -1.06905 
75.48 2.38869 -1.17682 
75.49 2.27257 -1.28764 
75.5 2.1459 -1.40073 
75.51 2.0085 -1.51499 
75.52 1.86035 -1.62894 
75.53 1.70154 -1.74066 
75.54 1.53241 -1.8478 
75.55 1.3535 -1.94762 
75.56 1.16565 -2.03706 
75.57 0.969986 -2.11295 
75.58 0.767936 -2.17218 
75.59 0.561202 -2.212 
75.6 0.351717 -2.23032 
75.61 0.141572 -2.22592 
75.62 -0.0670714 -2.19859 
75.63 -0.272087 -2.1492 
75.64 -0.471474 -2.07956 
75.65 -0.66344 -1.99222 
75.66 -0.846455 -1.8902 
75.67 -1.01929 -1.7767 
75.68 -1.181 -1.65483 
75.69 -1.33095 -1.52742 
75.7 -1.46872 -1.39688 
75.71 -1.59412 -1.26514 
75.72 -1.70711 -1.13365 
75.73 -1.80775 -1.00342 
75.74 -1.89621 -0.87503 
75.75 -1.97266 -0.748773 
75.76 -2.03731 -0.624665 
75.77 -2.09037 -0.502529 
75.78 -2.13199 -0.382053 
75.79 -2.16233 -0.262837 
75.8 -2.18147 -0.144427 
75.81 -2.18947 -0.0263571 
75.82 -2.18634 0.0918304 
75.83 -2.17205 0.210554 
75.84 -2.14654 0.330174 
75.85 -2.1097 0.450963 
75.86 -2.06141 0.573083 
75.87 -2.00155 0.696557 
75.88 -1.93001 0.821232 
75.89 -1.84666 0.946745 
75.9 -1.75148 1.07249 
75.91 -1.64447 1.19756 
75.92 -1.52575 1.32075 
75.93 -1.39558 1.44053 
75.94 -1.25435 1.55504 
75.95 -1.10266 1.66214 
75.96 -0.941318 1.7595 
75.97 -0.771358 1.84474 
75.98 -0.594031 1.91555 
75.99 -0.410794 1.96993 
76 -0.223269 2.00638 
76.01 -0.0331951 2.02403 
76.02 0.157648 2.02281 
76.03 0.347508 2.00341 
76.04 0.534733 1.96727 
76.05 0.717838 1.91643 
76.06 0.895552 1.85334 
76.07 1.06684 1.78067 
76.08 1.23094 1.70109 
76.09 1.3873 1.61709 
76.1 1.53563 1.53091 
76.11 1.6758 1.44441 
76.12 1.80787 1.3591 
76.13 1.93199 1.27608 
76.14 2.04842 1.19614 
76.15 2.15749 1.11974 
76.16 2.25953 1.04709 
76.17 2.35489 0.978227 
76.18 2.44394 0.912996 
76.19 2.527 0.851146 
76.2 2.60438 0.792343 
76.21 2.67634 0.736201 
76.22 2.74313 0.682302 
76.23 2.80491 0.63022 
76.24 2.86186 0.579528 
76.25 2.91408 0.529808 
76.26 2.96165 0.480663 
76.27 3.00459 0.431715 
76.28 3.04292 0.382612 
76.29 3.0766 0.333025 
76.3 3.10558 0.282656 
76.31 3.12975 0.231226 
76.32 -3.13416 0.178483 
76.33 -3.11993 0.124196 
76.34 -3.11089 0.0681509 
76.35 -3.10722 0.0101517 
76.36 -3.10912 -0.0499866 
76.37 -3.11679 -0.112439 
76.38 -3.13046 -0.177376 
76.39 3.13281 -0.244961 
76.4 3.1064 -0.315361 
76.41 3.07322 -0.38874 
76.42 3.03297 -0.465263 
76.43 2.98537 -0.545091 
76.44 2.93008 -0.628379 
76.45 2.86677 -0.715263 
76.46 2.79511 -0.805848 
76.47 2.71473 -0.900186 
76.48 2.62529 -0.998254 
76.49 2.52645 -1.09991 
76.5 2.41786 -1.20486 
76.51 2.29925 -1.31259 
76.52 2.17039 -1.42233 
76.53 2.03113 -1.53297 
76.54 1.88147 -1.64304 
76.55 1.72153 -1.75061 
76.56 1.55167 -1.85337 
76.57 1.37246 -1.94858 
76.58 1.18475 -2.03324 
76.59 0.989683 -2.10419 
76.6 0.788701 -2.15837 
76.61 0.583513 -2.1931 
76.62 0.376054 -2.20632 
76.63 0.168416 -2.19683 
76.64 -0.0372427 -2.16442 
76.65 -0.238794 -2.10994 
76.66 -0.434234 -2.03513 
76.67 -0.62176 -1.94248 
76.68 -0.799825 -1.83491 
76.69 -0.96717 -1.71554 
76.7 -1.12283 -1.58739 
76.71 -1.2661 -1.45322 
76.72 -1.39654 -1.31538 
76.73 -1.51389 -1.17577 
76.74 -1.61806 -1.03581 
76.75 -1.70906 -0.896511 
76.76 -1.78699 -0.758484 
76.77 -1.85198 -0.622041 
76.78 -1.90419 -0.487246 
76.79 -1.94378 -0.353986 
76.8 -1.97086 -0.222024 
76.81 -1.98556 -0.0910563 
76.82 -1.98796 0.0392494 
76.83 -1.97809 0.169211 
76.84 -1.95598 0.299098 
76.85 -1.92162 0.429095 
76.86 -1.87501 0.559268 
76.87 -1.81613 0.689532 
76.88 -1.74497 0.81961 
76.89 -1.66159 0.949003 
76.9 -1.56607 1.07695 
76.91 -1.45861 1.20241 
76.92 -1.33949 1.32405 
76.93 -1.20916 1.44022 
76.94 -1.06821 1.54906 
76.95 -0.91743 1.64849 
76.96 -0.757812 1.73635 
76.97 -0.590542 1.81059 
76.98 -0.416995 1.86934 
76.99 -0.238703 1.91118 
77 -0.0573038 1.93522 
77.01 0.125508 1.94126 
77.02 0.308054 1.92978 
77.03 0.488734 1.90197 
77.04 0.666086 1.85957 
77.05 0.838835 1.80474 
77.06 1.00592 1.7399 
77.07 1.16652 1.66751 
77.08 1.32003 1.58996 
77.09 1.46608 1.50939 
77.1 1.60446 1.42767 
77.11 1.73514 1.34632 
77.12 1.85821 1.26651 
77.13 1.97387 1.1891 
77.14 2.08237 1.11463 
77.15 2.184 1.04343 
77.16 2.27908 0.97557 
77.17 2.36791 0.911005 
77.18 2.45081 0.849539 
77.19 2.52804 0.790893 
77.2 2.59987 0.734725 
77.21 2.6665 0.680652 
77.22 2.72813 0.628271 
77.23 2.78487 0.577173 
77.24 2.83685 0.52695 
77.25 2.88412 0.477208 
77.26 2.9267 0.427566 
77.27 2.9646 0.377665 
77.28 2.99777 0.327168 
77.29 3.02615 0.275757 
77.3 3.04962 0.22314 
77.31 3.06807 0.169043 
77.32 3.08134 0.113211 
77.33 3.08926 0.0554094 
77.34 3.09163 -0.00458592 
77.35 3.08823 -0.0669852 
77.36 3.07884 -0.13199 
77.37 3.06319 -0.199795 
77.38 3.04102 -0.27059 
77.39 3.01202 -0.344562 
77.4 2.9759 -0.421893 
77.41 2.93233 -0.50276 
77.42 2.88097 -0.587326 
77.43 2.82145 -0.675736 
77.44 2.75343 -0.7681 
77.45 2.67651 -0.864476 
77.46 2.59033 -0.96484 
77.47 2.4945 -1.06905 
77.48 2.38869 -1.17682 
77.49 2.27257 -1.28764 
77.5 2.1459 -1.40073 
77.51 2.0085 -1.515 
77.52 1.86034 -1.62894 
77.53 1.70154 -1.74066 
77.54 1.5324 -1.8478 
77.55 1.35349 -1.94762 
77.56 1.16565 -2.03706 
77.57 0.969982 -2.11295 
77.58 0.767932 -2.17218 
77.59 0.561198 -2.212 
77.6 0.351713 -2.23032 
77.61 0.141569 -2.22592 
77.62 -0.067075 -2.19859 
77.63 -0.272091 -2.1492 
77.64 -0.471478 -2.07956 
77.65 -0.663443 -1.99222 
77.66 -0.846458 -1.8902 
77.67 -1.01929 -1.77669 
77.68 -1.18101 -1.65482 
77.69 -1.33095 -1.52741 
77.7 -1.46873 -1.39687 
77.71 -1.59412 -1.26514 
77.72 -1.70711 -1.13365 
77.73 -1.80775 -1.00341 
77.74 -1.89621 -0.875029 
77.75 -1.97266 -0.748772 
77.76 -2.03732 -0.624664 
77.77 -2.09037 -0.502528 
77.78 -2.13199 -0.382053 
77.79 -2.16233 -0.262836 
77.8 -2.18147 -0.144427 
77.81 -2.18947 -0.0263567 
77.82 -2.18634 0.0918306 
77.83 -2.17205 0.210555 
77.84 -2.14654 0.330174 
77.85 -2.1097 0.450963 
77.86 -2.06141 0.573083 
77.87 -2.00156 0.696557 
77.88 -1.93001 0.821232 
77.89 -1.84667 0.946745 
77.9 -1.75148 1.07248 
77.91 -1.64447 1.19756 
77.92 -1.52575 1.32075 
77.93 -1.39558 1.44053 
77.94 -1.25435 1.55504 
77.95 -1.10266 1.66214 
77.96 -0.941319 1.7595 
77.97 -0.77136 1.84474 
77.98 -0.594033 1.91555 
77.99 -0.410795 1.96993 
78 -0.223271 2.00638 
78.01 -0.0331968 2.02403 
78.02 0.157646 2.02281 
78.03 0.347506 2.00341 
78.04 0.534731 1.96727 
78.05 0.717837 1.91643 
78.06 0.895551 1.85334 
78.07 1.06684 1.78068 
78.08 1.23094 1.70109 
78.09 1.3873 1.61709 
78.1 1.53563 1.53091 
78.11 1.6758 1.44441 
78.12 1.80786 1.3591 
78.13 1.93199 1.27608 
78.14 2.04842 1.19614 
78.15 2.15749 1.11974 
78.16 2.25952 1.0471 
78.17 2.35489 0.978228 
78.18 2.44394 0.912997 
78.19 2.527 0.851147 
78.2 2.60438 0.792344 
78.21 2.67634 0.736201 
78.22 2.74313 0.682303 
78.23 2.80491 0.630221 
78.24 2.86186 0.579528 
78.25 2.91408 0.529809 
78.26 2.96165 0.480664 
78.27 3.00459 0.431715 
78.28 3.04292 0.382612 
78.29 3.0766 0.333026 
78.3 3.10558 0.282656 
78.31 3.12975 0.231226 
78.32 -3.13416 0.178483 
78.33 -3.11993 0.124196 
78.34 -3.11089 0.0681511 
78.35 -3.10722 0.010152 
78.36 -3.10912 -0.0499863 
78.37 -3.11679 -0.112439 
78.38 -3.13046 -0.177375 
78.39 3.13281 -0.244961 
78.4 3.1064 -0.315361 
78.41 3.07322 -0.38874 
78.42 3.03297 -0.465263 
78.43 2.98537 -0.545091 
78.44 2.93008 -0.628379 
78.45 2.86677 -0.715263 
78.46 2.79511 -0.805847 
78.47 2.71473 -0.900186 
78.48 2.6253 -0.998253 
78.49 2.52645 -1.09991 
78.5 2.41786 -1.20486 
78.51 2.29925 -1.31259 
78.52 2.17039 -1.42233 
78.53 2.03114 -1.53297 
78.54 1.88147 -1.64304 
78.55 1.72154 -1.75061 
78.56 1.55167 -1.85337 
78.57 1.37246 -1.94858 
78.58 1.18475 -2.03324 
78.59 0.989684 -2.10419 
78.6 0.788702 -2.15837 
78.61 0.583514 -2.1931 
78.62 0.376055 -2.20632 
78.63 0.168417 -2.19683 
78.64 -0.0372415 -2.16442 
78.65 -0.238793 -2.10994 
78.66 -0.434233 -2.03513 
78.67 -0.621759 -1.94248 
78.68 -0.799824 -1.83491 
78.69 -0.967169 -1.71554 
78.7 -1.12283 -1.58739 
78.71 -1.2661 -1.45322 
78.72 -1.39654 -1.31538 
78.73 -1.51389 -1.17577 
78.74 -1.61806 -1.03581 
78.75 -1.70906 -0.896511 
78.76 -1.78699 -0.758485 
78.77 -1.85198 -0.622042 
78.78 -1.90419 -0.487247 
78.79 -1.94378 -0.353986 
78.8 -1.97086 -0.222024 
78.81 -1.98556 -0.0910566 
78.82 -1.98796 0.0392492 
78.83 -1.97809 0.169211 
78.84 -1.95598 0.299098 
78.85 -1.92162 0.429095 
78.86 -1.87501 0.559268 
78.87 -1.81613 0.689532 
78.88 -1.74497 0.81961 
78.89 -1.66159 0.949003 
78.9 -1.56607 1.07695 
78.91 -1.45861 1.20241 
78.92 -1.33949 1.32405 
78.93 -1.20916 1.44022 
78.94 -1.06821 1.54906 
78.95 -0.91743 1.64849 
78.96 -0.757811 1.73635 
78.97 -0.590542 1.81059 
78.98 -0.416995 1.86934 
78.99 -0.238702 1.91118 
79 -0.0573035 1.93522 
79.01 0.125508 1.94126 
79.02 0.308054 1.92978 
79.03 0.488734 1.90197 
79.04 0.666086 1.85956 
79.05 0.838835 1.80474 
79.06 1.00592 1.7399 
79.07 1.16652 1.66751 
79.08 1.32003 1.58996 
79.09 1.46608 1.50939 
79.1 1.60446 1.42767 
79.11 1.73514 1.34632 
79.12 1.85821 1.26651 
79.13 1.97387 1.1891 
79.14 2.08237 1.11463 
79.15 2.184 1.04343 
79.16 2.27908 0.97557 
79.17 2.36791 0.911005 
79.18 2.45081 0.849539 
79.19 2.52804 0.790893 
79.2 2.59987 0.734725 
79.21 2.6665 0.680651 
79.22 2.72813 0.628271 
79.23 2.78487 0.577172 
79.24 2.83685 0.52695 
79.25 2.88412 0.477207 
79.26 2.9267 0.427566 
79.27 2.9646 0.377665 
79.28 2.99777 0.327167 
79.29 3.02615 0.275757 
79.3 3.04962 0.22314 
79.31 3.06807 0.169042 
79.32 3.08134 0.113211 
79.33 3.08926 0.0554091 
79.34 3.09163 -0.00458623 
79.35 3.08823 -0.0669855 
79.36 3.07884 -0.13199 
79.37 3.06319 -0.199795 
79.38 3.04102 -0.27059 
79.39 3.01202 -0.344563 
79.4 2.9759 -0.421894 
79.41 2.93233 -0.50276 
79.42 2.88097 -0.587326 
79.43 2.82145 -0.675736 
79.44 2.75343 -0.768101 
79.45 2.67651 -0.864477 
79.46 2.59032 -0.964841 
79.47 2.4945 -1.06906 
79.48 2.38868 -1.17682 
79.49 2.27257 -1.28764 
79.5 2.14589 -1.40073 
79.51 2.0085 -1.515 
79.52 1.86034 -1.62894 
79.53 1.70154 -1.74066 
79.54 1.5324 -1.8478 
79.55 1.35349 -1.94762 
79.56 1.16564 -2.03706 
79.57 0.969981 -2.11295 
79.58 0.767931 -2.17218 
79.59 0.561196 -2.212 
79.6 0.351711 -2.23032 
79.61 0.141567 -2.22592 
79.62 -0.0670768 -2.19859 
79.63 -0.272093 -2.1492 
79.64 -0.47148 -2.07956 
79.65 -0.663445 -1.99222 
79.66 -0.84646 -1.8902 
79.67 -1.01929 -1.77669 
79.68 -1.18101 -1.65482 
79.69 -1.33095 -1.52741 
79.7 -1.46873 -1.39687 
79.71 -1.59413 -1.26514 
79.72 -1.70711 -1.13365 
79.73 -1.80776 -1.00341 
79.74 -1.89621 -0.875028 
79.75 -1.97266 -0.748772 
79.76 -2.03732 -0.624663 
79.77 -2.09037 -0.502527 
79.78 -2.132 -0.382052 
79.79 -2.16233 -0.262836 
79.8 -2.18147 -0.144427 
79.81 -2.18947 -0.0263566 
79.82 -2.18634 0.0918307 
79.83 -2.17205 0.210555 
79.84 -2.14654 0.330174 
79.85 -2.1097 0.450963 
79.86 -2.06141 0.573083 
79.87 -2.00156 0.696557 
79.88 -1.93001 0.821232 
79.89 -1.84667 0.946745 
79.9 -1.75148 1.07248 
79.91 -1.64447 1.19756 
79.92 -1.52576 1.32075 
79.93 -1.39558 1.44053 
79.94 -1.25435 1.55504 
79.95 -1.10266 1.66214 
79.96 -0.94132 1.7595 
79.97 -0.771361 1.84474 
79.98 -0.594034 1.91555 
79.99 -0.410796 1.96993 
80 -0.223272 2.00638 
80.01 -0.0331977 2.02403 
80.02 0.157646 2.02281 
80.03 0.347505 2.00341 
80.04 0.53473 1.96727 
80.05 0.717836 1.91643 
80.06 0.89555 1.85334 
80.07 1.06684 1.78068 
80.08 1.23094 1.70109 
80.09 1.3873 1.61709 
80.1 1.53563 1.53091 
80.11 1.6758 1.44441 
80.12 1.80786 1.3591 
80.13 1.93199 1.27608 
80.14 2.04842 1.19614 
80.15 2.15749 1.11974 
80.16 2.25952 1.0471 
80.17 2.35489 0.978228 
80.18 2.44394 0.912997 
80.19 2.527 0.851147 
80.2 2.60438 0.792344 
80.21 2.67634 0.736201 
80.22 2.74313 0.682303 
80.23 2.80491 0.630221 
80.24 2.86186 0.579528 
80.25 2.91408 0.529809 
80.26 2.96165 0.480664 
80.27 3.00459 0.431716 
80.28 3.04292 0.382612 
80.29 3.0766 0.333026 
80.3 3.10558 0.282656 
80.31 3.12975 0.231226 
80.32 -3.13416 0.178483 
80.33 -3.11993 0.124196 
80.34 -3.11089 0.0681513 
80.35 -3.10722 0.0101521 
80.36 -3.10912 -0.0499862 
80.37 -3.11679 -0.112439 
80.38 -3.13046 -0.177375 
80.39 3.13281 -0.244961 
80.4 3.1064 -0.315361 
80.41 3.07322 -0.38874 
80.42 3.03297 -0.465262 
80.43 2.98537 -0.545091 
80.44 2.93008 -0.628379 
80.45 2.86677 -0.715263 
80.46 2.79511 -0.805847 
80.47 2.71474 -0.900186 
80.48 2.6253 -0.998253 
80.49 2.52645 -1.09991 
80.5 2.41786 -1.20486 
80.51 2.29925 -1.31259 
80.52 2.17039 -1.42233 
80.53 2.03114 -1.53297 
80.54 1.88147 -1.64303 
80.55 1.72154 -1.75061 
80.56 1.55167 -1.85337 
80.57 1.37246 -1.94858 
80.58 1.18475 -2.03324 
80.59 0.989685 -2.10419 
80.6 0.788703 -2.15837 
80.61 0.583514 -2.1931 
80.62 0.376055 -2.20632 
80.63 0.168418 -2.19683 
80.64 -0.0372409 -2.16442 
80.65 -0.238793 -2.10994 
80.66 -0.434233 -2.03513 
80.67 -0.621758 -1.94248 
80.68 -0.799823 -1.83491 
80.69 -0.967169 -1.71554 
80.7 -1.12283 -1.58739 
80.71 -1.2661 -1.45322 
80.72 -1.39654 -1.31538 
80.73 -1.51389 -1.17577 
80.74 -1.61806 -1.03581 
80.75 -1.70906 -0.896511 
80.76 -1.78699 -0.758485 
80.77 -1.85198 -0.622042 
80.78 -1.90419 -0.487247 
80.79 -1.94378 -0.353986 
80.8 -1.97086 -0.222025 
80.81 -1.98556 -0.0910567 
80.82 -1.98796 0.0392491 
80.83 -1.97809 0.169211 
80.84 -1.95598 0.299098 
80.85 -1.92162 0.429095 
80.86 -1.87501 0.559268 
80.87 -1.81613 0.689532 
80.88 -1.74497 0.81961 
80.89 -1.66159 0.949003 
80.9 -1.56607 1.07695 
80.91 -1.45861 1.20241 
80.92 -1.33949 1.32405 
80.93 -1.20916 1.44022 
80.94 -1.06821 1.54906 
80.95 -0.917429 1.64849 
80.96 -0.757811 1.73635 
80.97 -0.590541 1.81059 
80.98 -0.416995 1.86934 
80.99 -0.238702 1.91118 
81 -0.0573033 1.93522 
81.01 0.125509 1.94126 
81.02 0.308054 1.92978 
81.03 0.488734 1.90197 
81.04 0.666086 1.85956 
81.05 0.838835 1.80474 
81.06 1.00592 1.7399 
81.07 1.16652 1.66751 
81.08 1.32003 1.58996 
81.09 1.46608 1.50939 
81.1 1.60446 1.42767 
81.11 1.73514 1.34632 
81.12 1.85821 1.26651 
81.13 1.97387 1.1891 
81.14 2.08237 1.11463 
81.15 2.184 1.04342 
81.16 2.27908 0.97557 
81.17 2.36791 0.911005 
81.18 2.45081 0.849539 
81.19 2.52804 0.790893 
81.2 2.59987 0.734724 
81.21 2.6665 0.680651 
81.22 2.72813 0.628271 
81.23 2.78487 0.577172 
81.24 2.83685 0.52695 
81.25 2.88412 0.477207 
81.26 2.9267 0.427566 
81.27 2.9646 0.377665 
81.28 2.99777 0.327167 
81.29 3.02615 0.275757 
81.3 3.04962 0.22314 
81.31 3.06807 0.169042 
81.32 3.08134 0.113211 
81.33 3.08926 0.055409 
81.34 3.09163 -0.00458638 
81.35 3.08823 -0.0669857 
81.36 3.07884 -0.13199 
81.37 3.06319 -0.199795 
81.38 3.04101 -0.270591 
81.39 3.01202 -0.344563 
81.4 2.9759 -0.421894 
81.41 2.93233 -0.50276 
81.42 2.88096 -0.587327 
81.43 2.82145 -0.675737 
81.44 2.75343 -0.768101 
81.45 2.67651 -0.864477 
81.46 2.59032 -0.964841 
81.47 2.4945 -1.06906 
81.48 2.38868 -1.17683 
81.49 2.27257 -1.28764 
81.5 2.14589 -1.40073 
81.51 2.0085 -1.515 
81.52 1.86034 -1.62894 
81.53 1.70154 -1.74066 
81.54 1.5324 -1.8478 
81.55 1.35349 -1.94762 
81.56 1.16564 -2.03707 
81.57 0.96998 -2.11295 
81.58 0.76793 -2.17218 
81.59 0.561195 -2.212 
81.6 0.35171 -2.23032 
81.61 0.141566 -2.22592 
81.62 -0.0670777 -2.19859 
81.63 -0.272093 -2.1492 
81.64 -0.47148 -2.07956 
81.65 -0.663446 -1.99222 
81.66 -0.846461 -1.8902 
81.67 -1.01929 -1.77669 
81.68 -1.18101 -1.65482 
81.69 -1.33095 -1.52741 
81.7 -1.46873 -1.39687 
81.71 -1.59413 -1.26514 
81.72 -1.70711 -1.13365 
81.73 -1.80776 -1.00341 
81.74 -1.89621 -0.875028 
81.75 -1.97266 -0.748772 
81.76 -2.03732 -0.624663 
81.77 -2.09037 -0.502527 
81.78 -2.132 -0.382052 
81.79 -2.16233 -0.262836 
81.8 -2.18147 -0.144427 
81.81 -2.18947 -0.0263565 
81.82 -2.18634 0.0918307 
81.83 -2.17205 0.210555 
81.84 -2.14654 0.330174 
81.85 -2.1097 0.450963 
81.86 -2.06141 0.573083 
81.87 -2.00156 0.696557 
81.88 -1.93001 0.821232 
81.89 -1.84667 0.946744 
81.9 -1.75148 1.07248 
81.91 -1.64447 1.19756 
81.92 -1.52576 1.32075 
81.93 -1.39558 1.44053 
81.94 -1.25435 1.55504 
81.95 -1.10266 1.66214 
81.96 -0.941321 1.7595 
81.97 -0.771361 1.84474 
81.98 -0.594034 1.91555 
81.99 -0.410797 1.96993 
82 -0.223273 2.00638 
82.01 -0.0331981 2.02403 
82.02 0.157645 2.02281 
82.03 0.347505 2.00341 
82.04 0.53473 1.96727 
82.05 0.717836 1.91643 
82.06 0.89555 1.85334 
82.07 1.06684 1.78068 
82.08 1.23094 1.70109 
82.09 1.3873 1.61709 
82.1 1.53563 1.53091 
82.11 1.6758 1.44441 
82.12 1.80786 1.3591 
82.13 1.93199 1.27608 
82.14 2.04842 1.19614 
82.15 2.15749 1.11974 
82.16 2.25952 1.0471 
82.17 2.35489 0.978229 
82.18 2.44394 0.912997 
82.19 2.527 0.851147 
82.2 2.60438 0.792344 
82.21 2.67634 0.736201 
82.22 2.74313 0.682303 
82.23 2.80491 0.630221 
82.24 2.86186 0.579528 
82.25 2.91408 0.529809 
82.26 2.96165 0.480664 
82.27 3.00459 0.431716 
82.28 3.04292 0.382612 
82.29 3.0766 0.333026 
82.3 3.10558 0.282656 
82.31 3.12975 0.231226 
82.32 -3.13416 0.178483 
82.33 -3.11993 0.124196 
82.34 -3.11089 0.0681513 
82.35 -3.10722 0.0101521 
82.36 -3.10912 -0.0499861 
82.37 -3.11679 -0.112439 
82.38 -3.13046 -0.177375 
82.39 3.13281 -0.244961 
82.4 3.1064 -0.315361 
82.41 3.07322 -0.38874 
82.42 3.03297 -0.465262 
82.43 2.98537 -0.545091 
82.44 2.93008 -0.628379 
82.45 2.86677 -0.715263 
82.46 2.79511 -0.805847 
82.47 2.71474 -0.900186 
82.48 2.6253 -0.998253 
82.49 2.52645 -1.09991 
82.5 2.41786 -1.20486 
82.51 2.29925 -1.31259 
82.52 2.17039 -1.42233 
82.53 2.03114 -1.53297 
82.54 1.88147 -1.64303 
82.55 1.72154 -1.75061 
82.56 1.55167 -1.85337 
82.57 1.37246 -1.94858 
82.58 1.18475 -2.03324 
82.59 0.989685 -2.10419 
82.6 0.788703 -2.15837 
82.61 0.583515 -2.1931 
82.62 0.376056 -2.20632 
82.63 0.168418 -2.19683 
82.64 -0.0372406 -2.16442 
82.65 -0.238792 -2.10994 
82.66 -0.434232 -2.03513 
82.67 -0.621758 -1.94248 
82.68 -0.799823 -1.83491 
82.69 -0.967169 -1.71554 
82.7 -1.12283 -1.58739 
82.71 -1.2661 -1.45322 
82.72 -1.39654 -1.31538 
82.73 -1.51389 -1.17577 
82.74 -1.61806 -1.03581 
82.75 -1.70906 -0.896511 
82.76 -1.78699 -0.758485 
82.77 -1.85198 -0.622042 
82.78 -1.90419 -0.487247 
82.79 -1.94378 -0.353986 
82.8 -1.97086 -0.222025 
82.81 -1.98556 -0.0910568 
82.82 -1.98796 0.0392491 
82.83 -1.97809 0.169211 
82.84 -1.95598 0.299098 
82.85 -1.92162 0.429094 
82.86 -1.87501 0.559268 
82.87 -1.81613 0.689532 
82.88 -1.74497 0.81961 
82.89 -1.66159 0.949003 
82.9 -1.56607 1.07695 
82.91 -1.45861 1.20241 
82.92 -1.33949 1.32405 
82.93 -1.20916 1.44022 
82.94 -1.06821 1.54906 
82.95 -0.917429 1.64849 
82.96 -0.757811 1.73635 
82.97 -0.590541 1.81059 
82.98 -0.416995 1.86934 
82.99 -0.238702 1.91118 
83 -0.0573032 1.93522 
83.01 0.125509 1.94126 
83.02 0.308054 1.92978 
83.03 0.488734 1.90197 
83.04 0.666086 1.85956 
83.05 0.838835 1.80474 
83.06 1.00592 1.7399 
83.07 1.16652 1.66751 
83.08 1.32003 1.58996 
83.09 1.46608 1.50939 
83.1 1.60446 1.42767 
83.11 1.73514 1.34632 
83.12 1.85821 1.26651 
83.13 1.97387 1.1891 
83.14 2.08237 1.11463 
83.15 2.184 1.04342 
83.16 2.27908 0.97557 
83.17 2.36791 0.911005 
83.18 2.45081 0.849539 
83.19 2.52804 0.790893 
83.2 2.59987 0.734724 
83.21 2.6665 0.680651 
83.22 2.72813 0.628271 
83.23 2.78487 0.577172 
83.24 2.83685 0.52695 
83.25 2.88412 0.477207 
83.26 2.9267 0.427566 
83.27 2.9646 0.377665 
83.28 2.99777 0.327167 
83.29 3.02615 0.275757 
83.3 3.04962 0.22314 
83.31 3.06807 0.169042 
83.32 3.08134 0.113211 
83.33 3.08926 0.0554089 
83.34 3.09163 -0.00458646 
83.35 3.08823 -0.0669858 
83.36 3.07884 -0.131991 
83.37 3.06319 -0.199795 
83.38 3.04101 -0.270591 
83.39 3.01202 -0.344563 
83.4 2.9759 -0.421894 
83.41 2.93233 -0.502761 
83.42 2.88096 -0.587327 
83.43 2.82145 -0.675737 
83.44 2.75343 -0.768101 
83.45 2.67651 -0.864477 
83.46 2.59032 -0.964841 
83.47 2.4945 -1.06906 
83.48 2.38868 -1.17683 
83.49 2.27257 -1.28764 
83.5 2.14589 -1.40074 
83.51 2.0085 -1.515 
83.52 1.86034 -1.62894 
83.53 1.70154 -1.74066 
83.54 1.5324 -1.8478 
83.55 1.35349 -1.94762 
83.56 1.16564 -2.03707 
83.57 0.969979 -2.11295 
83.58 0.767929 -2.17218 
83.59 0.561195 -2.212 
83.6 0.35171 -2.23032 
83.61 0.141566 -2.22592 
83.62 -0.0670782 -2.19859 
83.63 -0.272094 -2.1492 
83.64 -0.471481 -2.07956 
83.65 -0.663446 -1.99222 
83.66 -0.846461 -1.8902 
83.67 -1.01929 -1.77669 
83.68 -1.18101 -1.65482 
83.69 -1.33096 -1.52741 
83.7 -1.46873 -1.39687 
83.71 -1.59413 -1.26514 
83.72 -1.70711 -1.13365 
83.73 -1.80776 -1.00341 
83.74 -1.89621 -0.875028 
83.75 -1.97266 -0.748771 
83.76 -2.03732 -0.624663 
83.77 -2.09037 -0.502527 
83.78 -2.132 -0.382052 
83.79 -2.16233 -0.262836 
83.8 -2.18147 -0.144427 
83.81 -2.18947 -0.0263565 
83.82 -2.18634 0.0918308 
83.83 -2.17205 0.210555 
83.84 -2.14654 0.330174 
83.85 -2.1097 0.450963 
83.86 -2.06141 0.573083 
83.87 -2.00156 0.696557 
83.88 -1.93001 0.821232 
83.89 -1.84667 0.946744 
83.9 -1.75148 1.07248 
83.91 -1.64447 1.19756 
83.92 -1.52576 1.32075 
83.93 -1.39558 1.44053 
83.94 -1.25435 1.55504 
83.95 -1.10266 1.66214 
83.96 -0.941321 1.7595 
83.97 -0.771361 1.84474 
83.98 -0.594034 1.91555 
83.99 -0.410797 1.96993 
84 -0.223273 2.00638 
84.01 -0.0331984 2.02403 
84.02 0.157645 2.02281 
84.03 0.347505 2.00341 
84.04 0.53473 1.96727 
84.05 0.717835 1.91643 
84.06 0.895549 1.85334 
84.07 1.06684 1.78068 
84.08 1.23094 1.70109 
84.09 1.3873 1.61709 
84.1 1.53563 1.53091 
84.11 1.6758 1.44441 
84.12 1.80786 1.3591 
84.13 1.93199 1.27608 
84.14 2.04842 1.19614 
84.15 2.15749 1.11974 
84.16 2.25952 1.0471 
84.17 2.35489 0.978229 
84.18 2.44394 0.912997 
84.19 2.527 0.851147 
84.2 2.60438 0.792344 
84.21 2.67634 0.736201 
84.22 2.74312 0.682303 
84.23 2.80491 0.630221 
84.24 2.86186 0.579528 
84.25 2.91408 0.529809 
84.26 2.96165 0.480664 
84.27 3.00459 0.431716 
84.28 3.04292 0.382612 
84.29 3.0766 0.333026 
84.3 3.10558 0.282656 
84.31 3.12975 0.231226 
84.32 -3.13416 0.178483 
84.33 -3.11992 0.124196 
84.34 -3.11089 0.0681514 
84.35 -3.10722 0.0101522 
84.36 -3.10912 -0.0499861 
84.37 -3.11679 -0.112439 
84.38 -3.13046 -0.177375 
84.39 3.13281 -0.244961 
84.4 3.1064 -0.315361 
84.41 3.07322 -0.38874 
84.42 3.03297 -0.465262 
84.43 2.98537 -0.545091 
84.44 2.93008 -0.628379 
84.45 2.86677 -0.715262 
84.46 2.79511 -0.805847 
84.47 2.71474 -0.900186 
84.48 2.6253 -0.998253 
84.49 2.52645 -1.09991 
84.5 2.41786 -1.20486 
84.51 2.29925 -1.31259 
84.52 2.17039 -1.42233 
84.53 2.03114 -1.53297 
84.54 1.88147 -1.64303 
84.55 1.72154 -1.75061 
84.56 1.55167 -1.85337 
84.57 1.37246 -1.94858 
84.58 1.18475 -2.03324 
84.59 0.989685 -2.10419 
84.6 0.788703 -2.15837 
84.61 0.583515 -2.1931 
84.62 0.376056 -2.20632 
84.63 0.168418 -2.19683 
84.64 -0.0372405 -2.16442 
84.65 -0.238792 -2.10994 
84.66 -0.434232 -2.03513 
84.67 -0.621758 -1.94248 
84.68 -0.799823 -1.83491 
84.69 -0.967168 -1.71554 
84.7 -1.12283 -1.58739 
84.71 -1.2661 -1.45322 
84.72 -1.39654 -1.31538 
84.73 -1.51389 -1.17577 
84.74 -1.61806 -1.03581 
84.75 -1.70906 -0.896512 
84.76 -1.78699 -0.758485 
84.77 -1.85198 -0.622042 
84.78 -1.90419 -0.487247 
84.79 -1.94378 -0.353986 
84.8 -1.97086 -0.222025 
84.81 -1.98556 -0.0910568 
84.82 -1.98796 0.039249 
84.83 -1.97809 0.169211 
84.84 -1.95598 0.299098 
84.85 -1.92162 0.429094 
84.86 -1.87501 0.559268 
84.87 -1.81613 0.689532 
84.88 -1.74497 0.81961 
84.89 -1.66159 0.949003 
84.9 -1.56607 1.07695 
84.91 -1.45861 1.20241 
84.92 -1.33949 1.32405 
84.93 -1.20916 1.44022 
84.94 -1.06821 1.54906 
84.95 -0.917429 1.64849 
84.96 -0.757811 1.73635 
84.97 -0.590541 1.81059 
84.98 -0.416995 1.86934 
84.99 -0.238702 1.91118 
85 -0.0573032 1.93522 
85.01 0.125509 1.94126 
85.02 0.308054 1.92978 
85.03 0.488734 1.90197 
85.04 0.666086 1.85956 
85.05 0.838835 1.80474 
85.06 1.00592 1.7399 
85.07 1.16652 1.66751 
85.08 1.32003 1.58996 
85.09 1.46608 1.50939 
85.1 1.60446 1.42767 
85.11 1.73514 1.34632 
85.12 1.85821 1.26651 
85.13 1.97387 1.1891 
85.14 2.08237 1.11463 
85.15 2.184 1.04342 
85.16 2.27908 0.97557 
85.17 2.36791 0.911004 
85.18 2.45081 0.849539 
85.19 2.52804 0.790893 
85.2 2.59987 0.734724 
85.21 2.6665 0.680651 
85.22 2.72813 0.628271 
85.23 2.78487 0.577172 
85.24 2.83685 0.52695 
85.25 2.88412 0.477207 
85.26 2.9267 0.427565 
85.27 2.9646 0.377665 
85.28 2.99777 0.327167 
85.29 3.02615 0.275757 
85.3 3.04962 0.22314 
85.31 3.06807 0.169042 
85.32 3.08134 0.113211 
85.33 3.08926 0.0554089 
85.34 3.09163 -0.0045865 
85.35 3.08823 -0.0669858 
85.36 3.07884 -0.131991 
85.37 3.06319 -0.199796 
85.38 3.04101 -0.270591 
85.39 3.01202 -0.344563 
85.4 2.9759 -0.421894 
85.41 2.93233 -0.502761 
85.42 2.88096 -0.587327 
85.43 2.82145 -0.675737 
85.44 2.75343 -0.768101 
85.45 2.67651 -0.864477 
85.46 2.59032 -0.964841 
85.47 2.4945 -1.06906 
85.48 2.38868 -1.17683 
85.49 2.27257 -1.28764 
85.5 2.14589 -1.40074 
85.51 2.0085 -1.515 
85.52 1.86034 -1.62894 
85.53 1.70154 -1.74066 
85.54 1.5324 -1.8478 
85.55 1.35349 -1.94762 
85.56 1.16564 -2.03707 
85.57 0.969979 -2.11295 
85.58 0.767929 -2.17218 
85.59 0.561195 -2.212 
85.6 0.351709 -2.23032 
85.61 0.141565 -2.22592 
85.62 -0.0670784 -2.19859 
85.63 -0.272094 -2.1492 
85.64 -0.471481 -2.07956 
85.65 -0.663446 -1.99222 
85.66 -0.846461 -1.8902 
85.67 -1.01929 -1.77669 
85.68 -1.18101 -1.65482 
85.69 -1.33096 -1.52741 
85.7 -1.46873 -1.39687 
85.71 -1.59413 -1.26514 
85.72 -1.70711 -1.13365 
85.73 -1.80776 -1.00341 
85.74 -1.89621 -0.875028 
85.75 -1.97266 -0.748771 
85.76 -2.03732 -0.624663 
85.77 -2.09037 -0.502527 
85.78 -2.132 -0.382052 
85.79 -2.16233 -0.262836 
85.8 -2.18147 -0.144426 
85.81 -2.18947 -0.0263564 
85.82 -2.18634 0.0918308 
85.83 -2.17205 0.210555 
85.84 -2.14654 0.330174 
85.85 -2.1097 0.450963 
85.86 -2.06141 0.573083 
85.87 -2.00156 0.696557 
85.88 -1.93001 0.821232 
85.89 -1.84667 0.946744 
85.9 -1.75148 1.07248 
85.91 -1.64447 1.19756 
85.92 -1.52576 1.32075 
85.93 -1.39558 1.44053 
85.94 -1.25435 1.55504 
85.95 -1.10266 1.66214 
85.96 -0.941321 1.7595 
85.97 -0.771362 1.84474 
85.98 -0.594035 1.91555 
85.99 -0.410797 1.96993 
86 -0.223273 2.00638 
86.01 -0.0331985 2.02403 
86.02 0.157645 2.02281 
86.03 0.347504 2.00341 
86.04 0.53473 1.96727 
86.05 0.717835 1.91643 
86.06 0.895549 1.85334 
86.07 1.06684 1.78068 
86.08 1.23094 1.70109 
86.09 1.3873 1.61709 
86.1 1.53563 1.53091 
86.11 1.6758 1.44441 
86.12 1.80786 1.3591 
86.13 1.93199 1.27608 
86.14 2.04842 1.19614 
86.15 2.15749 1.11974 
86.16 2.25952 1.0471 
86.17 2.35489 0.978229 
86.18 2.44394 0.912997 
86.19 2.527 0.851147 
86.2 2.60438 0.792344 
86.21 2.67634 0.736201 
86.22 2.74312 0.682303 
86.23 2.80491 0.630221 
86.24 2.86186 0.579528 
86.25 2.91408 0.529809 
86.26 2.96165 0.480664 
86.27 3.00459 0.431716 
86.28 3.04292 0.382612 
86.29 3.0766 0.333026 
86.3 3.10558 0.282656 
86.31 3.12975 0.231226 
86.32 -3.13416 0.178483 
86.33 -3.11992 0.124196 
86.34 -3.11089 0.0681514 
86.35 -3.10722 0.0101522 
86.36 -3.10912 -0.0499861 
86.37 -3.11679 -0.112439 
86.38 -3.13046 -0.177375 
86.39 3.13281 -0.244961 
86.4 3.1064 -0.315361 
86.41 3.07322 -0.38874 
86.42 3.03297 -0.465262 
86.43 2.98537 -0.545091 
86.44 2.93008 -0.628379 
86.45 2.86677 -0.715262 
86.46 2.79511 -0.805847 
86.47 2.71474 -0.900186 
86.48 2.6253 -0.998253 
86.49 2.52645 -1.09991 
86.5 2.41786 -1.20486 
86.51 2.29925 -1.31259 
86.52 2.17039 -1.42233 
86.53 2.03114 -1.53297 
86.54 1.88147 -1.64303 
86.55 1.72154 -1.75061 
86.56 1.55167 -1.85337 
86.57 1.37246 -1.94858 
86.58 1.18475 -2.03324 
86.59 0.989685 -2.10419 
86.6 0.788703 -2.15837 
86.61 0.583515 -2.1931 
86.62 0.376056 -2.20632 
86.63 0.168418 -2.19683 
86.64 -0.0372404 -2.16442 
86.65 -0.238792 -2.10994 
86.66 -0.434232 -2.03513 
86.67 -0.621758 -1.94248 
86.68 -0.799823 -1.83491 
86.69 -0.967168 -1.71554 
86.7 -1.12283 -1.58739 
86.71 -1.2661 -1.45322 
86.72 -1.39654 -1.31538 
86.73 -1.51389 -1.17577 
86.74 -1.61806 -1.03581 
86.75 -1.70906 -0.896512 
86.76 -1.78699 -0.758485 
86.77 -1.85198 -0.622042 
86.78 -1.90419 -0.487247 
86.79 -1.94378 -0.353986 
86.8 -1.97086 -0.222025 
86.81 -1.98556 -0.0910568 
86.82 -1.98796 0.039249 
86.83 -1.97809 0.169211 
86.84 -1.95598 0.299098 
86.85 -1.92162 0.429094 
86.86 -1.87501 0.559268 
86.87 -1.81613 0.689532 
86.88 -1.74497 0.81961 
86.89 -1.66159 0.949003 
86.9 -1.56607 1.07695 
86.91 -1.45861 1.20241 
86.92 -1.33949 1.32405 
86.93 -1.20916 1.44022 
86.94 -1.06821 1.54906 
86.95 -0.917429 1.64849 
86.96 -0.757811 1.73635 
86.97 -0.590541 1.81059 
86.98 -0.416995 1.86934 
86.99 -0.238702 1.91118 
87 -0.0573032 1.93522 
87.01 0.125509 1.94126 
87.02 0.308054 1.92978 
87.03 0.488734 1.90197 
87.04 0.666086 1.85956 
87.05 0.838835 1.80474 
87.06 1.00592 1.7399 
87.07 1.16652 1.66751 
87.08 1.32003 1.58996 
87.09 1.46608 1.50939 
87.1 1.60446 1.42767 
87.11 1.73514 1.34632 
87.12 1.85821 1.26651 
87.13 1.97387 1.1891 
87.14 2.08237 1.11463 
87.15 2.184 1.04342 
87.16 2.27908 0.97557 
87.17 2.36791 0.911004 
87.18 2.45081 0.849539 
87.19 2.52804 0.790893 
87.2 2.59987 0.734724 
87.21 2.6665 0.680651 
87.22 2.72813 0.628271 
87.23 2.78487 0.577172 
87.24 2.83685 0.52695 
87.25 2.88412 0.477207 
87.26 2.9267 0.427565 
87.27 2.9646 0.377665 
87.28 2.99777 0.327167 
87.29 3.02615 0.275757 
87.3 3.04962 0.223139 
87.31 3.06807 0.169042 
87.32 3.08134 0.113211 
87.33 3.08926 0.0554089 
87.34 3.09163 -0.00458652 
87.35 3.08823 -0.0669858 
87.36 3.07884 -0.131991 
87.37 3.06319 -0.199796 
87.38 3.04101 -0.270591 
87.39 3.01202 -0.344563 
87.4 2.9759 -0.421894 
87.41 2.93233 -0.502761 
87.42 2.88096 -0.587327 
87.43 2.82145 -0.675737 
87.44 2.75343 -0.768101 
87.45 2.67651 -0.864477 
87.46 2.59032 -0.964842 
87.47 2.4945 -1.06906 
87.48 2.38868 -1.17683 
87.49 2.27257 -1.28764 
87.5 2.14589 -1.40074 
87.51 2.0085 -1.515 
87.52 1.86034 -1.62894 
87.53 1.70154 -1.74066 
87.54 1.5324 -1.8478 
87.55 1.35349 -1.94762 
87.56 1.16564 -2.03707 
87.57 0.969979 -2.11295 
87.58 0.767929 -2.17218 
87.59 0.561194 -2.212 
87.6 0.351709 -2.23032 
87.61 0.141565 -2.22592 
87.62 -0.0670785 -2.19859 
87.63 -0.272094 -2.1492 
87.64 -0.471481 -2.07956 
87.65 -0.663446 -1.99222 
87.66 -0.846461 -1.8902 
87.67 -1.01929 -1.77669 
87.68 -1.18101 -1.65482 
87.69 -1.33096 -1.52741 
87.7 -1.46873 -1.39687 
87.71 -1.59413 -1.26514 
87.72 -1.70711 -1.13365 
87.73 -1.80776 -1.00341 
87.74 -1.89621 -0.875028 
87.75 -1.97266 -0.748771 
87.76 -2.03732 -0.624663 
87.77 -2.09037 -0.502527 
87.78 -2.132 -0.382052 
87.79 -2.16233 -0.262836 
87.8 -2.18147 -0.144426 
87.81 -2.18947 -0.0263564 
87.82 -2.18634 0.0918308 
87.83 -2.17205 0.210555 
87.84 -2.14654 0.330174 
87.85 -2.1097 0.450963 
87.86 -2.06141 0.573083 
87.87 -2.00156 0.696557 
87.88 -1.93001 0.821232 
87.89 -1.84667 0.946744 
87.9 -1.75148 1.07248 
87.91 -1.64447 1.19756 
87.92 -1.52576 1.32075 
87.93 -1.39558 1.44053 
87.94 -1.25435 1.55504 
87.95 -1.10266 1.66214 
87.96 -0.941321 1.7595 
87.97 -0.771362 1.84474 
87.98 -0.594035 1.91555 
87.99 -0.410797 1.96993 
88 -0.223273 2.00638 
88.01 -0.0331985 2.02403 
88.02 0.157645 2.02281 
88.03 0.347504 2.00341 
88.04 0.53473 1.96727 
88.05 0.717835 1.91643 
88.06 0.895549 1.85334 
88.07 1.06684 1.78068 
88.08 1.23094 1.70109 
88.09 1.3873 1.61709 
88.1 1.53563 1.53091 
88.11 1.6758 1.44441 
88.12 1.80786 1.3591 
88.13 1.93199 1.27608 
88.14 2.04842 1.19614 
88.15 2.15749 1.11974 
88.16 2.25952 1.0471 
88.17 2.35489 0.978229 
88.18 2.44394 0.912997 
88.19 2.527 0.851147 
88.2 2.60438 0.792344 
88.21 2.67634 0.736201 
88.22 2.74312 0.682303 
88.23 2.80491 0.630221 
88.24 2.86186 0.579528 
88.25 2.91408 0.529809 
88.26 2.96165 0.480664 
88.27 3.00459 0.431716 
88.28 3.04292 0.382612 
88.29 3.0766 0.333026 
88.3 3.10558 0.282656 
88.31 3.12975 0.231226 
88.32 -3.13416 0.178483 
88.33 -3.11992 0.124196 
88.34 -3.11089 0.0681514 
88.35 -3.10722 0.0101522 
88.36 -3.10912 -0.0499861 
88.37 -3.11679 -0.112439 
88.38 -3.13046 -0.177375 
88.39 3.13281 -0.244961 
88.4 3.1064 -0.315361 
88.41 3.07322 -0.38874 
88.42 3.03297 -0.465262 
88.43 2.98537 -0.545091 
88.44 2.93008 -0.628379 
88.45 2.86677 -0.715262 
88.46 2.79511 -0.805847 
88.47 2.71474 -0.900186 
88.48 2.6253 -0.998253 
88.49 2.52645 -1.09991 
88.5 2.41786 -1.20486 
88.51 2.29925 -1.31259 
88.52 2.17039 -1.42233 
88.53 2.03114 -1.53297 
88.54 1.88147 -1.64303 
88.55 1.72154 -1.75061 
88.56 1.55167 -1.85337 
88.57 1.37246 -1.94858 
88.58 1.18475 -2.03324 
88.59 0.989685 -2.10419 
88.6 0.788704 -2.15837 
88.61 0.583515 -2.1931 
88.62 0.376056 -2.20632 
88.63 0.168418 -2.19683 
88.64 -0.0372403 -2.16442 
88.65 -0.238792 -2.10994 
88.66 -0.434232 -2.03513 
88.67 -0.621758 -1.94248 
88.68 -0.799823 -1.83491 
88.69 -0.967168 -1.71554 
88.7 -1.12283 -1.58739 
88.71 -1.2661 -1.45322 
88.72 -1.39654 -1.31538 
88.73 -1.51389 -1.17577 
88.74 -1.61806 -1.03581 
88.75 -1.70906 -0.896512 
88.76 -1.78699 -0.758485 
88.77 -1.85198 -0.622042 
88.78 -1.90419 -0.487247 
88.79 -1.94378 -0.353986 
88.8 -1.97086 -0.222025 
88.81 -1.98556 -0.0910568 
88.82 -1.98796 0.039249 
88.83 -1.97809 0.169211 
88.84 -1.95598 0.299098 
88.85 -1.92162 0.429094 
88.86 -1.87501 0.559268 
88.87 -1.81613 0.689532 
88.88 -1.74497 0.81961 
88.89 -1.66159 0.949003 
88.9 -1.56607 1.07695 
88.91 -1.45861 1.20241 
88.92 -1.33949 1.32405 
88.93 -1.20916 1.44022 
88.94 -1.06821 1.54906 
88.95 -0.917429 1.64849 
88.96 -0.757811 1.73635 
88.97 -0.590541 1.81059 
88.98 -0.416995 1.86934 
88.99 -0.238702 1.91118 
89 -0.0573032 1.93522 
89.01 0.125509 1.94126 
89.02 0.308054 1.92978 
89.03 0.488734 1.90197 
89.04 0.666086 1.85956 
89.05 0.838835 1.80474 
89.06 1.00592 1.7399 
89.07 1.16652 1.66751 
89.08 1.32003 1.58996 
89.09 1.46608 1.50939 
89.1 1.60446 1.42767 
89.11 1.73514 1.34632 
89.12 1.85821 1.26651 
89.13 1.97387 1.1891 
89.14 2.08237 1.11463 
89.15 2.184 1.04342 
89.16 2.27908 0.97557 
89.17 2.36791 0.911004 
89.18 2.45081 0.849539 
89.19 2.52804 0.790893 
89.2 2.59987 0.734724 
89.21 2.6665 0.680651 
89.22 2.72813 0.628271 
89.23 2.78487 0.577172 
89.24 2.83685 0.52695 
89.25 2.88412 0.477207 
89.26 2.9267 0.427565 
89.27 2.9646 0.377665 
89.28 2.99777 0.327167 
89.29 3.02615 0.275757 
89.3 3.04962 0.223139 
89.31 3.06807 0.169042 
89.32 3.08134 0.113211 
89.33 3.08926 0.0554089 
89.34 3.09163 -0.00458652 
89.35 3.08823 -0.0669858 
89.36 3.07884 -0.131991 
89.37 3.06319 -0.199796 
89.38 3.04101 -0.270591 
89.39 3.01202 -0.344563 
89.4 2.9759 -0.421894 
89.41 2.93233 -0.502761 
89.42 2.88096 -0.587327 
89.43 2.82145 -0.675737 
89.44 2.75343 -0.768102 
89.45 2.67651 -0.864477 
89.46 2.59032 -0.964842 
89.47 2.4945 -1.06906 
89.48 2.38868 -1.17683 
89.49 2.27257 -1.28764 
89.5 2.14589 -1.40074 
89.51 2.0085 -1.515 
89.52 1.86034 -1.62894 
89.53 1.70154 -1.74066 
89.54 1.5324 -1.8478 
89.55 1.35349 -1.94762 
89.56 1.16564 -2.03707 
89.57 0.969979 -2.11295 
89.58 0.767929 -2.17218 
89.59 0.561194 -2.212 
89.6 0.351709 -2.23032 
89.61 0.141565 -2.22592 
89.62 -0.0670786 -2.19859 
89.63 -0.272094 -2.1492 
89.64 -0.471481 -2.07956 
89.65 -0.663446 -1.99222 
89.66 -0.846461 -1.8902 
89.67 -1.01929 -1.77669 
89.68 -1.18101 -1.65482 
89.69 -1.33096 -1.52741 
89.7 -1.46873 -1.39687 
89.71 -1.59413 -1.26514 
89.72 -1.70711 -1.13365 
89.73 -1.80776 -1.00341 
89.74 -1.89621 -0.875028 
89.75 -1.97266 -0.748771 
89.76 -2.03732 -0.624663 
89.77 -2.09037 -0.502527 
89.78 -2.132 -0.382052 
89.79 -2.16233 -0.262836 
89.8 -2.18147 -0.144426 
89.81 -2.18947 -0.0263564 
89.82 -2.18634 0.0918308 
89.83 -2.17205 0.210555 
89.84 -2.14654 0.330174 
89.85 -2.1097 0.450963 
89.86 -2.06141 0.573083 
89.87 -2.00156 0.696557 
89.88 -1.93001 0.821232 
89.89 -1.84667 0.946744 
89.9 -1.75148 1.07248 
89.91 -1.64447 1.19756 
89.92 -1.52576 1.32075 
89.93 -1.39558 1.44053 
89.94 -1.25435 1.55504 
89.95 -1.10266 1.66214 
89.96 -0.941321 1.7595 
89.97 -0.771362 1.84474 
89.98 -0.594035 1.91555 
89.99 -0.410797 1.96993 
90 -0.223273 2.00638 
90.01 -0.0331985 2.02403 
90.02 0.157645 2.02281 
90.03 0.347504 2.00341 
90.04 0.53473 1.96727 
90.05 0.717835 1.91643 
90.06 0.895549 1.85334 
90.07 1.06684 1.78068 
90.08 1.23094 1.70109 
90.09 1.3873 1.61709 
90.1 1.53563 1.53091 
90.11 1.6758 1.44441 
90.12 1.80786 1.3591 
90.13 1.93199 1.27608 
90.14 2.04842 1.19614 
90.15 2.15749 1.11974 
90.16 2.25952 1.0471 
90.17 2.35489 0.978229 
90.18 2.44394 0.912997 
90.19 2.527 0.851147 
90.2 2.60438 0.792344 
90.21 2.67634 0.736201 
90.22 2.74312 0.682303 
90.23 2.80491 0.630221 
90.24 2.86186 0.579528 
90.25 2.91408 0.529809 
90.26 2.96165 0.480664 
90.27 3.00459 0.431716 
90.28 3.04292 0.382612 
90.29 3.0766 0.333026 
90.3 3.10558 0.282656 
90.31 3.12975 0.231226 
90.32 -3.13416 0.178483 
90.33 -3.11992 0.124196 
90.34 -3.11089 0.0681514 
90.35 -3.10722 0.0101522 
90.36 -3.10912 -0.0499861 
90.37 -3.11679 -0.112439 
90.38 -3.13046 -0.177375 
90.39 3.13281 -0.244961 
90.4 3.1064 -0.315361 
90.41 3.07322 -0.38874 
90.42 3.03297 -0.465262 
90.43 2.98537 -0.545091 
90.44 2.93008 -0.628379 
90.45 2.86677 -0.715262 
90.46 2.79511 -0.805847 
90.47 2.71474 -0.900186 
90.48 2.6253 -0.998253 
90.49 2.52645 -1.09991 
90.5 2.41786 -1.20486 
90.51 2.29925 -1.31259 
90.52 2.17039 -1.42233 
90.53 2.03114 -1.53297 
90.54 1.88147 -1.64303 
90.55 1.72154 -1.75061 
90.56 1.55167 -1.85337 
90.57 1.37246 -1.94858 
90.58 1.18475 -2.03324 
90.59 0.989685 -2.10419 
90.6 0.788704 -2.15837 
90.61 0.583515 -2.1931 
90.62 0.376056 -2.20632 
90.63 0.168418 -2.19683 
90.64 -0.0372403 -2.16442 
90.65 -0.238792 -2.10994 
90.66 -0.434232 -2.03513 
90.67 -0.621758 -1.94248 
90.68 -0.799823 -1.83491 
90.69 -0.967168 -1.71554 
90.7 -1.12283 -1.58739 
90.71 -1.2661 -1.45322 
90.72 -1.39654 -1.31538 
90.73 -1.51389 -1.17577 
90.74 -1.61806 -1.03581 
90.75 -1.70906 -0.896512 
90.76 -1.78699 -0.758485 
90.77 -1.85198 -0.622042 
90.78 -1.90419 -0.487247 
90.79 -1.94378 -0.353986 
90.8 -1.97086 -0.222025 
90.81 -1.98556 -0.0910568 
90.82 -1.98796 0.039249 
90.83 -1.97809 0.169211 
90.84 -1.95598 0.299098 
90.85 -1.92162 0.429094 
90.86 -1.87501 0.559268 
90.87 -1.81613 0.689532 
90.88 -1.74497 0.81961 
90.89 -1.66159 0.949003 
90.9 -1.56607 1.07695 
90.91 -1.45861 1.20241 
90.92 -1.33949 1.32405 
90.93 -1.20916 1.44022 
90.94 -1.06821 1.54906 
90.95 -0.917429 1.64849 
90.96 -0.757811 1.73635 
90.97 -0.590541 1.81059 
90.98 -0.416995 1.86934 
90.99 -0.238702 1.91118 
91 -0.0573032 1.93522 
91.01 0.125509 1.94126 
91.02 0.308054 1.92978 
91.03 0.488734 1.90197 
91.04 0.666086 1.85956 
91.05 0.838835 1.80474 
91.06 1.00592 1.7399 
91.07 1.16652 1.66751 
91.08 1.32003 1.58996 
91.09 1.46608 1.50939 
91.1 1.60446 1.42767 
91.11 1.73514 1.34632 
91.12 1.85821 1.26651 
91.13 1.97387 1.1891 
91.14 2.08237 1.11463 
91.15 2.184 1.04342 
91.16 2.27908 0.97557 
91.17 2.36791 0.911004 
91.18 2.45081 0.849539 
91.19 2.52804 0.790893 
91.2 2.59987 0.734724 
91.21 2.6665 0.680651 
91.22 2.72813 0.628271 
91.23 2.78487 0.577172 
91.24 2.83685 0.52695 
91.25 2.88412 0.477207 
91.26 2.9267 0.427565 
91.27 2.9646 0.377665 
91.28 2.99777 0.327167 
91.29 3.02615 0.275757 
91.3 3.04962 0.223139 
91.31 3.06807 0.169042 
91.32 3.08134 0.113211 
91.33 3.08926 0.0554089 
91.34 3.09163 -0.00458653 
91.35 3.08823 -0.0669859 
91.36 3.07884 -0.131991 
91.37 3.06319 -0.199796 
91.38 3.04101 -0.270591 
91.39 3.01202 -0.344563 
91.4 2.9759 -0.421894 
91.41 2.93233 -0.502761 
91.42 2.88096 -0.587327 
91.43 2.82145 -0.675737 
91.44 2.75343 -0.768102 
91.45 2.67651 -0.864477 
91.46 2.59032 -0.964842 
91.47 2.4945 -1.06906 
91.48 2.38868 -1.17683 
91.49 2.27257 -1.28764 
91.5 2.14589 -1.40074 
91.51 2.0085 -1.515 
91.52 1.86034 -1.62894 
91.53 1.70154 -1.74066 
91.54 1.5324 -1.8478 
91.55 1.35349 -1.94762 
91.56 1.16564 -2.03707 
91.57 0.969979 -2.11295 
91.58 0.767929 -2.17218 
91.59 0.561194 -2.212 
91.6 0.351709 -2.23032 
91.61 0.141565 -2.22592 
91.62 -0.0670786 -2.19859 
91.63 -0.272094 -2.1492 
91.64 -0.471481 -2.07956 
91.65 -0.663446 -1.99222 
91.66 -0.846461 -1.8902 
91.67 -1.01929 -1.77669 
91.68 -1.18101 -1.65482 
91.69 -1.33096 -1.52741 
91.7 -1.46873 -1.39687 
91.71 -1.59413 -1.26514 
91.72 -1.70711 -1.13365 
91.73 -1.80776 -1.00341 
91.74 -1.89621 -0.875028 
91.75 -1.97266 -0.748771 
91.76 -2.03732 -0.624663 
91.77 -2.09037 -0.502527 
91.78 -2.132 -0.382052 
91.79 -2.16233 -0.262836 
91.8 -2.18147 -0.144426 
91.81 -2.18947 -0.0263564 
91.82 -2.18634 0.0918308 
91.83 -2.17205 0.210555 
91.84 -2.14654 0.330174 
91.85 -2.1097 0.450963 
91.86 -2.06141 0.573083 
91.87 -2.00156 0.696557 
91.88 -1.93001 0.821232 
91.89 -1.84667 0.946744 
91.9 -1.75148 1.07248 
91.91 -1.64447 1.19756 
91.92 -1.52576 1.32075 
91.93 -1.39558 1.44053 
91.94 -1.25435 1.55504 
91.95 -1.10266 1.66214 
91.96 -0.941321 1.7595 
91.97 -0.771362 1.84474 
91.98 -0.594035 1.91555 
91.99 -0.410797 1.96993 
92 -0.223273 2.00638 
92.01 -0.0331986 2.02403 
92.02 0.157645 2.02281 
92.03 0.347504 2.00341 
92.04 0.53473 1.96727 
92.05 0.717835 1.91643 
92.06 0.895549 1.85334 
92.07 1.06684 1.78068 
92.08 1.23094 1.70109 
92.09 1.3873 1.61709 
92.1 1.53563 1.53091 
92.11 1.6758 1.44441 
92.12 1.80786 1.3591 
92.13 1.93199 1.27608 
92.14 2.04842 1.19614 
92.15 2.15749 1.11974 
92.16 2.25952 1.0471 
92.17 2.35489 0.978229 
92.18 2.44394 0.912997 
92.19 2.527 0.851147 
92.2 2.60438 0.792344 
92.21 2.67634 0.736201 
92.22 2.74312 0.682303 
92.23 2.80491 0.630221 
92.24 2.86186 0.579528 
92.25 2.91408 0.529809 
92.26 2.96165 0.480664 
92.27 3.00459 0.431716 
92.28 3.04292 0.382612 
92.29 3.0766 0.333026 
92.3 3.10558 0.282656 
92.31 3.12975 0.231226 
92.32 -3.13416 0.178483 
92.33 -3.11992 0.124196 
92.34 -3.11089 0.0681514 
92.35 -3.10722 0.0101522 
92.36 -3.10912 -0.0499861 
92.37 -3.11679 -0.112439 
92.38 -3.13046 -0.177375 
92.39 3.13281 -0.244961 
92.4 3.1064 -0.315361 
92.41 3.07322 -0.38874 
92.42 3.03297 -0.465262 
92.43 2.98537 -0.545091 
92.44 2.93008 -0.628379 
92.45 2.86677 -0.715262 
92.46 2.79511 -0.805847 
92.47 2.71474 -0.900186 
92.48 2.6253 -0.998253 
92.49 2.52645 -1.09991 
92.5 2.41786 -1.20486 
92.51 2.29925 -1.31259 
92.52 2.17039 -1.42233 
92.53 2.03114 -1.53297 
92.54 1.88147 -1.64303 
92.55 1.72154 -1.75061 
92.56 1.55167 -1.85337 
92.57 1.37246 -1.94858 
92.58 1.18475 -2.03324 
92.59 0.989685 -2.10419 
92.6 0.788704 -2.15837 
92.61 0.583515 -2.1931 
92.62 0.376056 -2.20632 
92.63 0.168418 -2.19683 
92.64 -0.0372403 -2.16442 
92.65 -0.238792 -2.10994 
92.66 -0.434232 -2.03513 
92.67 -0.621758 -1.94248 
92.68 -0.799823 -1.83491 
92.69 -0.967168 -1.71554 
92.7 -1.12283 -1.58739 
92.71 -1.2661 -1.45322 
92.72 -1.39654 -1.31538 
92.73 -1.51389 -1.17577 
92.74 -1.61806 -1.03581 
92.75 -1.70906 -0.896512 
92.76 -1.78699 -0.758485 
92.77 -1.85198 -0.622042 
92.78 -1.90419 -0.487247 
92.79 -1.94378 -0.353986 
92.8 -1.97086 -0.222025 
92.81 -1.98556 -0.0910568 
92.82 -1.98796 0.039249 
92.83 -1.97809 0.169211 
92.84 -1.95598 0.299098 
92.85 -1.92162 0.429094 
92.86 -1.87501 0.559268 
92.87 -1.81613 0.689532 
92.88 -1.74497 0.81961 
92.89 -1.66159 0.949003 
92.9 -1.56607 1.07695 
92.91 -1.45861 1.20241 
92.92 -1.33949 1.32405 
92.93 -1.20916 1.44022 
92.94 -1.06821 1.54906 
92.95 -0.917429 1.64849 
92.96 -0.757811 1.73635 
92.97 -0.590541 1.81059 
92.98 -0.416995 1.86934 
92.99 -0.238702 1.91118 
93 -0.0573031 1.93522 
93.01 0.125509 1.94126 
93.02 0.308054 1.92978 
93.03 0.488734 1.90197 
93.04 0.666086 1.85956 
93.05 0.838835 1.80474 
93.06 1.00592 1.7399 
93.07 1.16652 1.66751 
93.08 1.32003 1.58996 
93.09 1.46608 1.50939 
93.1 1.60446 1.42767 
93.11 1.73514 1.34632 
93.12 1.85821 1.26651 
93.13 1.97387 1.1891 
93.14 2.08237 1.11463 
93.15 2.184 1.04342 
93.16 2.27908 0.97557 
93.17 2.36791 0.911004 
93.18 2.45081 0.849539 
93.19 2.52804 0.790893 
93.2 2.59987 0.734724 
93.21 2.6665 0.680651 
93.22 2.72813 0.628271 
93.23 2.78487 0.577172 
93.24 2.83685 0.52695 
93.25 2.88412 0.477207 
93.26 2.9267 0.427565 
93.27 2.9646 0.377665 
93.28 2.99777 0.327167 
93.29 3.02615 0.275757 
93.3 3.04962 0.223139 
93.31 3.06807 0.169042 
93.32 3.08134 0.113211 
93.33 3.08926 0.0554089 
93.34 3.09163 -0.00458653 
93.35 3.08823 -0.0669859 
93.36 3.07884 -0.131991 
93.37 3.06319 -0.199796 
93.38 3.04101 -0.270591 
93.39 3.01202 -0.344563 
93.4 2.9759 -0.421894 
93.41 2.93233 -0.502761 
93.42 2.88096 -0.587327 
93.43 2.82145 -0.675737 
93.44 2.75343 -0.768102 
93.45 2.67651 -0.864477 
93.46 2.59032 -0.964842 
93.47 2.4945 -1.06906 
93.48 2.38868 -1.17683 
93.49 2.27257 -1.28764 
93.5 2.14589 -1.40074 
93.51 2.0085 -1.515 
93.52 1.86034 -1.62894 
93.53 1.70154 -1.74066 
93.54 1.5324 -1.8478 
93.55 1.35349 -1.94762 
93.56 1.16564 -2.03707 
93.57 0.969979 -2.11295 
93.58 0.767929 -2.17218 
93.59 0.561194 -2.212 
93.6 0.351709 -2.23032 
93.61 0.141565 -2.22592 
93.62 -0.0670786 -2.19859 
93.63 -0.272094 -2.1492 
93.64 -0.471481 -2.07956 
93.65 -0.663446 -1.99222 
93.66 -0.846461 -1.8902 
93.67 -1.01929 -1.77669 
93.68 -1.18101 -1.65482 
93.69 -1.33096 -1.52741 
93.7 -1.46873 -1.39687 
93.71 -1.59413 -1.26514 
93.72 -1.70711 -1.13365 
93.73 -1.80776 -1.00341 
93.74 -1.89621 -0.875028 
93.75 -1.97266 -0.748771 
93.76 -2.03732 -0.624663 
93.77 -2.09037 -0.502527 
93.78 -2.132 -0.382052 
93.79 -2.16233 -0.262836 
93.8 -2.18147 -0.144426 
93.81 -2.18947 -0.0263564 
93.82 -2.18634 0.0918308 
93.83 -2.17205 0.210555 
93.84 -2.14654 0.330174 
93.85 -2.1097 0.450963 
93.86 -2.06141 0.573083 
93.87 -2.00156 0.696557 
93.88 -1.93001 0.821232 
93.89 -1.84667 0.946744 
93.9 -1.75148 1.07248 
93.91 -1.64447 1.19756 
93.92 -1.52576 1.32075 
93.93 -1.39558 1.44053 
93.94 -1.25435 1.55504 
93.95 -1.10266 1.66214 
93.96 -0.941321 1.7595 
93.97 -0.771362 1.84474 
93.98 -0.594035 1.91555 
93.99 -0.410797 1.96993 
94 -0.223273 2.00638 
94.01 -0.0331986 2.02403 
94.02 0.157645 2.02281 
94.03 0.347504 2.00341 
94.04 0.53473 1.96727 
94.05 0.717835 1.91643 
94.06 0.895549 1.85334 
94.07 1.06684 1.78068 
94.08 1.23094 1.70109 
94.09 1.3873 1.61709 
94.1 1.53563 1.53091 
94.11 1.6758 1.44441 
94.12 1.80786 1.3591 
94.13 1.93199 1.27608 
94.14 2.04842 1.19614 
94.15 2.15749 1.11974 
94.16 2.25952 1.0471 
94.17 2.35489 0.978229 
94.18 2.44394 0.912997 
94.19 2.527 0.851147 
94.2 2.60438 0.792344 
94.21 2.67634 0.736201 
94.22 2.74312 0.682303 
94.23 2.80491 0.630221 
94.24 2.86186 0.579528 
94.25 2.91408 0.529809 
94.26 2.96165 0.480664 
94.27 3.00459 0.431716 
94.28 3.04292 0.382612 
94.29 3.0766 0.333026 
94.3 3.10558 0.282656 
94.31 3.12975 0.231226 
94.32 -3.13416 0.178483 
94.33 -3.11992 0.124196 
94.34 -3.11089 0.0681514 
94.35 -3.10722 0.0101522 
94.36 -3.10912 -0.0499861 
94.37 -3.11679 -0.112439 
94.38 -3.13046 -0.177375 
94.39 3.13281 -0.244961 
94.4 3.1064 -0.315361 
94.41 3.07322 -0.38874 
94.42 3.03297 -0.465262 
94.43 2.98537 -0.545091 
94.44 2.93008 -0.628379 
94.45 2.86677 -0.715262 
94.46 2.79511 -0.805847 
94.47 2.71474 -0.900186 
94.48 2.6253 -0.998253 
94.49 2.52645 -1.09991 
94.5 2.41786 -1.20486 
94.51 2.29925 -1.31259 
94.52 2.17039 -1.42233 
94.53 2.03114 -1.53297 
94.54 1.88147 -1.64303 
94.55 1.72154 -1.75061 
94.56 1.55167 -1.85337 
94.57 1.37246 -1.94858 
94.58 1.18475 -2.03324 
94.59 0.989685 -2.10419 
94.6 0.788704 -2.15837 
94.61 0.583515 -2.1931 
94.62 0.376056 -2.20632 
94.63 0.168418 -2.19683 
94.64 -0.0372403 -2.16442 
94.65 -0.238792 -2.10994 
94.66 -0.434232 -2.03513 
94.67 -0.621758 -1.94248 
94.68 -0.799823 -1.83491 
94.69 -0.967168 -1.71554 
94.7 -1.12283 -1.58739 
94.71 -1.2661 -1.45322 
94.72 -1.39654 -1.31538 
94.73 -1.51389 -1.17577 
94.74 -1.61806 -1.03581 
94.75 -1.70906 -0.896512 
94.76 -1.78699 -0.758485 
94.77 -1.85198 -0.622042 
94.78 -1.90419 -0.487247 
94.79 -1.94378 -0.353986 
94.8 -1.97086 -0.222025 
94.81 -1.98556 -0.0910568 
94.82 -1.98796 0.039249 
94.83 -1.97809 0.169211 
94.84 -1.95598 0.299098 
94.85 -1.92162 0.429094 
94.86 -1.87501 0.559268 
94.87 -1.81613 0.689532 
94.88 -1.74497 0.81961 
94.89 -1.66159 0.949003 
94.9 -1.56607 1.07695 
94.91 -1.45861 1.20241 
94.92 -1.33949 1.32405 
94.93 -1.20916 1.44022 
94.94 -1.06821 1.54906 
94.95 -0.917429 1.64849 
94.96 -0.757811 1.73635 
94.97 -0.590541 1.81059 
94.98 -0.416995 1.86934 
94.99 -0.238702 1.91118 
95 -0.0573031 1.93522 
95.01 0.125509 1.94126 
95.02 0.308054 1.92978 
95.03 0.488734 1.90197 
95.04 0.666086 1.85956 
95.05 0.838835 1.80474 
95.06 1.00592 1.7399 
95.07 1.16652 1.66751 
95.08 1.32003 1.58996 
95.09 1.46608 1.50939 
95.1 1.60446 1.42767 
95.11 1.73514 1.34632 
95.12 1.85821 1.26651 
95.13 1.97387 1.1891 
95.14 2.08237 1.11463 
95.15 2.184 1.04342 
95.16 2.27908 0.97557 
95.17 2.36791 0.911004 
95.18 2.45081 0.849539 
95.19 2.52804 0.790893 
95.2 2.59987 0.734724 
95.21 2.6665 0.680651 
95.22 2.72813 0.628271 
95.23 2.78487 0.577172 
95.24 2.83685 0.52695 
95.25 2.88412 0.477207 
95.26 2.9267 0.427565 
95.27 2.9646 0.377665 
95.28 2.99777 0.327167 
95.29 3.02615 0.275757 
95.3 3.04962 0.223139 
95.31 3.06807 0.169042 
95.32 3.08134 0.113211 
95.33 3.08926 0.0554089 
95.34 3.09163 -0.00458653 
95.35 3.08823 -0.0669859 
95.36 3.07884 -0.131991 
95.37 3.06319 -0.199796 
95.38 3.04101 -0.270591 
95.39 3.01202 -0.344563 
95.4 2.9759 -0.421894 
95.41 2.93233 -0.502761 
95.42 2.88096 -0.587327 
95.43 2.82145 -0.675737 
95.44 2.75343 -0.768102 
95.45 2.67651 -0.864477 
95.46 2.59032 -0.964842 
95.47 2.4945 -1.06906 
95.48 2.38868 -1.17683 
95.49 2.27257 -1.28764 
95.5 2.14589 -1.40074 
95.51 2.0085 -1.515 
95.52 1.86034 -1.62894 
95.53 1.70154 -1.74066 
95.54 1.5324 -1.8478 
95.55 1.35349 -1.94762 
95.56 1.16564 -2.03707 
95.57 0.969979 -2.11295 
95.58 0.767929 -2.17218 
95.59 0.561194 -2.212 
95.6 0.351709 -2.23032 
95.61 0.141565 -2.22592 
95.62 -0.0670786 -2.19859 
95.63 -0.272094 -2.1492 
95.64 -0.471481 -2.07956 
95.65 -0.663446 -1.99222 
95.66 -0.846461 -1.8902 
95.67 -1.01929 -1.77669 
95.68 -1.18101 -1.65482 
95.69 -1.33096 -1.52741 
95.7 -1.46873 -1.39687 
95.71 -1.59413 -1.26514 
95.72 -1.70711 -1.13365 
95.73 -1.80776 -1.00341 
95.74 -1.89621 -0.875028 
95.75 -1.97266 -0.748771 
95.76 -2.03732 -0.624663 
95.77 -2.09037 -0.502527 
95.78 -2.132 -0.382052 
95.79 -2.16233 -0.262836 
95.8 -2.18147 -0.144426 
95.81 -2.18947 -0.0263564 
95.82 -2.18634 0.0918308 
95.83 -2.17206 0.210555 
95.84 -2.14654 0.330174 
95.85 -2.1097 0.450963 
95.86 -2.06141 0.573083 
95.87 -2.00156 0.696557 
95.88 -1.93001 0.821232 
95.89 -1.84667 0.946744 
95.9 -1.75148 1.07248 
95.91 -1.64447 1.19756 
95.92 -1.52576 1.32075 
95.93 -1.39558 1.44053 
95.94 -1.25435 1.55504 
95.95 -1.10266 1.66214 
95.96 -0.941321 1.7595 
95.97 -0.771362 1.84474 
95.98 -0.594035 1.91555 
95.99 -0.410797 1.96993 
96 -0.223273 2.00638 
96.01 -0.0331986 2.02403 
96.02 0.157645 2.02281 
96.03 0.347504 2.00341 
96.04 0.53473 1.96727 
96.05 0.717835 1.91643 
96.06 0.895549 1.85334 
96.07 1.06684 1.78068 
96.08 1.23094 1.70109 
96.09 1.3873 1.61709 
96.1 1.53563 1.53091 
96.11 1.6758 1.44441 
96.12 1.80786 1.3591 
96.13 1.93199 1.27608 
96.14 2.04842 1.19614 
96.15 2.15749 1.11974 
96.16 2.25952 1.0471 
96.17 2.35489 0.978229 
96.18 2.44394 0.912997 
96.19 2.527 0.851147 
96.2 2.60438 0.792344 
96.21 2.67634 0.736201 
96.22 2.74312 0.682303 
96.23 2.80491 0.630221 
96.24 2.86186 0.579528 
96.25 2.91408 0.529809 
96.26 2.96165 0.480664 
96.27 3.00459 0.431716 
96.28 3.04292 0.382612 
96.29 3.0766 0.333026 
96.3 3.10558 0.282656 
96.31 3.12975 0.231226 
96.32 -3.13416 0.178483 
96.33 -3.11992 0.124196 
96.34 -3.11089 0.0681514 
96.35 -3.10722 0.0101522 
96.36 -3.10912 -0.0499861 
96.37 -3.11679 -0.112439 
96.38 -3.13046 -0.177375 
96.39 3.13281 -0.244961 
96.4 3.1064 -0.315361 
96.41 3.07322 -0.38874 
96.42 3.03297 -0.465262 
96.43 2.98537 -0.545091 
96.44 2.93008 -0.628379 
96.45 2.86677 -0.715262 
96.46 2.79511 -0.805847 
96.47 2.71474 -0.900186 
96.48 2.6253 -0.998253 
96.49 2.52645 -1.09991 
96.5 2.41786 -1.20486 
96.51 2.29925 -1.31259 
96.52 2.17039 -1.42233 
96.53 2.03114 -1.53297 
96.54 1.88147 -1.64303 
96.55 1.72154 -1.75061 
96.56 1.55167 -1.85337 
96.57 1.37246 -1.94858 
96.58 1.18475 -2.03324 
96.59 0.989685 -2.10419 
96.6 0.788704 -2.15837 
96.61 0.583515 -2.1931 
96.62 0.376056 -2.20632 
96.63 0.168418 -2.19683 
96.64 -0.0372403 -2.16442 
96.65 -0.238792 -2.10994 
96.66 -0.434232 -2.03513 
96.67 -0.621758 -1.94248 
96.68 -0.799823 -1.83491 
96.69 -0.967168 -1.71554 
96.7 -1.12283 -1.58739 
96.71 -1.2661 -1.45322 
96.72 -1.39654 -1.31538 
96.73 -1.51389 -1.17577 
96.74 -1.61806 -1.03581 
96.75 -1.70906 -0.896512 
96.76 -1.78699 -0.758485 
96.77 -1.85198 -0.622042 
96.78 -1.90419 -0.487247 
96.79 -1.94378 -0.353986 
96.8 -1.97086 -0.222025 
96.81 -1.98556 -0.0910568 
96.82 -1.98796 0.039249 
96.83 -1.97809 0.169211 
96.84 -1.95598 0.299098 
96.85 -1.92162 0.429094 
96.86 -1.87501 0.559268 
96.87 -1.81613 0.689532 
96.88 -1.74497 0.81961 
96.89 -1.66159 0.949003 
96.9 -1.56607 1.07695 
96.91 -1.45861 1.20241 
96.92 -1.33949 1.32405 
96.93 -1.20916 1.44022 
96.94 -1.06821 1.54906 
96.95 -0.917429 1.64849 
96.96 -0.757811 1.73635 
96.97 -0.590541 1.81059 
96.98 -0.416995 1.86934 
96.99 -0.238702 1.91118 
97 -0.0573031 1.93522 
97.01 0.125509 1.94126 
97.02 0.308054 1.92978 
97.03 0.488734 1.90197 
97.04 0.666086 1.85956 
97.05 0.838835 1.80474 
97.06 1.00592 1.7399 
97.07 1.16652 1.66751 
97.08 1.32003 1.58996 
97.09 1.46608 1.50939 
97.1 1.60446 1.42767 
97.11 1.73514 1.34632 
97.12 1.85821 1.26651 
97.13 1.97387 1.1891 
97.14 2.08237 1.11463 
97.15 2.184 1.04342 
97.16 2.27908 0.97557 
97.17 2.36791 0.911004 
97.18 2.45081 0.849539 
97.19 2.52804 0.790893 
97.2 2.59987 0.734724 
97.21 2.6665 0.680651 
97.22 2.72813 0.628271 
97.23 2.78487 0.577172 
97.24 2.83685 0.52695 
97.25 2.88412 0.477207 
97.26 2.9267 0.427565 
97.27 2.9646 0.377665 
97.28 2.99777 0.327167 
97.29 3.02615 0.275757 
97.3 3.04962 0.223139 
97.31 3.06807 0.169042 
97.32 3.08134 0.113211 
97.33 3.08926 0.0554089 
97.34 3.09163 -0.00458653 
97.35 3.08823 -0.0669859 
97.36 3.07884 -0.131991 
97.37 3.06319 -0.199796 
97.38 3.04101 -0.270591 
97.39 3.01202 -0.344563 
97.4 2.9759 -0.421894 
97.41 2.93233 -0.502761 
97.42 2.88096 -0.587327 
97.43 2.82145 -0.675737 
97.44 2.75343 -0.768102 
97.45 2.67651 -0.864477 
97.46 2.59032 -0.964842 
97.47 2.4945 -1.06906 
97.48 2.38868 -1.17683 
97.49 2.27257 -1.28764 
97.5 2.14589 -1.40074 
97.51 2.0085 -1.515 
97.52 1.86034 -1.62894 
97.53 1.70154 -1.74066 
97.54 1.5324 -1.8478 
97.55 1.35349 -1.94762 
97.56 1.16564 -2.03707 
97.57 0.969979 -2.11295 
97.58 0.767929 -2.17218 
97.59 0.561194 -2.212 
97.6 0.351709 -2.23032 
97.61 0.141565 -2.22592 
97.62 -0.0670786 -2.19859 
97.63 -0.272094 -2.1492 
97.64 -0.471481 -2.07956 
97.65 -0.663446 -1.99222 
97.66 -0.846461 -1.8902 
97.67 -1.01929 -1.77669 
97.68 -1.18101 -1.65482 
97.69 -1.33096 -1.52741 
97.7 -1.46873 -1.39687 
97.71 -1.59413 -1.26514 
97.72 -1.70711 -1.13365 
97.73 -1.80776 -1.00341 
97.74 -1.89621 -0.875028 
97.75 -1.97266 -0.748771 
97.76 -2.03732 -0.624663 
97.77 -2.09037 -0.502527 
97.78 -2.132 -0.382052 
97.79 -2.16233 -0.262836 
97.8 -2.18147 -0.144426 
97.81 -2.18947 -0.0263564 
97.82 -2.18634 0.0918308 
97.83 -2.17206 0.210555 
97.84 -2.14654 0.330174 
97.85 -2.1097 0.450963 
97.86 -2.06141 0.573083 
97.87 -2.00156 0.696557 
97.88 -1.93001 0.821232 
97.89 -1.84667 0.946744 
97.9 -1.75148 1.07248 
97.91 -1.64447 1.19756 
97.92 -1.52576 1.32075 
97.93 -1.39558 1.44053 
97.94 -1.25435 1.55504 
97.95 -1.10266 1.66214 
97.96 -0.941321 1.7595 
97.97 -0.771362 1.84474 
97.98 -0.594035 1.91555 
97.99 -0.410797 1.96993 
98 -0.223273 2.00638 
98.01 -0.0331986 2.02403 
98.02 0.157645 2.02281 
98.03 0.347504 2.00341 
98.04 0.53473 1.96727 
98.05 0.717835 1.91643 
98.06 0.895549 1.85334 
98.07 1.06684 1.78068 
98.08 1.23094 1.70109 
98.09 1.3873 1.61709 
98.1 1.53563 1.53091 
98.11 1.6758 1.44441 
98.12 1.80786 1.3591 
98.13 1.93199 1.27608 
98.14 2.04842 1.19614 
98.15 2.15749 1.11974 
98.16 2.25952 1.0471 
98.17 2.35489 0.978229 
98.18 2.44394 0.912997 
98.19 2.527 0.851147 
98.2 2.60438 0.792344 
98.21 2.67634 0.736201 
98.22 2.74312 0.682303 
98.23 2.80491 0.630221 
98.24 2.86186 0.579528 
98.25 2.91408 0.529809 
98.26 2.96165 0.480664 
98.27 3.00459 0.431716 
98.28 3.04292 0.382612 
98.29 3.0766 0.333026 
98.3 3.10558 0.282656 
98.31 3.12975 0.231226 
98.32 -3.13416 0.178483 
98.33 -3.11992 0.124196 
98.34 -3.11089 0.0681514 
98.35 -3.10722 0.0101522 
98.36 -3.10912 -0.0499861 
98.37 -3.11679 -0.112439 
98.38 -3.13046 -0.177375 
98.39 3.13281 -0.244961 
98.4 3.1064 -0.315361 
98.41 3.07322 -0.38874 
98.42 3.03297 -0.465262 
98.43 2.98537 -0.545091 
98.44 2.93008 -0.628379 
98.45 2.86677 -0.715262 
98.46 2.79511 -0.805847 
98.47 2.71474 -0.900186 
98.48 2.6253 -0.998253 
98.49 2.52645 -1.09991 
98.5 2.41786 -1.20486 
98.51 2.29925 -1.31259 
98.52 2.17039 -1.42233 
98.53 2.03114 -1.53297 
98.54 1.88147 -1.64303 
98.55 1.72154 -1.75061 
98.56 1.55167 -1.85337 
98.57 1.37246 -1.94858 
98.58 1.18475 -2.03324 
98.59 0.989685 -2.10419 
98.6 0.788704 -2.15837 
98.61 0.583515 -2.1931 
98.62 0.376056 -2.20632 
98.63 0.168418 -2.19683 
98.64 -0.0372403 -2.16442 
98.65 -0.238792 -2.10994 
98.66 -0.434232 -2.03513 
98.67 -0.621758 -1.94248 
98.68 -0.799823 -1.83491 
98.69 -0.967168 -1.71554 
98.7 -1.12283 -1.58739 
98.71 -1.2661 -1.45322 
98.72 -1.39654 -1.31538 
98.73 -1.51389 -1.17577 
98.74 -1.61806 -1.03581 
98.75 -1.70906 -0.896512 
98.76 -1.78699 -0.758485 
98.77 -1.85198 -0.622042 
98.78 -1.90419 -0.487247 
98.79 -1.94378 -0.353986 
98.8 -1.97086 -0.222025 
98.81 -1.98556 -0.0910568 
98.82 -1.98796 0.039249 
98.83 -1.97809 0.169211 
98.84 -1.95598 0.299098 
98.85 -1.92162 0.429094 
98.86 -1.87501 0.559268 
98.87 -1.81613 0.689532 
98.88 -1.74497 0.81961 
98.89 -1.66159 0.949003 
98.9 -1.56607 1.07695 
98.91 -1.45861 1.20241 
98.92 -1.33949 1.32405 
98.93 -1.20916 1.44022 
98.94 -1.06821 1.54906 
98.95 -0.917429 1.64849 
98.96 -0.757811 1.73635 
98.97 -0.590541 1.81059 
98.98 -0.416995 1.86934 
98.99 -0.238702 1.91118 
99 -0.0573031 1.93522 
99.01 0.125509 1.94126 
99.02 0.308054 1.92978 
99.03 0.488734 1.90197 
99.04 0.666086 1.85956 
99.05 0.838835 1.80474 
99.06 1.00592 1.7399 
99.07 1.16652 1.66751 
99.08 1.32003 1.58996 
99.09 1.46608 1.50939 
99.1 1.60446 1.42767 
99.11 1.73514 1.34632 
99.12 1.85821 1.26651 
99.13 1.97387 1.1891 
99.14 2.08237 1.11463 
99.15 2.184 1.04342 
99.16 2.27908 0.97557 
99.17 2.36791 0.911004 
99.18 2.45081 0.849539 
99.19 2.52804 0.790893 
99.2 2.59987 0.734724 
99.21 2.6665 0.680651 
99.22 2.72813 0.628271 
99.23 2.78487 0.577172 
99.24 2.83685 0.52695 
99.25 2.88412 0.477207 
99.26 2.9267 0.427565 
99.27 2.9646 0.377665 
99.28 2.99777 0.327167 
99.29 3.02615 0.275757 
99.3 3.04962 0.223139 
99.31 3.06807 0.169042 
99.32 3.08134 0.113211 
99.33 3.08926 0.0554089 
99.34 3.09163 -0.00458653 
99.35 3.08823 -0.0669859 
99.36 3.07884 -0.131991 
99.37 3.06319 -0.199796 
99.38 3.04101 -0.270591 
99.39 3.01202 -0.344563 
99.4 2.9759 -0.421894 
99.41 2.93233 -0.502761 
99.42 2.88096 -0.587327 
99.43 2.82145 -0.675737 
99.44 2.75343 -0.768102 
99.45 2.67651 -0.864477 
99.46 2.59032 -0.964842 
99.47 2.4945 -1.06906 
99.48 2.38868 -1.17683 
99.49 2.27257 -1.28764 
99.5 2.14589 -1.40074 
99.51 2.0085 -1.515 
99.52 1.86034 -1.62894 
99.53 1.70154 -1.74066 
99.54 1.5324 -1.8478 
99.55 1.35349 -1.94762 
99.56 1.16564 -2.03707 
99.57 0.969979 -2.11295 
99.58 0.767929 -2.17218 
99.59 0.561194 -2.212 
99.6 0.351709 -2.23032 
99.61 0.141565 -2.22592 
99.62 -0.0670786 -2.19859 
99.63 -0.272094 -2.1492 
99.64 -0.471481 -2.07956 
99.65 -0.663446 -1.99222 
99.66 -0.846461 -1.8902 
99.67 -1.01929 -1.77669 
99.68 -1.18101 -1.65482 
99.69 -1.33096 -1.52741 
99.7 -1.46873 -1.39687 
99.71 -1.59413 -1.26514 
99.72 -1.70711 -1.13365 
99.73 -1.80776 -1.00341 
99.74 -1.89621 -0.875028 
99.75 -1.97266 -0.748771 
99.76 -2.03732 -0.624663 
99.77 -2.09037 -0.502527 
99.78 -2.132 -0.382052 
99.79 -2.16233 -0.262836 
99.8 -2.18147 -0.144426 
99.81 -2.18947 -0.0263564 
99.82 -2.18634 0.0918308 
99.83 -2.17206 0.210555 
99.84 -2.14654 0.330174 
99.85 -2.1097 0.450963 
99.86 -2.06141 0.573083 
99.87 -2.00156 0.696557 
99.88 -1.93001 0.821232 
99.89 -1.84667 0.946744 
99.9 -1.75148 1.07248 
99.91 -1.64447 1.19756 
99.92 -1.52576 1.32075 
99.93 -1.39558 1.44053 
99.94 -1.25435 1.55504 
99.95 -1.10266 1.66214 
99.96 -0.941321 1.7595 
99.97 -0.771362 1.84474 
99.98 -0.594035 1.91555 
99.99 -0.410797 1.96993 
100 -0.223273 2.00638 
