2.37181 0 2.60146 0 2.6015 0 2.37175 0 
4.39846 0 4.62831 0 5.37175 0 5.6015 0 
8.60146 0 7.62819 0 7.62825 0 8.6015 0 
10.6283 0 11.6015 0 10.3985 0 11.3717 0 


2.3651 0 2.59361 0 2.59735 0 2.37104 0 
4.40931 0 4.63317 0 5.36918 0 5.60035 0 
8.59062 0 7.63305 0 7.63082 0 8.60035 0 
10.635 0 11.5937 0 10.4027 0 11.371 0 


2.34523 0 2.57025 0 2.58495 0 2.36891 0 
4.44147 0 4.6476 0 5.36152 0 5.59691 0 
8.55846 0 7.64749 0 7.63848 0 8.59691 0 
10.6549 0 11.5703 0 10.415 0 11.3689 0 


2.3129 0 2.53199 0 2.56448 0 2.36538 0 
4.49377 0 4.67125 0 5.34887 0 5.59119 0 
8.50617 0 7.67114 0 7.65113 0 8.59119 0 
10.6872 0 11.5321 0 10.4355 0 11.3654 0 


2.26928 0 2.47983 0 2.53622 0 2.36045 0 
4.56433 0 4.70348 0 5.3314 0 5.58321 0 
8.43561 0 7.70338 0 7.6686 0 8.58321 0 
10.7308 0 11.4799 0 10.4638 0 11.3604 0 


2.21595 0 2.41514 0 2.50055 0 2.35414 0 
4.65061 0 4.74346 0 5.30936 0 5.57301 0 
8.34934 0 7.74337 0 7.69064 0 8.57301 0 
10.7841 0 11.4152 0 10.4994 0 11.3541 0 


2.15484 0 2.3396 0 2.45798 0 2.34648 0 
4.74949 0 4.79014 0 5.28305 0 5.56062 0 
8.25048 0 7.79007 0 7.71695 0 8.56062 0 
10.8452 0 11.3396 0 10.542 0 11.3465 0 


2.08813 0 2.25519 0 2.40908 0 2.3375 0 
4.85741 0 4.8423 0 5.25283 0 5.54608 0 
8.14257 0 7.84225 0 7.74717 0 8.54608 0 
10.9119 0 11.2552 0 10.5909 0 11.3375 0 


2.01825 0 2.16412 0 2.35454 0 2.32723 0 
4.97047 0 4.89858 0 5.21912 0 5.52947 0 
8.02952 0 7.89855 0 7.78088 0 8.52947 0 
10.9818 0 11.1641 0 10.6455 0 11.3272 0 


1.94771 0 2.06876 0 2.2951 0 2.31571 0 
5.0846 0 4.95751 0 5.18238 0 5.51083 0 
7.91541 0 7.9575 0 7.81762 0 8.51083 0 
11.0523 0 11.0688 0 10.7049 0 11.3157 0 


1.87906 0 1.9716 0 2.23159 0 2.30298 0 
5.19567 0 5.01755 0 5.14313 0 5.49023 0 
7.80435 0 8.01756 0 7.85687 0 8.49023 0 
11.1209 0 10.9716 0 10.7684 0 11.303 0 


1.81476 0 1.87518 0 2.16488 0 2.2891 0 
5.29969 0 5.07713 0 5.1019 0 5.46777 0 
7.70035 0 8.07716 0 7.8981 0 8.46777 0 
11.1852 0 10.8752 0 10.8351 0 11.2891 0 


1.75715 0 1.78203 0 2.0959 0 2.27411 0 
5.3929 0 5.1347 0 5.05927 0 5.44352 0 
7.60715 0 8.13474 0 7.94073 0 8.44352 0 
11.2428 0 10.782 0 10.9041 0 11.2741 0 


1.7083 0 1.69457 0 2.02559 0 2.25808 0 
5.47193 0 5.18875 0 5.01581 0 5.41758 0 
7.52813 0 8.18881 0 7.98419 0 8.41758 0 
11.2916 0 10.6945 0 10.9744 0 11.2581 0 


1.66997 0 1.61508 0 1.95493 0 2.24106 0 
5.53394 0 5.23787 0 4.97214 0 5.39004 0 
7.46613 0 8.23794 0 8.02786 0 8.39004 0 
11.3299 0 10.615 0 11.0451 0 11.2411 0 


1.64355 0 1.54566 0 1.88489 0 2.22312 0 
5.57669 0 5.28077 0 4.92886 0 5.36102 0 
7.42338 0 8.28086 0 8.07114 0 8.36102 0 
11.3563 0 10.5456 0 11.1151 0 11.2231 0 


1.62998 0 1.4881 0 1.81644 0 2.20433 0 
5.59864 0 5.31634 0 4.88655 0 5.33061 0 
7.40143 0 8.31644 0 8.11345 0 8.33061 0 
11.3699 0 10.488 0 11.1836 0 11.2043 0 


1.62976 0 1.44391 0 1.75052 0 2.18476 0 
5.59899 0 5.34365 0 4.84582 0 5.29895 0 
7.40108 0 8.34376 0 8.15418 0 8.29895 0 
11.3701 0 10.4438 0 11.2495 0 11.1848 0 


1.6429 0 1.41426 0 1.68805 0 2.16448 0 
5.57774 0 5.36197 0 4.80721 0 5.26614 0 
7.42233 0 8.36209 0 8.19279 0 8.26614 0 
11.357 0 10.4142 0 11.3119 0 11.1645 0 


1.66892 0 1.3999 0 1.62989 0 2.14358 0 
5.53565 0 5.37085 0 4.77126 0 5.23231 0 
7.46441 0 8.37096 0 8.22874 0 8.23231 0 
11.331 0 10.3998 0 11.3701 0 11.1436 0 


1.70688 0 1.40122 0 1.57683 0 2.12212 0 
5.47424 0 5.37003 0 4.73847 0 5.1976 0 
7.52582 0 8.37015 0 8.26153 0 8.1976 0 
11.293 0 10.4011 0 11.4232 0 11.1221 0 


1.75541 0 1.41818 0 1.52961 0 2.1002 0 
5.39572 0 5.35955 0 4.70929 0 5.16213 0 
7.60433 0 8.35966 0 8.29071 0 8.16213 0 
11.2445 0 10.4181 0 11.4704 0 11.1002 0 


1.81276 0 1.45034 0 1.48889 0 2.0779 0 
5.30292 0 5.33967 0 4.68412 0 5.12605 0 
7.69711 0 8.33978 0 8.31588 0 8.12605 0 
11.1872 0 10.4503 0 11.5111 0 11.0779 0 


1.87687 0 1.49686 0 1.45522 0 2.0553 0 
5.1992 0 5.31093 0 4.66331 0 5.08948 0 
7.80082 0 8.31103 0 8.33669 0 8.08948 0 
11.1231 0 10.4968 0 11.5448 0 11.0553 0 


1.94542 0 1.55652 0 1.42908 0 2.03249 0 
5.0883 0 5.27406 0 4.64715 0 5.05257 0 
7.91171 0 8.27414 0 8.35285 0 8.05257 0 
11.0546 0 10.5565 0 11.5709 0 11.0325 0 


2.01594 0 1.62777 0 1.41081 0 2.00956 0 
4.97421 0 5.23003 0 4.63586 0 5.01546 0 
8.02579 0 8.2301 0 8.36414 0 8.01546 0 
10.9841 0 10.6277 0 11.5892 0 11.0096 0 


2.08589 0 1.70874 0 1.40068 0 1.98659 0 
4.86105 0 5.17999 0 4.6296 0 4.9783 0 
8.13894 0 8.18005 0 8.3704 0 7.9783 0 
10.9141 0 10.7087 0 11.5993 0 10.9866 0 


2.15273 0 1.79732 0 1.39882 0 1.96367 0 
4.7529 0 5.12525 0 4.62845 0 4.94121 0 
8.24707 0 8.12529 0 8.37155 0 7.94121 0 
10.8473 0 10.7973 0 11.6012 0 10.9637 0 


2.21407 0 1.8912 0 1.40525 0 1.94088 0 
4.65366 0 5.06724 0 4.63243 0 4.90435 0 
8.3463 0 8.06726 0 8.36757 0 7.90435 0 
10.786 0 10.8912 0 11.5947 0 10.9409 0 


2.26768 0 1.98792 0 1.4199 0 1.91833 0 
4.56692 0 5.00747 0 4.64148 0 4.86785 0 
8.43303 0 8.00747 0 8.35852 0 7.86785 0 
10.7324 0 10.9879 0 11.5801 0 10.9183 0 


2.31164 0 2.08495 0 1.44256 0 1.89608 0 
4.4958 0 4.9475 0 4.65548 0 4.83186 0 
8.50414 0 7.94749 0 8.34452 0 7.83186 0 
10.6885 0 11.085 0 11.5574 0 10.8961 0 


2.34436 0 2.17976 0 1.47291 0 1.87424 0 
4.44287 0 4.88891 0 4.67424 0 4.79651 0 
8.55707 0 7.88888 0 8.32576 0 7.79651 0 
10.6557 0 11.1798 0 11.5271 0 10.8742 0 


2.36466 0 2.26988 0 1.51053 0 1.85287 0 
4.41003 0 4.83322 0 4.69749 0 4.76194 0 
8.5899 0 7.83317 0 8.30251 0 7.76194 0 
10.6355 0 11.2699 0 11.4895 0 10.8529 0 


2.3718 0 2.35295 0 1.55492 0 1.83207 0 
4.39847 0 4.78189 0 4.72492 0 4.72828 0 
8.60145 0 7.78182 0 8.27508 0 7.72828 0 
10.6283 0 11.353 0 11.4451 0 10.8321 0 


2.36553 0 2.4268 0 1.60544 0 1.8119 0 
4.40862 0 4.73625 0 4.75615 0 4.69565 0 
8.59131 0 7.73617 0 8.24385 0 7.69565 0 
10.6346 0 11.4268 0 11.3946 0 10.8119 0 


2.34608 0 2.4895 0 1.66141 0 1.79246 0 
4.44009 0 4.6975 0 4.79074 0 4.66419 0 
8.55984 0 7.69741 0 8.20926 0 7.66419 0 
10.654 0 11.4896 0 11.3386 0 10.7925 0 


2.31414 0 2.53941 0 1.72206 0 1.7738 0 
4.49176 0 4.66666 0 4.82822 0 4.63401 0 
8.50818 0 7.66655 0 8.17178 0 7.63401 0 
10.686 0 11.5395 0 11.2779 0 10.7738 0 


2.27087 0 2.57523 0 1.78654 0 1.75601 0 
4.56177 0 4.64453 0 4.86808 0 4.60522 0 
8.43818 0 7.64441 0 8.13192 0 7.60522 0 
10.7292 0 11.5753 0 11.2135 0 10.756 0 


2.21783 0 2.59602 0 1.85397 0 1.73916 0 
4.64758 0 4.63168 0 4.90975 0 4.57795 0 
8.35238 0 7.63156 0 8.09025 0 7.57795 0 
10.7822 0 11.5961 0 11.146 0 10.7392 0 


2.15693 0 2.60124 0 1.92342 0 1.7233 0 
4.7461 0 4.62845 0 4.95267 0 4.55228 0 
8.25387 0 7.62833 0 8.04733 0 7.55228 0 
10.8431 0 11.6013 0 11.0766 0 10.7233 0 


2.09038 0 2.59076 0 1.99392 0 1.70849 0 
4.85378 0 4.63493 0 4.99624 0 4.52833 0 
8.1462 0 7.63481 0 8.00376 0 7.52833 0 
10.9097 0 11.5908 0 11.0061 0 10.7085 0 


2.02056 0 2.56484 0 2.06451 0 1.6948 0 
4.96674 0 4.65094 0 5.03987 0 4.50617 0 
8.03325 0 7.65083 0 7.96013 0 7.50617 0 
10.9794 0 11.5649 0 10.9355 0 10.6948 0 


1.95 0 2.52417 0 2.1342 0 1.68227 0 
5.0809 0 4.67608 0 5.08294 0 4.48591 0 
7.91911 0 7.67597 0 7.91706 0 7.48591 0 
11.05 0 11.5242 0 10.8658 0 10.6823 0 


1.88124 0 2.46981 0 2.20205 0 1.67096 0 
5.19214 0 4.70967 0 5.12487 0 4.4676 0 
7.80789 0 7.70958 0 7.87513 0 7.4676 0 
11.1187 0 11.4699 0 10.798 0 10.671 0 


1.81677 0 2.40317 0 2.2671 0 1.6609 0 
5.29644 0 4.75085 0 5.16508 0 4.45133 0 
7.70359 0 7.75077 0 7.83492 0 7.45133 0 
11.1832 0 11.4032 0 10.7329 0 10.6609 0 


1.75891 0 2.326 0 2.32847 0 1.65214 0 
5.39006 0 4.79854 0 5.203 0 4.43715 0 
7.60999 0 7.79848 0 7.797 0 7.43715 0 
11.241 0 11.326 0 10.6715 0 10.6521 0 


1.70974 0 2.24031 0 2.3853 0 1.64471 0 
5.4696 0 4.85149 0 5.23813 0 4.42512 0 
7.53045 0 7.85144 0 7.76187 0 7.42512 0 
11.2902 0 11.2403 0 10.6147 0 10.6447 0 


1.67104 0 2.14835 0 2.43682 0 1.63863 0 
5.53221 0 4.90832 0 5.26997 0 4.41529 0 
7.46786 0 7.90829 0 7.73003 0 7.41529 0 
11.3289 0 11.1484 0 10.5632 0 10.6386 0 


1.64421 0 2.05251 0 2.4823 0 1.63393 0 
5.57562 0 4.96755 0 5.29808 0 4.40769 0 
7.42445 0 7.96754 0 7.70192 0 7.40769 0 
11.3557 0 11.0525 0 10.5177 0 10.6339 0 


1.63022 0 1.9553 0 2.52113 0 1.63063 0 
5.59826 0 5.02762 0 5.32207 0 4.40235 0 
7.40181 0 8.02763 0 7.67793 0 7.40235 0 
11.3697 0 10.9553 0 10.4789 0 10.6306 0 


1.62956 0 1.85926 0 2.55276 0 1.62874 0 
5.59933 0 5.08697 0 5.34163 0 4.39929 0 
7.40075 0 8.087 0 7.65837 0 7.39929 0 
11.3703 0 10.8592 0 10.4472 0 10.6287 0 


1.64226 0 1.76689 0 2.57677 0 1.62827 0 
5.57877 0 5.14405 0 5.35646 0 4.39853 0 
7.4213 0 8.1441 0 7.64354 0 7.39853 0 
11.3576 0 10.7669 0 10.4232 0 10.6283 0 


1.66787 0 1.68061 0 2.59281 0 1.62922 0 
5.53734 0 5.19737 0 5.36638 0 4.40007 0 
7.46272 0 8.19743 0 7.63362 0 7.40007 0 
11.332 0 10.6806 0 10.4072 0 10.6292 0 


1.70546 0 1.60268 0 2.60067 0 1.63158 0 
5.47653 0 5.24553 0 5.37123 0 4.40389 0 
7.52353 0 8.24561 0 7.62877 0 7.40389 0 
11.2944 0 10.6026 0 10.3993 0 10.6316 0 


1.75367 0 1.53513 0 2.60023 0 1.63535 0 
5.39852 0 5.28728 0 5.37097 0 4.40999 0 
7.60152 0 8.28737 0 7.62903 0 7.40999 0 
11.2462 0 10.5351 0 10.3998 0 10.6354 0 


1.81077 0 1.47972 0 2.59152 0 1.64052 0 
5.30615 0 5.32152 0 5.36558 0 4.41835 0 
7.69389 0 8.32162 0 7.63442 0 7.41835 0 
11.1892 0 10.4797 0 10.4085 0 10.6405 0 


1.8747 0 1.4379 0 2.57463 0 1.64705 0 
5.20273 0 5.34736 0 5.35514 0 4.42892 0 
7.7973 0 8.34747 0 7.64486 0 7.42892 0 
11.1253 0 10.4378 0 10.4254 0 10.6471 0 


1.94314 0 1.41076 0 2.54982 0 1.65494 0 
5.09199 0 5.36413 0 5.33981 0 4.44168 0 
7.90802 0 8.36425 0 7.66019 0 7.44168 0 
11.0568 0 10.4107 0 10.4502 0 10.6549 0 


2.01364 0 1.39902 0 2.51741 0 1.66414 0 
4.97794 0 5.37139 0 5.31978 0 4.45656 0 
8.02206 0 8.37151 0 7.68022 0 7.45656 0 
10.9864 0 10.3989 0 10.4826 0 10.6641 0 


2.08364 0 1.40298 0 2.47787 0 1.67462 0 
4.86468 0 5.36894 0 5.29534 0 4.47353 0 
8.1353 0 8.36906 0 7.70466 0 7.47353 0 
10.9164 0 10.4029 0 10.5221 0 10.6746 0 


2.15062 0 1.42253 0 2.43172 0 1.68635 0 
4.75631 0 5.35686 0 5.26682 0 4.4925 0 
8.24366 0 8.35697 0 7.73318 0 7.4925 0 
10.8494 0 10.4225 0 10.5683 0 10.6863 0 


2.21218 0 1.45717 0 2.37962 0 1.69927 0 
4.65672 0 5.33545 0 5.23462 0 4.51341 0 
8.34323 0 8.33556 0 7.76538 0 7.51341 0 
10.7879 0 10.4571 0 10.6204 0 10.6993 0 


2.26608 0 1.50599 0 2.32228 0 1.71334 0 
4.56952 0 5.30528 0 5.19918 0 4.53618 0 
8.43043 0 8.30538 0 7.80082 0 7.53618 0 
10.734 0 10.5059 0 10.6777 0 10.7133 0 


2.31038 0 1.56772 0 2.26049 0 1.72851 0 
4.49785 0 5.26714 0 5.16099 0 4.56072 0 
8.50209 0 8.26723 0 7.83901 0 7.56072 0 
10.6897 0 10.5677 0 10.7395 0 10.7285 0 


2.34348 0 1.64073 0 2.1951 0 1.74471 0 
4.44429 0 5.22202 0 5.12058 0 4.58694 0 
8.55565 0 8.22209 0 7.87942 0 7.58694 0 
10.6566 0 10.6407 0 10.8049 0 10.7447 0 


2.3642 0 1.72314 0 2.12702 0 1.76189 0 
4.41077 0 5.17109 0 5.0785 0 4.61473 0 
8.58916 0 8.17115 0 7.9215 0 7.61473 0 
10.6359 0 10.7231 0 10.873 0 10.7619 0 


2.37178 0 1.81277 0 2.05719 0 1.77998 0 
4.39851 0 5.1157 0 5.03534 0 4.644 0 
8.60142 0 8.11574 0 7.96466 0 7.644 0 
10.6283 0 10.8127 0 10.9428 0 10.78 0 


2.36595 0 1.9073 0 1.98656 0 1.7989 0 
4.40794 0 5.05729 0 4.9917 0 4.67462 0 
8.59198 0 8.05731 0 8.0083 0 7.67462 0 
10.6342 0 10.9073 0 11.0134 0 10.7989 0 


2.34691 0 2.00424 0 1.91613 0 1.8186 0 
4.43874 0 4.99738 0 4.94816 0 4.70649 0 
8.5612 0 7.99738 0 8.05184 0 7.70649 0 
10.6532 0 11.0042 0 11.0839 0 10.8186 0 


2.31537 0 2.10108 0 1.84685 0 1.83899 0 
4.48977 0 4.93753 0 4.90535 0 4.73948 0 
8.51016 0 7.93751 0 8.09465 0 7.73948 0 
10.6847 0 11.1011 0 11.1532 0 10.839 0 


2.27245 0 2.19528 0 1.77968 0 1.85999 0 
4.55921 0 4.87932 0 4.86383 0 4.77346 0 
8.44073 0 7.87929 0 8.13617 0 7.77346 0 
10.7276 0 11.1953 0 11.2203 0 10.86 0 


2.2197 0 2.28437 0 1.71556 0 1.88153 0 
4.64456 0 4.82427 0 4.8242 0 4.80831 0 
8.3554 0 7.82421 0 8.1758 0 7.80831 0 
10.7804 0 11.2844 0 11.2844 0 10.8815 0 


2.15902 0 2.36604 0 1.65536 0 1.90352 0 
4.74272 0 4.7738 0 4.787 0 4.84389 0 
8.25725 0 7.77373 0 8.213 0 7.84389 0 
10.841 0 11.3661 0 11.3446 0 10.9035 0 


2.09261 0 2.43814 0 1.59992 0 1.92588 0 
4.85016 0 4.72924 0 4.75274 0 4.88006 0 
8.14982 0 7.72915 0 8.24726 0 7.88006 0 
10.9074 0 11.4382 0 11.4001 0 10.9259 0 


2.02286 0 2.4988 0 1.55 0 1.94852 0 
4.96301 0 4.69175 0 4.72188 0 4.9167 0 
8.03699 0 7.69166 0 8.27812 0 7.9167 0 
10.9771 0 11.4989 0 11.45 0 10.9485 0 


1.95229 0 2.54643 0 1.50629 0 1.97135 0 
5.07719 0 4.66232 0 4.69487 0 4.95365 0 
7.92282 0 7.66221 0 8.30513 0 7.95365 0 
11.0477 0 11.5465 0 11.4937 0 10.9714 0 


1.88343 0 2.57978 0 1.4694 0 1.9943 0 
5.18859 0 4.64171 0 4.67207 0 4.99078 0 
7.81143 0 7.64159 0 8.32793 0 7.99078 0 
11.1165 0 11.5799 0 11.5306 0 10.9943 0 


1.81878 0 2.59799 0 1.43983 0 2.01727 0 
5.29319 0 4.63046 0 4.6538 0 5.02794 0 
7.70685 0 7.63034 0 8.3462 0 8.02794 0 
11.1812 0 11.5981 0 11.5602 0 11.0173 0 


1.76067 0 2.60058 0 1.418 0 2.04017 0 
5.38721 0 4.62886 0 4.6403 0 5.065 0 
7.61284 0 7.62874 0 8.3597 0 8.065 0 
11.2393 0 11.6007 0 11.582 0 11.0402 0 


1.71119 0 2.58748 0 1.4042 0 2.06292 0 
5.46726 0 4.63696 0 4.63177 0 5.10181 0 
7.5328 0 7.63684 0 8.36823 0 8.10181 0 
11.2887 0 11.5875 0 11.5958 0 11.0629 0 


1.67213 0 2.55903 0 1.39862 0 2.08543 0 
5.53046 0 4.65454 0 4.62833 0 5.13823 0 
7.46961 0 7.65443 0 8.37167 0 8.13823 0 
11.3278 0 11.5591 0 11.6014 0 11.0854 0 


1.64489 0 2.51597 0 1.40135 0 2.10761 0 
5.57452 0 4.68114 0 4.63001 0 5.17412 0 
7.42555 0 7.68104 0 8.36999 0 8.17412 0 
11.355 0 11.516 0 11.5987 0 11.1076 0 


1.63047 0 2.45944 0 1.41233 0 2.12939 0 
5.59786 0 4.71608 0 4.6368 0 5.20935 0 
7.40221 0 7.71599 0 8.3632 0 8.20935 0 
11.3694 0 11.4595 0 11.5877 0 11.1294 0 


1.62937 0 2.39091 0 1.43144 0 2.15066 0 
5.59963 0 4.75843 0 4.64861 0 5.24378 0 
7.40044 0 7.75835 0 8.35139 0 8.24378 0 
11.3705 0 11.391 0 11.5686 0 11.1507 0 


1.64164 0 2.31216 0 1.45838 0 2.17137 0 
5.57978 0 4.80709 0 4.66526 0 5.27728 0 
7.42029 0 7.80703 0 8.33474 0 8.27728 0 
11.3582 0 11.3122 0 11.5416 0 11.1714 0 


1.66684 0 2.22526 0 1.49281 0 2.19142 0 
5.53901 0 4.8608 0 4.68654 0 5.30972 0 
7.46106 0 7.86075 0 8.31346 0 8.30972 0 
11.3331 0 11.2253 0 11.5072 0 11.1914 0 


1.70406 0 2.13247 0 1.53424 0 2.21073 0 
5.4788 0 4.91813 0 4.71214 0 5.34097 0 
7.52126 0 7.91811 0 8.28786 0 8.34097 0 
11.2958 0 11.1325 0 11.4658 0 11.2107 0 


1.75195 0 2.03623 0 1.58209 0 2.22925 0 
5.40132 0 4.97761 0 4.74172 0 5.37093 0 
7.59873 0 7.9776 0 8.25828 0 8.37093 0 
11.248 0 11.0362 0 11.4179 0 11.2292 0 


1.80879 0 1.93904 0 1.63571 0 2.24688 0 
5.30936 0 5.03767 0 4.77486 0 5.39947 0 
7.69068 0 8.03769 0 8.22514 0 8.39947 0 
11.1912 0 10.939 0 11.3643 0 11.2469 0 


1.87252 0 1.84344 0 1.69437 0 2.26358 0 
5.20624 0 5.09675 0 4.81111 0 5.42648 0 
7.79379 0 8.09678 0 8.18889 0 8.42648 0 
11.1274 0 10.8434 0 11.3056 0 11.2636 0 


1.94086 0 1.75193 0 1.75724 0 2.27927 0 
5.09568 0 5.1533 0 4.84997 0 5.45186 0 
7.90433 0 8.15335 0 8.15003 0 8.45186 0 
11.0591 0 10.7519 0 11.2428 0 11.2793 0 


2.01133 0 1.6669 0 1.82346 0 2.29389 0 
4.98167 0 5.20585 0 4.89089 0 5.47552 0 
8.01832 0 8.20591 0 8.10911 0 8.47552 0 
10.9887 0 10.6669 0 11.1765 0 11.2939 0 


2.08139 0 1.59057 0 1.89212 0 2.30739 0 
4.86833 0 5.25302 0 4.93333 0 5.49736 0 
8.13166 0 8.2531 0 8.06667 0 8.49736 0 
10.9186 0 10.5905 0 11.1079 0 11.3074 0 


2.14851 0 1.52494 0 1.96227 0 2.31971 0 
4.75973 0 5.29357 0 4.97668 0 5.51731 0 
8.24024 0 8.29367 0 8.02332 0 8.51731 0 
10.8515 0 10.5249 0 11.0377 0 11.3197 0 


2.21028 0 1.47172 0 2.03294 0 2.33082 0 
4.6598 0 5.32646 0 5.02036 0 5.53528 0 
8.34016 0 8.32657 0 7.97964 0 8.53528 0 
10.7898 0 10.4717 0 10.9671 0 11.3308 0 


2.26446 0 1.4323 0 2.10315 0 2.34066 0 
4.57214 0 5.35083 0 5.06375 0 5.5512 0 
8.42781 0 8.35094 0 7.93625 0 8.5512 0 
10.7356 0 10.4322 0 10.8968 0 11.3407 0 


2.3091 0 1.40771 0 2.17194 0 2.3492 0 
4.49991 0 5.36602 0 5.10627 0 5.56502 0 
8.50003 0 8.36614 0 7.89373 0 8.56502 0 
10.691 0 10.4076 0 10.8281 0 11.3492 0 


2.34259 0 1.39859 0 2.23836 0 2.35641 0 
4.44573 0 5.37166 0 5.14732 0 5.57668 0 
8.55421 0 8.37178 0 7.85268 0 8.57668 0 
10.6575 0 10.3985 0 10.7616 0 11.3564 0 


2.36373 0 1.40518 0 2.30149 0 2.36226 0 
4.41153 0 5.36758 0 5.18633 0 5.58614 0 
8.58839 0 8.3677 0 7.81367 0 8.58614 0 
10.6364 0 10.4051 0 10.6985 0 11.3623 0 


2.37174 0 1.42731 0 2.36045 0 2.36672 0 
4.39857 0 5.35391 0 5.22277 0 5.59337 0 
8.60136 0 8.35402 0 7.77723 0 8.59337 0 
10.6284 0 10.4272 0 10.6395 0 11.3667 0 


2.36635 0 1.4644 0 2.41444 0 2.36978 0 
4.40729 0 5.33098 0 5.25614 0 5.59832 0 
8.59263 0 8.33109 0 7.74386 0 8.59832 0 
10.6338 0 10.4643 0 10.5856 0 11.3698 0 
