0 -0.598302 -9.48209e-07
0.0628319 -0.56863 -1.09919e-06
0.125664 -0.529991 -1.23283e-06
0.188496 -0.482993 -1.34704e-06
0.251327 -0.428378 -1.43999e-06
0.314159 -0.367007 -1.51024e-06
0.376991 -0.299849 -1.55667e-06
0.439823 -0.227961 -1.57856e-06
0.502655 -0.152479 -1.57554e-06
0.565487 -0.0745917 -1.54768e-06
0.628319 0.00447179 -1.49541e-06
0.69115 0.0834648 -1.41956e-06
0.753982 0.161142 -1.32132e-06
0.816814 0.236277 -1.20225e-06
0.879646 0.307686 -1.06421e-06
0.942478 0.374243 -9.09389e-07
1.00531 0.434898 -7.40225e-07
1.06814 0.488694 -5.59391e-07
1.13097 0.534783 -3.69732e-07
1.19381 0.572438 -1.74245e-07
1.25664 0.601066 2.39938e-08
1.31947 0.620215 2.2185e-07
1.3823 0.629582 4.16211e-07
1.44513 0.62902 6.04005e-07
1.50796 0.618539 7.82277e-07
1.5708 0.598302 9.48208e-07
1.63363 0.56863 1.09919e-06
1.69646 0.529991 1.23283e-06
1.75929 0.482993 1.34704e-06
1.82212 0.428378 1.43999e-06
1.88496 0.367007 1.51024e-06
1.94779 0.299849 1.55667e-06
2.01062 0.227961 1.57856e-06
2.07345 0.152479 1.57554e-06
2.13628 0.0745917 1.54768e-06
2.19911 -0.00447179 1.49541e-06
2.26195 -0.0834648 1.41956e-06
2.32478 -0.161142 1.32132e-06
2.38761 -0.236277 1.20225e-06
2.45044 -0.307686 1.06421e-06
2.51327 -0.374243 9.09389e-07
2.57611 -0.434898 7.40225e-07
2.63894 -0.488694 5.59391e-07
2.70177 -0.534783 3.69732e-07
2.7646 -0.572438 1.74245e-07
2.82743 -0.601066 -2.39937e-08
2.89027 -0.620215 -2.2185e-07
2.9531 -0.629582 -4.16211e-07
3.01593 -0.62902 -6.04005e-07
3.07876 -0.618539 -7.82277e-07
3.14159 -0.598302 -9.48208e-07
3.20442 -0.56863 -1.09919e-06
3.26726 -0.529991 -1.23283e-06
3.33009 -0.482993 -1.34704e-06
3.39292 -0.428378 -1.43999e-06
3.45575 -0.367007 -1.51024e-06
3.51858 -0.299849 -1.55667e-06
3.58142 -0.227961 -1.57856e-06
3.64425 -0.152479 -1.57554e-06
3.70708 -0.0745917 -1.54768e-06
3.76991 0.00447179 -1.49541e-06
3.83274 0.0834648 -1.41956e-06
3.89557 0.161142 -1.32132e-06
3.95841 0.236277 -1.20225e-06
4.02124 0.307686 -1.06421e-06
4.08407 0.374243 -9.09389e-07
4.1469 0.434898 -7.40225e-07
4.20973 0.488694 -5.59391e-07
4.27257 0.534783 -3.69732e-07
4.3354 0.572438 -1.74245e-07
4.39823 0.601066 2.39937e-08
4.46106 0.620215 2.2185e-07
4.52389 0.629582 4.16211e-07
4.58673 0.62902 6.04005e-07
4.64956 0.618539 7.82277e-07
4.71239 0.598302 9.48208e-07
4.77522 0.56863 1.09919e-06
4.83805 0.529991 1.23283e-06
4.90088 0.482993 1.34704e-06
4.96372 0.428378 1.43999e-06
5.02655 0.367007 1.51024e-06
5.08938 0.299849 1.55667e-06
5.15221 0.227961 1.57856e-06
5.21504 0.152479 1.57554e-06
5.27788 0.0745917 1.54768e-06
5.34071 -0.00447179 1.49541e-06
5.40354 -0.0834648 1.41956e-06
5.46637 -0.161142 1.32132e-06
5.5292 -0.236277 1.20225e-06
5.59203 -0.307686 1.06421e-06
5.65487 -0.374243 9.09389e-07
5.7177 -0.434898 7.40225e-07
5.78053 -0.488694 5.59391e-07
5.84336 -0.534783 3.69731e-07
5.90619 -0.572438 1.74245e-07
5.96903 -0.601066 -2.39939e-08
6.03186 -0.620215 -2.2185e-07
6.09469 -0.629582 -4.16212e-07
6.15752 -0.62902 -6.04005e-07
6.22035 -0.618539 -7.82277e-07
6.28319 -0.598302 -9.48208e-07
6.34602 -0.56863 -1.09919e-06
6.40885 -0.529991 -1.23283e-06
6.47168 -0.482993 -1.34704e-06
6.53451 -0.428378 -1.43999e-06
6.59734 -0.367007 -1.51024e-06
6.66018 -0.299849 -1.55667e-06
6.72301 -0.227961 -1.57856e-06
6.78584 -0.152479 -1.57554e-06
6.84867 -0.0745917 -1.54768e-06
6.9115 0.00447179 -1.49541e-06
6.97434 0.0834648 -1.41956e-06
7.03717 0.161142 -1.32132e-06
7.1 0.236277 -1.20225e-06
7.16283 0.307686 -1.06421e-06
7.22566 0.374243 -9.09389e-07
7.28849 0.434898 -7.40225e-07
7.35133 0.488694 -5.59391e-07
7.41416 0.534783 -3.69731e-07
7.47699 0.572438 -1.74245e-07
7.53982 0.601066 2.39939e-08
7.60265 0.620215 2.2185e-07
7.66549 0.629582 4.16212e-07
7.72832 0.62902 6.04005e-07
7.79115 0.618539 7.82277e-07
7.85398 0.598302 9.48208e-07
7.91681 0.56863 1.09919e-06
7.97965 0.529991 1.23283e-06
8.04248 0.482993 1.34704e-06
8.10531 0.428378 1.43999e-06
8.16814 0.367007 1.51024e-06
8.23097 0.299849 1.55667e-06
8.2938 0.227961 1.57856e-06
8.35664 0.152479 1.57554e-06
8.41947 0.0745917 1.54768e-06
8.4823 -0.00447179 1.49541e-06
8.54513 -0.0834648 1.41956e-06
8.60796 -0.161142 1.32132e-06
8.6708 -0.236277 1.20225e-06
8.73363 -0.307686 1.06421e-06
8.79646 -0.374243 9.09389e-07
8.85929 -0.434898 7.40225e-07
8.92212 -0.488694 5.59391e-07
8.98495 -0.534783 3.69732e-07
9.04779 -0.572438 1.74245e-07
9.11062 -0.601066 -2.39938e-08
9.17345 -0.620215 -2.2185e-07
9.23628 -0.629582 -4.16211e-07
9.29911 -0.62902 -6.04005e-07
9.36195 -0.618539 -7.82277e-07
9.42478 -0.598302 -9.48208e-07
9.48761 -0.56863 -1.09919e-06
9.55044 -0.529991 -1.23283e-06
9.61327 -0.482993 -1.34704e-06
9.67611 -0.428378 -1.43999e-06
9.73894 -0.367007 -1.51024e-06
9.80177 -0.299849 -1.55667e-06
9.8646 -0.227961 -1.57856e-06
9.92743 -0.152479 -1.57554e-06
9.99026 -0.0745917 -1.54768e-06
10.0531 0.00447179 -1.49541e-06
10.1159 0.0834648 -1.41956e-06
10.1788 0.161142 -1.32132e-06
10.2416 0.236277 -1.20225e-06
10.3044 0.307686 -1.06421e-06
10.3673 0.374243 -9.09389e-07
10.4301 0.434898 -7.40225e-07
10.4929 0.488694 -5.59391e-07
10.5558 0.534783 -3.69732e-07
10.6186 0.572438 -1.74245e-07
10.6814 0.601066 2.39938e-08
10.7442 0.620215 2.2185e-07
10.8071 0.629582 4.16211e-07
10.8699 0.62902 6.04005e-07
10.9327 0.618539 7.82277e-07
10.9956 0.598302 9.48208e-07
11.0584 0.56863 1.09919e-06
11.1212 0.529991 1.23283e-06
11.1841 0.482993 1.34704e-06
11.2469 0.428378 1.43999e-06
11.3097 0.367007 1.51024e-06
11.3726 0.299849 1.55667e-06
11.4354 0.227961 1.57856e-06
11.4982 0.152479 1.57554e-06
11.5611 0.0745917 1.54768e-06
11.6239 -0.00447179 1.49541e-06
11.6867 -0.0834648 1.41956e-06
11.7496 -0.161142 1.32132e-06
11.8124 -0.236277 1.20225e-06
11.8752 -0.307686 1.06421e-06
11.9381 -0.374243 9.09389e-07
12.0009 -0.434898 7.40225e-07
12.0637 -0.488694 5.59391e-07
12.1265 -0.534783 3.69732e-07
12.1894 -0.572438 1.74245e-07
12.2522 -0.601066 -2.39937e-08
12.315 -0.620215 -2.2185e-07
12.3779 -0.629582 -4.16211e-07
12.4407 -0.62902 -6.04005e-07
12.5035 -0.618539 -7.82277e-07
12.5664 -0.598302 -9.48208e-07
12.6292 -0.56863 -1.09919e-06
12.692 -0.529991 -1.23283e-06
12.7549 -0.482993 -1.34704e-06
12.8177 -0.428378 -1.43999e-06
12.8805 -0.367007 -1.51024e-06
12.9434 -0.299849 -1.55667e-06
13.0062 -0.227961 -1.57856e-06
13.069 -0.152479 -1.57554e-06
13.1319 -0.0745917 -1.54768e-06
13.1947 0.00447179 -1.49541e-06
13.2575 0.0834648 -1.41956e-06
13.3204 0.161142 -1.32132e-06
13.3832 0.236277 -1.20225e-06
13.446 0.307686 -1.06421e-06
13.5088 0.374243 -9.09389e-07
13.5717 0.434898 -7.40225e-07
13.6345 0.488694 -5.59391e-07
13.6973 0.534783 -3.69731e-07
13.7602 0.572438 -1.74245e-07
13.823 0.601066 2.39938e-08
13.8858 0.620215 2.2185e-07
13.9487 0.629582 4.16212e-07
14.0115 0.62902 6.04005e-07
14.0743 0.618539 7.82277e-07
14.1372 0.598302 9.48208e-07
14.2 0.56863 1.09919e-06
14.2628 0.529991 1.23283e-06
14.3257 0.482993 1.34704e-06
14.3885 0.428378 1.43999e-06
14.4513 0.367007 1.51024e-06
14.5142 0.299849 1.55667e-06
14.577 0.227961 1.57856e-06
14.6398 0.152479 1.57554e-06
14.7027 0.0745917 1.54768e-06
14.7655 -0.00447179 1.49541e-06
14.8283 -0.0834648 1.41956e-06
14.8911 -0.161142 1.32132e-06
14.954 -0.236277 1.20225e-06
15.0168 -0.307686 1.06421e-06
15.0796 -0.374243 9.09389e-07
15.1425 -0.434898 7.40225e-07
15.2053 -0.488694 5.59391e-07
15.2681 -0.534783 3.69731e-07
15.331 -0.572438 1.74245e-07
15.3938 -0.601066 -2.39938e-08
15.4566 -0.620215 -2.2185e-07
15.5195 -0.629582 -4.16212e-07
15.5823 -0.62902 -6.04005e-07
15.6451 -0.618539 -7.82277e-07
15.708 -0.598302 -9.48208e-07
15.7708 -0.56863 -1.09919e-06
15.8336 -0.529991 -1.23283e-06
15.8965 -0.482993 -1.34704e-06
15.9593 -0.428378 -1.43999e-06
16.0221 -0.367007 -1.51024e-06
16.085 -0.299849 -1.55667e-06
16.1478 -0.227961 -1.57856e-06
16.2106 -0.152479 -1.57554e-06
16.2734 -0.0745917 -1.54768e-06
16.3363 0.00447179 -1.49541e-06
16.3991 0.0834648 -1.41956e-06
16.4619 0.161142 -1.32132e-06
16.5248 0.236277 -1.20225e-06
16.5876 0.307686 -1.06421e-06
16.6504 0.374243 -9.09389e-07
16.7133 0.434898 -7.40225e-07
16.7761 0.488694 -5.59391e-07
16.8389 0.534783 -3.69732e-07
16.9018 0.572438 -1.74245e-07
16.9646 0.601066 2.39936e-08
17.0274 0.620215 2.2185e-07
17.0903 0.629582 4.16211e-07
17.1531 0.62902 6.04005e-07
17.2159 0.618539 7.82277e-07
17.2788 0.598302 9.48208e-07
17.3416 0.56863 1.09919e-06
17.4044 0.529991 1.23283e-06
17.4673 0.482993 1.34704e-06
17.5301 0.428378 1.43999e-06
17.5929 0.367007 1.51024e-06
17.6558 0.299849 1.55667e-06
17.7186 0.227961 1.57856e-06
17.7814 0.152479 1.57554e-06
17.8442 0.0745917 1.54768e-06
17.9071 -0.00447179 1.49541e-06
17.9699 -0.0834648 1.41956e-06
18.0327 -0.161142 1.32132e-06
18.0956 -0.236277 1.20225e-06
18.1584 -0.307686 1.06421e-06
18.2212 -0.374243 9.09389e-07
18.2841 -0.434898 7.40225e-07
18.3469 -0.488694 5.59391e-07
18.4097 -0.534783 3.69731e-07
18.4726 -0.572438 1.74245e-07
18.5354 -0.601066 -2.39938e-08
18.5982 -0.620215 -2.2185e-07
18.6611 -0.629582 -4.16211e-07
18.7239 -0.62902 -6.04005e-07
18.7867 -0.618539 -7.82277e-07
18.8496 -0.598302 -9.48208e-07
18.9124 -0.56863 -1.09919e-06
18.9752 -0.529991 -1.23283e-06
19.0381 -0.482993 -1.34704e-06
19.1009 -0.428378 -1.43999e-06
19.1637 -0.367007 -1.51024e-06
19.2265 -0.299849 -1.55667e-06
19.2894 -0.227961 -1.57856e-06
19.3522 -0.152479 -1.57554e-06
19.415 -0.0745917 -1.54768e-06
19.4779 0.00447179 -1.49541e-06
19.5407 0.0834648 -1.41956e-06
19.6035 0.161142 -1.32132e-06
19.6664 0.236277 -1.20225e-06
19.7292 0.307686 -1.06421e-06
19.792 0.374243 -9.09389e-07
19.8549 0.434898 -7.40225e-07
19.9177 0.488694 -5.59391e-07
19.9805 0.534783 -3.69732e-07
20.0434 0.572438 -1.74245e-07
20.1062 0.601066 2.39937e-08
20.169 0.620215 2.2185e-07
20.2319 0.629582 4.16211e-07
20.2947 0.62902 6.04005e-07
20.3575 0.618539 7.82277e-07
20.4204 0.598302 9.48208e-07
20.4832 0.56863 1.09919e-06
20.546 0.529991 1.23283e-06
20.6088 0.482993 1.34704e-06
20.6717 0.428378 1.43999e-06
20.7345 0.367007 1.51024e-06
20.7973 0.299849 1.55667e-06
20.8602 0.227961 1.57856e-06
20.923 0.152479 1.57554e-06
20.9858 0.0745917 1.54768e-06
21.0487 -0.00447179 1.49541e-06
21.1115 -0.0834648 1.41956e-06
21.1743 -0.161142 1.32132e-06
21.2372 -0.236277 1.20225e-06
21.3 -0.307686 1.06421e-06
21.3628 -0.374243 9.09389e-07
21.4257 -0.434898 7.40225e-07
21.4885 -0.488694 5.59391e-07
21.5513 -0.534783 3.69732e-07
21.6142 -0.572438 1.74245e-07
21.677 -0.601066 -2.39936e-08
21.7398 -0.620215 -2.2185e-07
21.8027 -0.629582 -4.16211e-07
21.8655 -0.62902 -6.04005e-07
21.9283 -0.618539 -7.82277e-07
21.9911 -0.598302 -9.48208e-07
22.054 -0.56863 -1.09919e-06
22.1168 -0.529991 -1.23283e-06
22.1796 -0.482993 -1.34704e-06
22.2425 -0.428378 -1.43999e-06
22.3053 -0.367007 -1.51024e-06
22.3681 -0.299849 -1.55667e-06
22.431 -0.227961 -1.57856e-06
22.4938 -0.152479 -1.57554e-06
22.5566 -0.0745917 -1.54768e-06
22.6195 0.00447179 -1.49541e-06
22.6823 0.0834648 -1.41956e-06
22.7451 0.161142 -1.32132e-06
22.808 0.236277 -1.20225e-06
22.8708 0.307686 -1.06421e-06
22.9336 0.374243 -9.09389e-07
22.9965 0.434898 -7.40225e-07
23.0593 0.488694 -5.59391e-07
23.1221 0.534783 -3.69731e-07
23.185 0.572438 -1.74245e-07
23.2478 0.601066 2.39937e-08
23.3106 0.620215 2.2185e-07
23.3734 0.629582 4.16211e-07
23.4363 0.62902 6.04005e-07
23.4991 0.618539 7.82277e-07
23.5619 0.598302 9.48208e-07
23.6248 0.56863 1.09919e-06
23.6876 0.529991 1.23283e-06
23.7504 0.482993 1.34704e-06
23.8133 0.428378 1.43999e-06
23.8761 0.367007 1.51024e-06
23.9389 0.299849 1.55667e-06
24.0018 0.227961 1.57856e-06
24.0646 0.152479 1.57554e-06
24.1274 0.0745917 1.54768e-06
24.1903 -0.00447179 1.49541e-06
24.2531 -0.0834648 1.41956e-06
24.3159 -0.161142 1.32132e-06
24.3788 -0.236277 1.20225e-06
24.4416 -0.307686 1.06421e-06
24.5044 -0.374243 9.09389e-07
24.5673 -0.434898 7.40225e-07
24.6301 -0.488694 5.59391e-07
24.6929 -0.534783 3.69731e-07
24.7558 -0.572438 1.74245e-07
24.8186 -0.601066 -2.39938e-08
24.8814 -0.620215 -2.2185e-07
24.9442 -0.629582 -4.16212e-07
25.0071 -0.62902 -6.04005e-07
25.0699 -0.618539 -7.82277e-07
25.1327 -0.598302 -9.48208e-07
25.1956 -0.56863 -1.09919e-06
25.2584 -0.529991 -1.23283e-06
25.3212 -0.482993 -1.34704e-06
25.3841 -0.428378 -1.43999e-06
25.4469 -0.367007 -1.51024e-06
25.5097 -0.299849 -1.55667e-06
25.5726 -0.227961 -1.57856e-06
25.6354 -0.152479 -1.57554e-06
25.6982 -0.0745917 -1.54768e-06
25.7611 0.00447179 -1.49541e-06
25.8239 0.0834648 -1.41956e-06
25.8867 0.161142 -1.32132e-06
25.9496 0.236277 -1.20225e-06
26.0124 0.307686 -1.06421e-06
26.0752 0.374243 -9.09389e-07
26.1381 0.434898 -7.40225e-07
26.2009 0.488694 -5.59391e-07
26.2637 0.534783 -3.69731e-07
26.3265 0.572438 -1.74245e-07
26.3894 0.601066 2.39939e-08
26.4522 0.620215 2.2185e-07
26.515 0.629582 4.16212e-07
26.5779 0.62902 6.04005e-07
26.6407 0.618539 7.82277e-07
26.7035 0.598302 9.48208e-07
26.7664 0.56863 1.09919e-06
26.8292 0.529991 1.23283e-06
26.892 0.482993 1.34704e-06
26.9549 0.428378 1.43999e-06
27.0177 0.367007 1.51024e-06
27.0805 0.299849 1.55667e-06
27.1434 0.227961 1.57856e-06
27.2062 0.152479 1.57554e-06
27.269 0.0745917 1.54768e-06
27.3319 -0.00447179 1.49541e-06
27.3947 -0.0834648 1.41956e-06
27.4575 -0.161142 1.32132e-06
27.5204 -0.236277 1.20225e-06
27.5832 -0.307686 1.06421e-06
27.646 -0.374243 9.09389e-07
27.7088 -0.434898 7.40225e-07
27.7717 -0.488694 5.59391e-07
27.8345 -0.534783 3.69732e-07
27.8973 -0.572438 1.74245e-07
27.9602 -0.601066 -2.39936e-08
28.023 -0.620215 -2.2185e-07
28.0858 -0.629582 -4.16211e-07
28.1487 -0.62902 -6.04005e-07
28.2115 -0.618539 -7.82277e-07
28.2743 -0.598302 -9.48208e-07
28.3372 -0.56863 -1.09919e-06
28.4 -0.529991 -1.23283e-06
28.4628 -0.482993 -1.34704e-06
28.5257 -0.428378 -1.43999e-06
28.5885 -0.367007 -1.51024e-06
28.6513 -0.299849 -1.55667e-06
28.7142 -0.227961 -1.57856e-06
28.777 -0.152479 -1.57554e-06
28.8398 -0.0745917 -1.54768e-06
28.9027 0.00447179 -1.49541e-06
28.9655 0.0834648 -1.41956e-06
29.0283 0.161142 -1.32132e-06
29.0911 0.236277 -1.20225e-06
29.154 0.307686 -1.06421e-06
29.2168 0.374243 -9.09389e-07
29.2796 0.434898 -7.40225e-07
29.3425 0.488694 -5.59391e-07
29.4053 0.534783 -3.69731e-07
29.4681 0.572438 -1.74245e-07
29.531 0.601066 2.39939e-08
29.5938 0.620215 2.2185e-07
29.6566 0.629582 4.16212e-07
29.7195 0.62902 6.04005e-07
29.7823 0.618539 7.82277e-07
29.8451 0.598302 9.48208e-07
29.908 0.56863 1.09919e-06
29.9708 0.529991 1.23283e-06
30.0336 0.482993 1.34704e-06
30.0965 0.428378 1.43999e-06
30.1593 0.367007 1.51024e-06
30.2221 0.299849 1.55667e-06
30.285 0.227961 1.57856e-06
30.3478 0.152479 1.57554e-06
30.4106 0.0745917 1.54768e-06
30.4734 -0.00447179 1.49541e-06
30.5363 -0.0834648 1.41956e-06
30.5991 -0.161142 1.32132e-06
30.6619 -0.236277 1.20225e-06
30.7248 -0.307686 1.06421e-06
30.7876 -0.374243 9.09389e-07
30.8504 -0.434898 7.40225e-07
30.9133 -0.488694 5.59391e-07
30.9761 -0.534783 3.69732e-07
31.0389 -0.572438 1.74245e-07
31.1018 -0.601066 -2.39938e-08
31.1646 -0.620215 -2.2185e-07
31.2274 -0.629582 -4.16211e-07
31.2903 -0.62902 -6.04005e-07
31.3531 -0.618539 -7.82277e-07
31.4159 -0.598302 -9.48208e-07
31.4788 -0.56863 -1.09919e-06
31.5416 -0.529991 -1.23283e-06
31.6044 -0.482993 -1.34704e-06
31.6673 -0.428378 -1.43999e-06
31.7301 -0.367007 -1.51024e-06
31.7929 -0.299849 -1.55667e-06
31.8557 -0.227961 -1.57856e-06
31.9186 -0.152479 -1.57554e-06
31.9814 -0.0745917 -1.54768e-06
32.0442 0.00447179 -1.49541e-06
32.1071 0.0834648 -1.41956e-06
32.1699 0.161142 -1.32132e-06
32.2327 0.236277 -1.20225e-06
32.2956 0.307686 -1.06421e-06
32.3584 0.374243 -9.09389e-07
32.4212 0.434898 -7.40225e-07
32.4841 0.488694 -5.59391e-07
32.5469 0.534783 -3.69732e-07
32.6097 0.572438 -1.74245e-07
32.6726 0.601066 2.39939e-08
32.7354 0.620215 2.2185e-07
32.7982 0.629582 4.16212e-07
32.8611 0.62902 6.04005e-07
32.9239 0.618539 7.82277e-07
32.9867 0.598302 9.48208e-07
33.0496 0.56863 1.09919e-06
33.1124 0.529991 1.23283e-06
33.1752 0.482993 1.34704e-06
33.2381 0.428378 1.43999e-06
33.3009 0.367007 1.51024e-06
33.3637 0.299849 1.55667e-06
33.4265 0.227961 1.57856e-06
33.4894 0.152479 1.57554e-06
33.5522 0.0745917 1.54768e-06
33.615 -0.00447179 1.49541e-06
33.6779 -0.0834648 1.41956e-06
33.7407 -0.161142 1.32132e-06
33.8035 -0.236277 1.20225e-06
33.8664 -0.307686 1.06421e-06
33.9292 -0.374243 9.09389e-07
33.992 -0.434898 7.40225e-07
34.0549 -0.488694 5.59391e-07
34.1177 -0.534783 3.69732e-07
34.1805 -0.572438 1.74245e-07
34.2434 -0.601066 -2.39937e-08
34.3062 -0.620215 -2.2185e-07
34.369 -0.629582 -4.16211e-07
34.4319 -0.62902 -6.04005e-07
34.4947 -0.618539 -7.82277e-07
34.5575 -0.598302 -9.48208e-07
34.6204 -0.56863 -1.09919e-06
34.6832 -0.529991 -1.23283e-06
34.746 -0.482993 -1.34704e-06
34.8088 -0.428378 -1.43999e-06
34.8717 -0.367007 -1.51024e-06
34.9345 -0.299849 -1.55667e-06
34.9973 -0.227961 -1.57856e-06
35.0602 -0.152479 -1.57554e-06
35.123 -0.0745917 -1.54768e-06
35.1858 0.00447179 -1.49541e-06
35.2487 0.0834648 -1.41956e-06
35.3115 0.161142 -1.32132e-06
35.3743 0.236277 -1.20225e-06
35.4372 0.307686 -1.06421e-06
35.5 0.374243 -9.09389e-07
35.5628 0.434898 -7.40225e-07
35.6257 0.488694 -5.59391e-07
35.6885 0.534783 -3.69732e-07
35.7513 0.572438 -1.74245e-07
35.8142 0.601066 2.39939e-08
35.877 0.620215 2.2185e-07
35.9398 0.629582 4.16212e-07
36.0027 0.62902 6.04005e-07
36.0655 0.618539 7.82277e-07
36.1283 0.598302 9.48208e-07
36.1911 0.56863 1.09919e-06
36.254 0.529991 1.23283e-06
36.3168 0.482993 1.34704e-06
36.3796 0.428378 1.43999e-06
36.4425 0.367007 1.51024e-06
36.5053 0.299849 1.55667e-06
36.5681 0.227961 1.57856e-06
36.631 0.152479 1.57554e-06
36.6938 0.0745917 1.54768e-06
36.7566 -0.00447179 1.49541e-06
36.8195 -0.0834648 1.41956e-06
36.8823 -0.161142 1.32132e-06
36.9451 -0.236277 1.20225e-06
37.008 -0.307686 1.06421e-06
37.0708 -0.374243 9.09389e-07
37.1336 -0.434898 7.40225e-07
37.1965 -0.488694 5.59391e-07
37.2593 -0.534783 3.69731e-07
37.3221 -0.572438 1.74245e-07
37.385 -0.601066 -2.39939e-08
37.4478 -0.620215 -2.2185e-07
37.5106 -0.629582 -4.16212e-07
37.5734 -0.62902 -6.04005e-07
37.6363 -0.618539 -7.82277e-07
37.6991 -0.598302 -9.48208e-07
37.7619 -0.56863 -1.09919e-06
37.8248 -0.529991 -1.23283e-06
37.8876 -0.482993 -1.34704e-06
37.9504 -0.428378 -1.43999e-06
38.0133 -0.367007 -1.51024e-06
38.0761 -0.299849 -1.55667e-06
38.1389 -0.227961 -1.57856e-06
38.2018 -0.152479 -1.57554e-06
38.2646 -0.0745917 -1.54768e-06
38.3274 0.00447179 -1.49541e-06
38.3903 0.0834648 -1.41956e-06
38.4531 0.161142 -1.32132e-06
38.5159 0.236277 -1.20225e-06
38.5788 0.307686 -1.06421e-06
38.6416 0.374243 -9.09389e-07
38.7044 0.434898 -7.40225e-07
38.7673 0.488694 -5.59391e-07
38.8301 0.534783 -3.69732e-07
38.8929 0.572438 -1.74245e-07
38.9557 0.601066 2.39938e-08
39.0186 0.620215 2.2185e-07
39.0814 0.629582 4.16212e-07
39.1442 0.62902 6.04005e-07
39.2071 0.618539 7.82277e-07
39.2699 0.598302 9.48208e-07
39.3327 0.56863 1.09919e-06
39.3956 0.529991 1.23283e-06
39.4584 0.482993 1.34704e-06
39.5212 0.428378 1.43999e-06
39.5841 0.367007 1.51024e-06
39.6469 0.299849 1.55667e-06
39.7097 0.227961 1.57856e-06
39.7726 0.152479 1.57554e-06
39.8354 0.0745917 1.54768e-06
39.8982 -0.00447179 1.49541e-06
39.9611 -0.0834648 1.41956e-06
40.0239 -0.161142 1.32132e-06
40.0867 -0.236277 1.20225e-06
40.1496 -0.307686 1.06421e-06
40.2124 -0.374243 9.09389e-07
40.2752 -0.434898 7.40225e-07
40.338 -0.488694 5.59391e-07
40.4009 -0.534783 3.69731e-07
40.4637 -0.572438 1.74245e-07
40.5265 -0.601066 -2.39938e-08
40.5894 -0.620215 -2.2185e-07
40.6522 -0.629582 -4.16212e-07
40.715 -0.62902 -6.04005e-07
40.7779 -0.618539 -7.82277e-07
40.8407 -0.598302 -9.48208e-07
40.9035 -0.56863 -1.09919e-06
40.9664 -0.529991 -1.23283e-06
41.0292 -0.482993 -1.34704e-06
41.092 -0.428378 -1.43999e-06
41.1549 -0.367007 -1.51024e-06
41.2177 -0.299849 -1.55667e-06
41.2805 -0.227961 -1.57856e-06
41.3434 -0.152479 -1.57554e-06
41.4062 -0.0745917 -1.54768e-06
41.469 0.00447179 -1.49541e-06
41.5319 0.0834648 -1.41956e-06
41.5947 0.161142 -1.32132e-06
41.6575 0.236277 -1.20225e-06
41.7204 0.307686 -1.06421e-06
41.7832 0.374243 -9.09389e-07
41.846 0.434898 -7.40225e-07
41.9088 0.488694 -5.59391e-07
41.9717 0.534783 -3.69732e-07
42.0345 0.572438 -1.74245e-07
42.0973 0.601066 2.39934e-08
42.1602 0.620215 2.2185e-07
42.223 0.629582 4.16211e-07
42.2858 0.62902 6.04005e-07
42.3487 0.618539 7.82277e-07
42.4115 0.598302 9.48208e-07
42.4743 0.56863 1.09919e-06
42.5372 0.529991 1.23283e-06
42.6 0.482993 1.34704e-06
42.6628 0.428378 1.43999e-06
42.7257 0.367007 1.51024e-06
42.7885 0.299849 1.55667e-06
42.8513 0.227961 1.57856e-06
42.9142 0.152479 1.57554e-06
42.977 0.0745917 1.54768e-06
43.0398 -0.00447179 1.49541e-06
43.1027 -0.0834648 1.41956e-06
43.1655 -0.161142 1.32132e-06
43.2283 -0.236277 1.20225e-06
43.2911 -0.307686 1.06421e-06
43.354 -0.374243 9.09389e-07
43.4168 -0.434898 7.40225e-07
43.4796 -0.488694 5.59391e-07
43.5425 -0.534783 3.69731e-07
43.6053 -0.572438 1.74244e-07
43.6681 -0.601066 -2.39938e-08
43.731 -0.620215 -2.2185e-07
43.7938 -0.629582 -4.16212e-07
43.8566 -0.62902 -6.04005e-07
43.9195 -0.618539 -7.82277e-07
43.9823 -0.598302 -9.48208e-07
44.0451 -0.56863 -1.09919e-06
44.108 -0.529991 -1.23283e-06
44.1708 -0.482993 -1.34704e-06
44.2336 -0.428378 -1.43999e-06
44.2965 -0.367007 -1.51024e-06
44.3593 -0.299849 -1.55667e-06
44.4221 -0.227961 -1.57856e-06
44.485 -0.152479 -1.57554e-06
44.5478 -0.0745917 -1.54768e-06
44.6106 0.00447179 -1.49541e-06
44.6734 0.0834648 -1.41956e-06
44.7363 0.161142 -1.32132e-06
44.7991 0.236277 -1.20225e-06
44.8619 0.307686 -1.06421e-06
44.9248 0.374243 -9.09389e-07
44.9876 0.434898 -7.40225e-07
45.0504 0.488694 -5.59391e-07
45.1133 0.534783 -3.69731e-07
45.1761 0.572438 -1.74245e-07
45.2389 0.601066 2.39939e-08
45.3018 0.620215 2.2185e-07
45.3646 0.629582 4.16212e-07
45.4274 0.62902 6.04005e-07
45.4903 0.618539 7.82277e-07
45.5531 0.598302 9.48209e-07
45.6159 0.56863 1.09919e-06
45.6788 0.529991 1.23283e-06
45.7416 0.482993 1.34704e-06
45.8044 0.428378 1.43999e-06
45.8673 0.367007 1.51024e-06
45.9301 0.299849 1.55667e-06
45.9929 0.227961 1.57856e-06
46.0557 0.152479 1.57554e-06
46.1186 0.0745917 1.54768e-06
46.1814 -0.00447179 1.49541e-06
46.2442 -0.0834648 1.41956e-06
46.3071 -0.161142 1.32132e-06
46.3699 -0.236277 1.20225e-06
46.4327 -0.307686 1.06421e-06
46.4956 -0.374243 9.09389e-07
46.5584 -0.434898 7.40225e-07
46.6212 -0.488694 5.59391e-07
46.6841 -0.534783 3.69732e-07
46.7469 -0.572438 1.74245e-07
46.8097 -0.601066 -2.39937e-08
46.8726 -0.620215 -2.2185e-07
46.9354 -0.629582 -4.16211e-07
46.9982 -0.62902 -6.04005e-07
47.0611 -0.618539 -7.82277e-07
47.1239 -0.598302 -9.48208e-07
47.1867 -0.56863 -1.09919e-06
47.2496 -0.529991 -1.23283e-06
47.3124 -0.482993 -1.34704e-06
47.3752 -0.428378 -1.43999e-06
47.438 -0.367007 -1.51024e-06
47.5009 -0.299849 -1.55667e-06
47.5637 -0.227961 -1.57856e-06
47.6265 -0.152479 -1.57554e-06
47.6894 -0.0745917 -1.54768e-06
47.7522 0.00447179 -1.49541e-06
47.815 0.0834648 -1.41956e-06
47.8779 0.161142 -1.32132e-06
47.9407 0.236277 -1.20225e-06
48.0035 0.307686 -1.06421e-06
48.0664 0.374243 -9.09389e-07
48.1292 0.434898 -7.40225e-07
48.192 0.488694 -5.59391e-07
48.2549 0.534783 -3.69732e-07
48.3177 0.572438 -1.74245e-07
48.3805 0.601066 2.3994e-08
48.4434 0.620215 2.2185e-07
48.5062 0.629582 4.16211e-07
48.569 0.62902 6.04005e-07
48.6319 0.618539 7.82277e-07
48.6947 0.598302 9.48209e-07
48.7575 0.56863 1.09919e-06
48.8203 0.529991 1.23283e-06
48.8832 0.482993 1.34704e-06
48.946 0.428378 1.43999e-06
49.0088 0.367007 1.51024e-06
49.0717 0.299849 1.55667e-06
49.1345 0.227961 1.57856e-06
49.1973 0.152479 1.57554e-06
49.2602 0.0745917 1.54768e-06
49.323 -0.00447179 1.49541e-06
49.3858 -0.0834648 1.41956e-06
49.4487 -0.161142 1.32132e-06
49.5115 -0.236277 1.20225e-06
49.5743 -0.307686 1.06421e-06
49.6372 -0.374243 9.09389e-07
49.7 -0.434898 7.40225e-07
49.7628 -0.488694 5.59391e-07
49.8257 -0.534783 3.69732e-07
49.8885 -0.572438 1.74245e-07
49.9513 -0.601066 -2.39935e-08
50.0142 -0.620215 -2.2185e-07
50.077 -0.629582 -4.16211e-07
50.1398 -0.62902 -6.04005e-07
50.2027 -0.618539 -7.82277e-07
50.2655 -0.598302 -9.48208e-07
50.3283 -0.56863 -1.09919e-06
50.3911 -0.529991 -1.23283e-06
50.454 -0.482993 -1.34704e-06
50.5168 -0.428378 -1.43999e-06
50.5796 -0.367007 -1.51024e-06
50.6425 -0.299849 -1.55667e-06
50.7053 -0.227961 -1.57856e-06
50.7681 -0.152479 -1.57554e-06
50.831 -0.0745917 -1.54768e-06
50.8938 0.00447179 -1.49541e-06
50.9566 0.0834648 -1.41956e-06
51.0195 0.161142 -1.32132e-06
51.0823 0.236277 -1.20225e-06
51.1451 0.307686 -1.06421e-06
51.208 0.374243 -9.09389e-07
51.2708 0.434898 -7.40225e-07
51.3336 0.488694 -5.59391e-07
51.3965 0.534783 -3.69732e-07
51.4593 0.572438 -1.74245e-07
51.5221 0.601066 2.39939e-08
51.585 0.620215 2.2185e-07
51.6478 0.629582 4.16212e-07
51.7106 0.62902 6.04005e-07
51.7734 0.618539 7.82277e-07
51.8363 0.598302 9.48208e-07
51.8991 0.56863 1.09919e-06
51.9619 0.529991 1.23283e-06
52.0248 0.482993 1.34704e-06
52.0876 0.428378 1.43999e-06
52.1504 0.367007 1.51024e-06
52.2133 0.299849 1.55667e-06
52.2761 0.227961 1.57856e-06
52.3389 0.152479 1.57554e-06
52.4018 0.0745917 1.54768e-06
52.4646 -0.00447179 1.49541e-06
52.5274 -0.0834648 1.41956e-06
52.5903 -0.161142 1.32132e-06
52.6531 -0.236277 1.20225e-06
52.7159 -0.307686 1.06421e-06
52.7788 -0.374243 9.09389e-07
52.8416 -0.434898 7.40225e-07
52.9044 -0.488694 5.59391e-07
52.9673 -0.534783 3.69732e-07
53.0301 -0.572438 1.74245e-07
53.0929 -0.601066 -2.39937e-08
53.1557 -0.620215 -2.2185e-07
53.2186 -0.629582 -4.16211e-07
53.2814 -0.62902 -6.04005e-07
53.3442 -0.618539 -7.82277e-07
53.4071 -0.598302 -9.48208e-07
53.4699 -0.56863 -1.09919e-06
53.5327 -0.529991 -1.23283e-06
53.5956 -0.482993 -1.34704e-06
53.6584 -0.428378 -1.43999e-06
53.7212 -0.367007 -1.51024e-06
53.7841 -0.299849 -1.55667e-06
53.8469 -0.227961 -1.57856e-06
53.9097 -0.152479 -1.57554e-06
53.9726 -0.0745917 -1.54768e-06
54.0354 0.00447179 -1.49541e-06
54.0982 0.0834648 -1.41956e-06
54.1611 0.161142 -1.32132e-06
54.2239 0.236277 -1.20225e-06
54.2867 0.307686 -1.06421e-06
54.3496 0.374243 -9.09389e-07
54.4124 0.434898 -7.40225e-07
54.4752 0.488694 -5.59391e-07
54.538 0.534783 -3.69732e-07
54.6009 0.572438 -1.74244e-07
54.6637 0.601066 2.39938e-08
54.7265 0.620215 2.2185e-07
54.7894 0.629582 4.16211e-07
54.8522 0.62902 6.04005e-07
54.915 0.618539 7.82277e-07
54.9779 0.598302 9.48208e-07
55.0407 0.56863 1.09919e-06
55.1035 0.529991 1.23283e-06
55.1664 0.482993 1.34704e-06
55.2292 0.428378 1.43999e-06
55.292 0.367007 1.51024e-06
55.3549 0.299849 1.55667e-06
55.4177 0.227961 1.57856e-06
55.4805 0.152479 1.57554e-06
55.5434 0.0745917 1.54768e-06
55.6062 -0.00447179 1.49541e-06
55.669 -0.0834648 1.41956e-06
55.7319 -0.161142 1.32132e-06
55.7947 -0.236277 1.20225e-06
55.8575 -0.307686 1.06421e-06
55.9203 -0.374243 9.09389e-07
55.9832 -0.434898 7.40225e-07
56.046 -0.488694 5.59391e-07
56.1088 -0.534783 3.69731e-07
56.1717 -0.572438 1.74245e-07
56.2345 -0.601066 -2.39938e-08
56.2973 -0.620215 -2.2185e-07
56.3602 -0.629582 -4.16212e-07
56.423 -0.62902 -6.04006e-07
56.4858 -0.618539 -7.82277e-07
56.5487 -0.598302 -9.48208e-07
56.6115 -0.56863 -1.09919e-06
56.6743 -0.529991 -1.23283e-06
56.7372 -0.482993 -1.34704e-06
56.8 -0.428378 -1.43999e-06
56.8628 -0.367007 -1.51024e-06
56.9257 -0.299849 -1.55667e-06
56.9885 -0.227961 -1.57856e-06
57.0513 -0.152479 -1.57554e-06
57.1142 -0.0745917 -1.54768e-06
57.177 0.00447179 -1.49541e-06
57.2398 0.0834648 -1.41956e-06
57.3027 0.161142 -1.32132e-06
57.3655 0.236277 -1.20225e-06
57.4283 0.307686 -1.06421e-06
57.4911 0.374243 -9.09389e-07
57.554 0.434898 -7.40225e-07
57.6168 0.488694 -5.59391e-07
57.6796 0.534783 -3.69732e-07
57.7425 0.572438 -1.74245e-07
57.8053 0.601066 2.39938e-08
57.8681 0.620215 2.2185e-07
57.931 0.629582 4.16212e-07
57.9938 0.62902 6.04005e-07
58.0566 0.618539 7.82277e-07
58.1195 0.598302 9.48208e-07
58.1823 0.56863 1.09919e-06
58.2451 0.529991 1.23283e-06
58.308 0.482993 1.34704e-06
58.3708 0.428378 1.43999e-06
58.4336 0.367007 1.51024e-06
58.4965 0.299849 1.55667e-06
58.5593 0.227961 1.57856e-06
58.6221 0.152479 1.57554e-06
58.685 0.0745917 1.54768e-06
58.7478 -0.00447179 1.49541e-06
58.8106 -0.0834648 1.41956e-06
58.8734 -0.161142 1.32132e-06
58.9363 -0.236277 1.20225e-06
58.9991 -0.307686 1.06421e-06
59.0619 -0.374243 9.09389e-07
59.1248 -0.434898 7.40225e-07
59.1876 -0.488694 5.59391e-07
59.2504 -0.534783 3.69731e-07
59.3133 -0.572438 1.74245e-07
59.3761 -0.601066 -2.39938e-08
59.4389 -0.620215 -2.2185e-07
59.5018 -0.629582 -4.16211e-07
59.5646 -0.62902 -6.04005e-07
59.6274 -0.618539 -7.82277e-07
59.6903 -0.598302 -9.48208e-07
59.7531 -0.56863 -1.09919e-06
59.8159 -0.529991 -1.23283e-06
59.8788 -0.482993 -1.34704e-06
59.9416 -0.428378 -1.43999e-06
60.0044 -0.367007 -1.51024e-06
60.0673 -0.299849 -1.55667e-06
60.1301 -0.227961 -1.57856e-06
60.1929 -0.152479 -1.57554e-06
60.2557 -0.0745917 -1.54768e-06
60.3186 0.00447179 -1.49541e-06
60.3814 0.0834648 -1.41956e-06
60.4442 0.161142 -1.32132e-06
60.5071 0.236277 -1.20225e-06
60.5699 0.307686 -1.06421e-06
60.6327 0.374243 -9.09389e-07
60.6956 0.434898 -7.40225e-07
60.7584 0.488694 -5.59391e-07
60.8212 0.534783 -3.69731e-07
60.8841 0.572438 -1.74245e-07
60.9469 0.601066 2.39939e-08
61.0097 0.620215 2.2185e-07
61.0726 0.629582 4.16212e-07
61.1354 0.62902 6.04005e-07
61.1982 0.618539 7.82277e-07
61.2611 0.598302 9.48208e-07
61.3239 0.56863 1.09919e-06
61.3867 0.529991 1.23283e-06
61.4496 0.482993 1.34704e-06
61.5124 0.428378 1.43999e-06
61.5752 0.367007 1.51024e-06
61.638 0.299849 1.55667e-06
61.7009 0.227961 1.57856e-06
61.7637 0.152479 1.57554e-06
61.8265 0.0745917 1.54768e-06
61.8894 -0.00447179 1.49541e-06
61.9522 -0.0834648 1.41956e-06
62.015 -0.161142 1.32132e-06
62.0779 -0.236277 1.20225e-06
62.1407 -0.307686 1.06421e-06
62.2035 -0.374243 9.09389e-07
62.2664 -0.434898 7.40225e-07
62.3292 -0.488694 5.59391e-07
62.392 -0.534783 3.69731e-07
62.4549 -0.572438 1.74245e-07
62.5177 -0.601066 -2.39939e-08
62.5805 -0.620215 -2.2185e-07
62.6434 -0.629582 -4.16212e-07
62.7062 -0.62902 -6.04005e-07
62.769 -0.618539 -7.82277e-07
