0 0.0236466 0
0.1001 0.0240697 0.00394657
0.2002 0.0254032 0.00800098
0.3003 0.0278586 0.0122564
0.400401 0.0318578 0.0167518
0.500501 0.0381578 0.0213529
0.600601 0.0480373 0.0253955
0.700701 0.0633139 0.0266871
0.800801 0.0847274 0.019362
0.900901 0.104545 -0.00594153
1.001 0.101869 -0.0444968
1.1011 0.0755585 -0.0686226
1.2012 0.0491011 -0.0717719
1.3013 0.0316954 -0.0659881
1.4014 0.021337 -0.0586432
1.5015 0.0151248 -0.0519917
1.6016 0.0112561 -0.0464272
1.7017 0.00874272 -0.0418497
1.8018 0.00704424 -0.0380718
1.9019 0.00585597 -0.0349226
2.002 0.00499925 -0.0322667
2.1021 0.0043653 -0.0300003
2.2022 0.00388547 -0.0280451
2.3023 0.00351507 -0.0263414
2.4024 0.00322415 -0.0248434
2.5025 0.00299215 -0.0235156
2.6026 0.00280461 -0.0223302
2.7027 0.00265118 -0.0212649
2.8028 0.00252429 -0.0203021
2.9029 0.00241832 -0.0194271
3.003 0.00232902 -0.0186284
3.1031 0.00225313 -0.017896
3.2032 0.00218814 -0.0172217
3.3033 0.00213208 -0.0165988
3.4034 0.0020834 -0.0160214
3.5035 0.00204086 -0.0154845
3.6036 0.0020035 -0.0149838
3.7037 0.0019705 -0.0145157
3.80381 0.00194122 -0.014077
3.90391 0.00191512 -0.0136648
4.00401 0.00189178 -0.0132769
4.10411 0.0018708 -0.012911
4.20421 0.0018519 -0.0125653
4.30431 0.00183479 -0.0122381
4.40441 0.00181928 -0.0119278
4.50451 0.00180516 -0.0116332
4.60461 0.00179227 -0.0113531
4.70471 0.00178048 -0.0110863
4.80481 0.00176966 -0.010832
4.90491 0.00175971 -0.0105893
5.00501 0.00175054 -0.0103572
5.10511 0.00174206 -0.0101353
5.20521 0.00173421 -0.00992268
5.30531 0.00172693 -0.00971886
5.40541 0.00172017 -0.00952327
5.50551 0.00171387 -0.00933541
5.60561 0.00170799 -0.00915481
5.70571 0.00170251 -0.00898104
5.80581 0.00169737 -0.00881372
5.90591 0.00169256 -0.00865248
6.00601 0.00168805 -0.00849699
6.10611 0.00168381 -0.00834693
6.20621 0.00167982 -0.00820202
6.30631 0.00167606 -0.00806199
6.40641 0.00167252 -0.00792659
6.50651 0.00166918 -0.00779559
6.60661 0.00166602 -0.00766878
6.70671 0.00166302 -0.00754594
6.80681 0.00166018 -0.00742688
6.90691 0.00165748 -0.00731143
7.00701 0.00165492 -0.00719943
7.10711 0.00165249 -0.00709071
7.20721 0.00165018 -0.00698513
7.30731 0.00164798 -0.00688255
7.40741 0.00164588 -0.00678284
7.50751 0.00164389 -0.00668588
7.60761 0.00164198 -0.00659155
7.70771 0.00164016 -0.00649975
7.80781 0.00163842 -0.00641037
7.90791 0.00163676 -0.00632332
8.00801 0.00163517 -0.00623849
8.10811 0.00163365 -0.00615581
8.20821 0.00163219 -0.00607519
8.30831 0.00163078 -0.00599655
8.40841 0.00162944 -0.00591981
8.50851 0.00162815 -0.00584492
8.60861 0.00162691 -0.00577179
8.70871 0.00162572 -0.00570037
8.80881 0.00162458 -0.00563059
8.90891 0.00162348 -0.0055624
9.00901 0.00162242 -0.00549574
9.10911 0.00162139 -0.00543056
9.20921 0.00162041 -0.0053668
9.30931 0.00161946 -0.00530443
9.40941 0.00161854 -0.00524338
9.50951 0.00161765 -0.00518363
9.60961 0.0016168 -0.00512511
9.70971 0.00161598 -0.00506781
9.80981 0.00161518 -0.00501168
9.90991 0.00161441 -0.00495668
10.01 0.00161367 -0.00490278
10.1101 0.00161295 -0.00484994
10.2102 0.00161225 -0.00479813
10.3103 0.00161158 -0.00474732
10.4104 0.00161092 -0.00469747
10.5105 0.00161029 -0.00464857
10.6106 0.00160968 -0.00460058
10.7107 0.0016091 -0.00455348
10.8108 0.00160852 -0.00450724
10.9109 0.00160797 -0.00446184
11.011 0.00160742 -0.00441726
11.1111 0.00160689 -0.00437346
11.2112 0.00160637 -0.00433043
11.3113 0.00160587 -0.00428815
11.4114 0.00160539 -0.00424659
11.5115 0.00160492 -0.00420573
11.6116 0.00160447 -0.00416557
11.7117 0.00160402 -0.00412608
11.8118 0.00160359 -0.00408725
11.9119 0.00160317 -0.00404905
12.012 0.00160276 -0.00401147
12.1121 0.00160236 -0.00397449
12.2122 0.00160197 -0.0039381
12.3123 0.0016016 -0.00390228
12.4124 0.00160123 -0.00386702
12.5125 0.00160088 -0.00383232
12.6126 0.00160054 -0.00379814
12.7127 0.0016002 -0.00376449
12.8128 0.00159986 -0.00373135
12.9129 0.00159954 -0.00369869
13.013 0.00159922 -0.00366652
13.1131 0.00159891 -0.00363482
13.2132 0.00159862 -0.00360358
13.3133 0.00159833 -0.0035728
13.4134 0.00159804 -0.00354245
13.5135 0.00159776 -0.00351254
13.6136 0.00159748 -0.00348305
13.7137 0.00159721 -0.00345396
13.8138 0.00159695 -0.00342528
13.9139 0.00159669 -0.00339698
14.014 0.00159644 -0.00336907
14.1141 0.0015962 -0.00334153
14.2142 0.00159597 -0.00331437
14.3143 0.00159574 -0.00328757
14.4144 0.00159552 -0.00326112
14.5145 0.00159529 -0.00323502
14.6146 0.00159508 -0.00320925
14.7147 0.00159486 -0.00318382
14.8148 0.00159464 -0.0031587
14.9149 0.00159444 -0.0031339
15.015 0.00159424 -0.00310941
15.1151 0.00159404 -0.00308522
15.2152 0.00159386 -0.00306134
15.3153 0.00159367 -0.00303775
15.4154 0.00159348 -0.00301445
15.5155 0.0015933 -0.00299142
15.6156 0.00159312 -0.00296866
15.7157 0.00159295 -0.00294618
15.8158 0.00159278 -0.00292396
15.9159 0.00159262 -0.002902
16.016 0.00159246 -0.0028803
16.1161 0.0015923 -0.00285885
16.2162 0.00159214 -0.00283765
16.3163 0.00159199 -0.00281668
16.4164 0.00159183 -0.00279595
16.5165 0.00159168 -0.00277545
16.6166 0.00159153 -0.00275517
16.7167 0.00159139 -0.00273511
16.8168 0.00159125 -0.00271528
16.9169 0.00159111 -0.00269566
17.017 0.00159098 -0.00267625
17.1171 0.00159085 -0.00265705
17.2172 0.00159072 -0.00263806
17.3173 0.0015906 -0.00261926
17.4174 0.00159047 -0.00260066
17.5175 0.00159035 -0.00258226
17.6176 0.00159024 -0.00256404
17.7177 0.00159012 -0.00254601
17.8178 0.00159001 -0.00252817
17.9179 0.00158989 -0.00251051
18.018 0.00158977 -0.00249302
18.1181 0.00158966 -0.00247571
18.2182 0.00158955 -0.00245856
18.3183 0.00158944 -0.00244159
18.4184 0.00158933 -0.00242477
18.5185 0.00158923 -0.00240812
18.6186 0.00158914 -0.00239163
18.7187 0.00158904 -0.0023753
18.8188 0.00158894 -0.00235913
18.9189 0.00158884 -0.00234311
19.019 0.00158875 -0.00232723
19.1191 0.00158865 -0.0023115
19.2192 0.00158856 -0.00229592
19.3193 0.00158847 -0.00228048
19.4194 0.00158839 -0.00226518
19.5195 0.0015883 -0.00225002
19.6196 0.00158822 -0.002235
19.7197 0.00158813 -0.00222011
19.8198 0.00158805 -0.00220536
19.9199 0.00158796 -0.00219073
20.02 0.00158788 -0.00217622
20.1201 0.0015878 -0.00216185
20.2202 0.00158773 -0.00214759
20.3203 0.00158765 -0.00213347
20.4204 0.00158758 -0.00211946
20.5205 0.0015875 -0.00210557
20.6206 0.00158743 -0.0020918
20.7207 0.00158735 -0.00207814
20.8208 0.00158727 -0.00206459
20.9209 0.0015872 -0.00205116
21.021 0.00158713 -0.00203783
21.1211 0.00158707 -0.00202461
21.2212 0.001587 -0.0020115
21.3213 0.00158694 -0.0019985
21.4214 0.00158688 -0.0019856
21.5215 0.00158681 -0.00197281
21.6216 0.00158674 -0.00196011
21.7217 0.00158668 -0.00194751
21.8218 0.00158661 -0.001935
21.9219 0.00158655 -0.0019226
22.022 0.0015865 -0.00191029
22.1221 0.00158644 -0.00189807
22.2222 0.00158639 -0.00188595
22.3223 0.00158633 -0.00187392
22.4224 0.00158627 -0.00186198
22.5225 0.00158621 -0.00185013
22.6226 0.00158616 -0.00183836
22.7227 0.0015861 -0.00182668
22.8228 0.00158605 -0.00181508
22.9229 0.001586 -0.00180357
23.023 0.00158595 -0.00179214
23.1231 0.0015859 -0.0017808
23.2232 0.00158585 -0.00176954
23.3233 0.0015858 -0.00175836
23.4234 0.00158574 -0.00174725
23.5235 0.00158569 -0.00173622
23.6236 0.00158563 -0.00172526
23.7237 0.00158559 -0.00171438
23.8238 0.00158554 -0.00170357
23.9239 0.0015855 -0.00169283
24.024 0.00158546 -0.00168217
24.1241 0.00158542 -0.00167159
24.2242 0.00158537 -0.00166108
24.3243 0.00158533 -0.00165063
24.4244 0.00158528 -0.00164025
24.5245 0.00158524 -0.00162994
24.6246 0.00158519 -0.0016197
24.7247 0.00158515 -0.00160952
24.8248 0.00158511 -0.0015994
24.9249 0.00158508 -0.00158935
25.025 0.00158504 -0.00157937
25.1251 0.001585 -0.00156945
25.2252 0.00158496 -0.00155959
25.3253 0.00158492 -0.0015498
25.4254 0.00158488 -0.00154006
25.5255 0.00158484 -0.00153038
25.6256 0.00158481 -0.00152076
25.7257 0.00158477 -0.0015112
25.8258 0.00158474 -0.00150169
25.9259 0.00158471 -0.00149225
26.026 0.00158467 -0.00148287
26.1261 0.00158464 -0.00147354
26.2262 0.0015846 -0.00146426
26.3263 0.00158456 -0.00145504
26.4264 0.00158452 -0.00144586
26.5265 0.00158448 -0.00143673
26.6266 0.00158445 -0.00142766
26.7267 0.00158443 -0.00141864
26.8268 0.0015844 -0.00140968
26.9269 0.00158438 -0.00140077
27.027 0.00158435 -0.00139191
27.1271 0.00158432 -0.0013831
27.2272 0.00158429 -0.00137434
27.3273 0.00158425 -0.00136563
27.4274 0.00158422 -0.00135696
27.5275 0.00158418 -0.00134833
27.6276 0.00158415 -0.00133975
27.7277 0.00158413 -0.00133121
27.8278 0.0015841 -0.00132273
27.9279 0.00158408 -0.00131429
28.028 0.00158404 -0.0013059
28.1281 0.00158401 -0.00129754
28.2282 0.00158398 -0.00128923
28.3283 0.00158395 -0.00128096
28.4284 0.00158392 -0.00127273
28.5285 0.0015839 -0.00126454
28.6286 0.00158388 -0.00125639
28.7287 0.00158386 -0.00124829
28.8288 0.00158384 -0.00124023
28.9289 0.00158382 -0.00123221
29.029 0.0015838 -0.00122424
29.1291 0.00158377 -0.0012163
29.2292 0.00158374 -0.00120839
29.3293 0.00158372 -0.00120052
29.4294 0.00158369 -0.00119269
29.5295 0.00158367 -0.0011849
29.6296 0.00158365 -0.00117715
29.7297 0.00158363 -0.00116943
29.8298 0.00158361 -0.00116175
29.9299 0.00158359 -0.0011541
30.03 0.00158356 -0.00114649
30.1301 0.00158354 -0.00113891
30.2302 0.00158351 -0.00113137
30.3303 0.00158349 -0.00112386
30.4304 0.00158348 -0.00111638
30.5305 0.00158346 -0.00110894
30.6306 0.00158344 -0.00110153
30.7307 0.00158343 -0.00109416
30.8308 0.00158341 -0.00108682
30.9309 0.00158339 -0.00107951
31.031 0.00158337 -0.00107224
31.1311 0.00158335 -0.00106499
31.2312 0.00158333 -0.00105777
31.3313 0.0015833 -0.00105058
31.4314 0.00158328 -0.00104343
31.5315 0.00158326 -0.0010363
31.6316 0.00158324 -0.0010292
31.7317 0.00158322 -0.00102213
31.8318 0.0015832 -0.00101509
31.9319 0.00158318 -0.00100808
32.032 0.00158315 -0.00100109
32.1321 0.00158314 -0.000994125
32.2322 0.00158312 -0.000987191
32.3323 0.0015831 -0.000980285
32.4324 0.00158309 -0.000973407
32.5325 0.00158308 -0.000966558
32.6326 0.00158307 -0.000959738
32.7327 0.00158305 -0.000952947
32.8328 0.00158304 -0.000946181
32.9329 0.00158302 -0.000939438
33.033 0.001583 -0.00093272
33.1331 0.00158298 -0.000926025
33.2332 0.00158296 -0.000919352
33.3333 0.00158295 -0.000912703
33.4334 0.00158294 -0.00090608
33.5335 0.00158293 -0.000899484
33.6336 0.00158291 -0.000892911
33.7337 0.0015829 -0.000886363
33.8338 0.00158289 -0.000879838
33.9339 0.00158287 -0.000873336
34.034 0.00158286 -0.000866856
34.1341 0.00158284 -0.000860399
34.2342 0.00158283 -0.000853964
34.3343 0.00158281 -0.000847549
34.4344 0.0015828 -0.000841154
34.5345 0.00158279 -0.000834781
34.6346 0.00158277 -0.000828432
34.7347 0.00158276 -0.000822105
34.8348 0.00158275 -0.000815797
34.9349 0.00158273 -0.000809509
35.035 0.00158272 -0.000803239
35.1351 0.0015827 -0.000796988
35.2352 0.00158269 -0.000790756
35.3353 0.00158268 -0.000784543
35.4354 0.00158267 -0.00077835
35.5355 0.00158267 -0.000772179
35.6356 0.00158266 -0.000766031
35.7357 0.00158265 -0.000759905
35.8358 0.00158264 -0.000753798
35.9359 0.00158263 -0.00074771
36.036 0.00158262 -0.000741639
36.1361 0.0015826 -0.000735583
36.2362 0.00158258 -0.00072954
36.3363 0.00158257 -0.000723513
36.4364 0.00158256 -0.000717503
36.5365 0.00158255 -0.00071151
36.6366 0.00158254 -0.000705536
36.7367 0.00158253 -0.000699583
36.8368 0.00158252 -0.000693648
36.9369 0.00158251 -0.000687728
37.037 0.0015825 -0.000681822
37.1371 0.00158249 -0.000675931
37.2372 0.00158248 -0.000670057
37.3373 0.00158247 -0.000664196
37.4375 0.00158246 -0.000658351
37.5376 0.00158245 -0.000652523
37.6377 0.00158244 -0.000646712
37.7378 0.00158243 -0.000640918
37.8379 0.00158242 -0.000635138
37.938 0.00158241 -0.00062937
38.0381 0.0015824 -0.000623616
38.1382 0.00158239 -0.000617873
38.2383 0.00158238 -0.000612146
38.3384 0.00158238 -0.000606433
38.4385 0.00158237 -0.000600734
38.5386 0.00158236 -0.000595049
38.6387 0.00158236 -0.00058938
38.7388 0.00158235 -0.000583726
38.8389 0.00158235 -0.000578084
38.939 0.00158234 -0.000572455
39.0391 0.00158234 -0.00056684
39.1392 0.00158233 -0.00056124
39.2393 0.00158232 -0.000555653
39.3394 0.00158231 -0.000550076
39.4395 0.0015823 -0.000544511
39.5396 0.00158229 -0.000538957
39.6397 0.00158227 -0.000533414
39.7398 0.00158226 -0.000527879
39.8399 0.00158225 -0.000522355
39.94 0.00158225 -0.000516843
40.0401 0.00158224 -0.000511345
40.1402 0.00158224 -0.00050586
40.2403 0.00158223 -0.000500386
40.3404 0.00158222 -0.000494923
40.4405 0.00158221 -0.000489468
40.5406 0.00158221 -0.000484023
40.6407 0.0015822 -0.000478588
40.7408 0.0015822 -0.000473163
40.8409 0.00158219 -0.000467751
40.941 0.00158219 -0.000462352
41.0411 0.00158218 -0.000456964
41.1412 0.00158218 -0.000451585
41.2413 0.00158217 -0.000446214
41.3414 0.00158216 -0.000440852
41.4415 0.00158215 -0.000435498
41.5416 0.00158214 -0.000430151
41.6417 0.00158214 -0.000424813
41.7418 0.00158214 -0.000419485
41.8419 0.00158214 -0.000414168
41.942 0.00158213 -0.000408863
42.0421 0.00158213 -0.000403567
42.1422 0.00158212 -0.00039828
42.2423 0.00158211 -0.000392998
42.3424 0.0015821 -0.000387722
42.4425 0.0015821 -0.000382455
42.5426 0.00158209 -0.000377196
42.6427 0.00158209 -0.000371944
42.7428 0.00158209 -0.000366701
42.8429 0.00158209 -0.000361468
42.943 0.00158208 -0.000356244
43.0431 0.00158207 -0.000351026
43.1432 0.00158207 -0.000345813
43.2433 0.00158206 -0.000340606
43.3434 0.00158206 -0.000335407
43.4435 0.00158206 -0.000330216
43.5436 0.00158206 -0.000325034
43.6437 0.00158205 -0.00031986
43.7438 0.00158205 -0.000314693
43.8439 0.00158204 -0.000309528
43.944 0.00158203 -0.000304368
44.0441 0.00158203 -0.000299215
44.1442 0.00158202 -0.000294067
44.2443 0.00158202 -0.000288924
44.3444 0.00158202 -0.00028379
44.4445 0.00158202 -0.000278666
44.5446 0.00158202 -0.000273546
44.6447 0.00158201 -0.00026843
44.7448 0.00158201 -0.000263319
44.8449 0.001582 -0.000258211
44.945 0.001582 -0.000253107
45.0451 0.001582 -0.000248008
45.1452 0.001582 -0.000242919
45.2453 0.001582 -0.000237838
45.3454 0.001582 -0.000232764
45.4455 0.001582 -0.000227693
45.5456 0.00158199 -0.000222626
45.6457 0.00158198 -0.000217562
45.7458 0.00158197 -0.000212497
45.8459 0.00158197 -0.000207434
45.946 0.00158197 -0.000202376
46.0461 0.00158197 -0.000197325
46.1462 0.00158197 -0.000192281
46.2463 0.00158197 -0.000187245
46.3464 0.00158197 -0.000182214
46.4465 0.00158196 -0.000177184
46.5466 0.00158195 -0.000172153
46.6467 0.00158195 -0.000167125
46.7468 0.00158194 -0.000162097
46.8469 0.00158193 -0.000157068
46.947 0.00158193 -0.000152043
47.0471 0.00158194 -0.000147027
47.1472 0.00158194 -0.000142017
47.2473 0.00158194 -0.000137008
47.3474 0.00158194 -0.000132002
47.4475 0.00158194 -0.000127001
47.5476 0.00158194 -0.000122003
47.6477 0.00158193 -0.000117003
47.7478 0.00158193 -0.000112004
47.8479 0.00158193 -0.000107008
47.948 0.00158193 -0.000102013
48.0481 0.00158193 -9.70218e-05
48.1482 0.00158194 -9.2036e-05
48.2483 0.00158194 -8.70554e-05
48.3484 0.00158194 -8.20759e-05
48.4485 0.00158193 -7.70956e-05
48.5486 0.00158193 -7.21167e-05
48.6487 0.00158192 -6.71384e-05
48.7488 0.00158192 -6.2158e-05
48.8489 0.00158192 -5.71764e-05
48.949 0.00158192 -5.21972e-05
49.0491 0.00158192 -4.72209e-05
49.1492 0.00158192 -4.22446e-05
49.2493 0.00158192 -3.72701e-05
49.3494 0.00158193 -3.22995e-05
49.4495 0.00158193 -2.73314e-05
49.5496 0.00158193 -2.23632e-05
49.6497 0.00158193 -1.7394e-05
49.7498 0.00158193 -1.24257e-05
49.8499 0.00158192 -7.45699e-06
49.95 0.00158192 -2.48603e-06
50.0501 0.00158192 2.48603e-06
50.1502 0.00158192 7.45699e-06
50.2503 0.00158193 1.24257e-05
50.3504 0.00158193 1.7394e-05
50.4505 0.00158193 2.23632e-05
50.5506 0.00158193 2.73314e-05
50.6507 0.00158193 3.22995e-05
50.7508 0.00158192 3.72701e-05
50.8509 0.00158192 4.22446e-05
50.951 0.00158192 4.72209e-05
51.0511 0.00158192 5.21972e-05
51.1512 0.00158192 5.71764e-05
51.2513 0.00158192 6.2158e-05
51.3514 0.00158192 6.71384e-05
51.4515 0.00158193 7.21167e-05
51.5516 0.00158193 7.70956e-05
51.6517 0.00158194 8.20759e-05
51.7518 0.00158194 8.70554e-05
51.8519 0.00158194 9.2036e-05
51.952 0.00158193 9.70218e-05
52.0521 0.00158193 0.000102013
52.1522 0.00158193 0.000107008
52.2523 0.00158193 0.000112004
52.3524 0.00158193 0.000117003
52.4525 0.00158194 0.000122003
52.5526 0.00158194 0.000127001
52.6527 0.00158194 0.000132002
52.7528 0.00158194 0.000137008
52.8529 0.00158194 0.000142017
52.953 0.00158194 0.000147027
53.0531 0.00158193 0.000152043
53.1532 0.00158193 0.000157068
53.2533 0.00158194 0.000162097
53.3534 0.00158195 0.000167125
53.4535 0.00158195 0.000172153
53.5536 0.00158196 0.000177184
53.6537 0.00158197 0.000182214
53.7538 0.00158197 0.000187245
53.8539 0.00158197 0.000192281
53.954 0.00158197 0.000197325
54.0541 0.00158197 0.000202376
54.1542 0.00158197 0.000207434
54.2543 0.00158197 0.000212497
54.3544 0.00158198 0.000217562
54.4545 0.00158199 0.000222626
54.5546 0.001582 0.000227693
54.6547 0.001582 0.000232764
54.7548 0.001582 0.000237838
54.8549 0.001582 0.000242919
54.955 0.001582 0.000248008
55.0551 0.001582 0.000253107
55.1552 0.001582 0.000258211
55.2553 0.00158201 0.000263319
55.3554 0.00158201 0.00026843
55.4555 0.00158202 0.000273546
55.5556 0.00158202 0.000278666
55.6557 0.00158202 0.00028379
55.7558 0.00158202 0.000288924
55.8559 0.00158202 0.000294067
55.956 0.00158203 0.000299215
56.0561 0.00158203 0.000304368
56.1562 0.00158204 0.000309528
56.2563 0.00158205 0.000314693
56.3564 0.00158205 0.00031986
56.4565 0.00158206 0.000325034
56.5566 0.00158206 0.000330216
56.6567 0.00158206 0.000335407
56.7568 0.00158206 0.000340606
56.8569 0.00158207 0.000345813
56.957 0.00158207 0.000351026
57.0571 0.00158208 0.000356244
57.1572 0.00158209 0.000361468
57.2573 0.00158209 0.000366701
57.3574 0.00158209 0.000371944
57.4575 0.00158209 0.000377196
57.5576 0.0015821 0.000382455
57.6577 0.0015821 0.000387722
57.7578 0.00158211 0.000392998
57.8579 0.00158212 0.00039828
57.958 0.00158213 0.000403567
58.0581 0.00158213 0.000408863
58.1582 0.00158214 0.000414168
58.2583 0.00158214 0.000419485
58.3584 0.00158214 0.000424813
58.4585 0.00158214 0.000430151
58.5586 0.00158215 0.000435498
58.6587 0.00158216 0.000440852
58.7588 0.00158217 0.000446214
58.8589 0.00158218 0.000451585
58.959 0.00158218 0.000456964
59.0591 0.00158219 0.000462352
59.1592 0.00158219 0.000467751
59.2593 0.0015822 0.000473163
59.3594 0.0015822 0.000478588
59.4595 0.00158221 0.000484023
59.5596 0.00158221 0.000489468
59.6597 0.00158222 0.000494923
59.7598 0.00158223 0.000500386
59.8599 0.00158224 0.00050586
59.96 0.00158224 0.000511345
60.0601 0.00158225 0.000516843
60.1602 0.00158225 0.000522355
60.2603 0.00158226 0.000527879
60.3604 0.00158227 0.000533414
60.4605 0.00158229 0.000538957
60.5606 0.0015823 0.000544511
60.6607 0.00158231 0.000550076
60.7608 0.00158232 0.000555653
60.8609 0.00158233 0.00056124
60.961 0.00158234 0.00056684
61.0611 0.00158234 0.000572455
61.1612 0.00158235 0.000578084
61.2613 0.00158235 0.000583726
61.3614 0.00158236 0.00058938
61.4615 0.00158236 0.000595049
61.5616 0.00158237 0.000600734
61.6617 0.00158238 0.000606433
61.7618 0.00158238 0.000612146
61.8619 0.00158239 0.000617873
61.962 0.0015824 0.000623616
62.0621 0.00158241 0.00062937
62.1622 0.00158242 0.000635138
62.2623 0.00158243 0.000640918
62.3624 0.00158244 0.000646712
62.4625 0.00158245 0.000652523
62.5626 0.00158246 0.000658351
62.6627 0.00158247 0.000664196
62.7628 0.00158248 0.000670057
62.8629 0.00158249 0.000675931
62.963 0.0015825 0.000681822
63.0631 0.00158251 0.000687728
63.1632 0.00158252 0.000693648
63.2633 0.00158253 0.000699583
63.3634 0.00158254 0.000705536
63.4635 0.00158255 0.00071151
63.5636 0.00158256 0.000717503
63.6637 0.00158257 0.000723513
63.7638 0.00158258 0.00072954
63.8639 0.0015826 0.000735583
63.964 0.00158262 0.000741639
64.0641 0.00158263 0.00074771
64.1642 0.00158264 0.000753798
64.2643 0.00158265 0.000759905
64.3644 0.00158266 0.000766031
64.4645 0.00158267 0.000772179
64.5646 0.00158267 0.00077835
64.6647 0.00158268 0.000784543
64.7648 0.00158269 0.000790756
64.8649 0.0015827 0.000796988
64.965 0.00158272 0.000803239
65.0651 0.00158273 0.000809509
65.1652 0.00158275 0.000815797
65.2653 0.00158276 0.000822105
65.3654 0.00158277 0.000828432
65.4655 0.00158279 0.000834781
65.5656 0.0015828 0.000841154
65.6657 0.00158281 0.000847549
65.7658 0.00158283 0.000853964
65.8659 0.00158284 0.000860399
65.966 0.00158286 0.000866856
66.0661 0.00158287 0.000873336
66.1662 0.00158289 0.000879838
66.2663 0.0015829 0.000886363
66.3664 0.00158291 0.000892911
66.4665 0.00158293 0.000899484
66.5666 0.00158294 0.00090608
66.6667 0.00158295 0.000912703
66.7668 0.00158296 0.000919352
66.8669 0.00158298 0.000926025
66.967 0.001583 0.00093272
67.0671 0.00158302 0.000939438
67.1672 0.00158304 0.000946181
67.2673 0.00158305 0.000952947
67.3674 0.00158307 0.000959738
67.4675 0.00158308 0.000966558
67.5676 0.00158309 0.000973407
67.6677 0.0015831 0.000980285
67.7678 0.00158312 0.000987191
67.8679 0.00158314 0.000994125
67.968 0.00158315 0.00100109
68.0681 0.00158318 0.00100808
68.1682 0.0015832 0.00101509
68.2683 0.00158322 0.00102213
68.3684 0.00158324 0.0010292
68.4685 0.00158326 0.0010363
68.5686 0.00158328 0.00104343
68.6687 0.0015833 0.00105058
68.7688 0.00158333 0.00105777
68.8689 0.00158335 0.00106499
68.969 0.00158337 0.00107224
69.0691 0.00158339 0.00107951
69.1692 0.00158341 0.00108682
69.2693 0.00158343 0.00109416
69.3694 0.00158344 0.00110153
69.4695 0.00158346 0.00110894
69.5696 0.00158348 0.00111638
69.6697 0.00158349 0.00112386
69.7698 0.00158351 0.00113137
69.8699 0.00158354 0.00113891
69.97 0.00158356 0.00114649
70.0701 0.00158359 0.0011541
70.1702 0.00158361 0.00116175
70.2703 0.00158363 0.00116943
70.3704 0.00158365 0.00117715
70.4705 0.00158367 0.0011849
70.5706 0.00158369 0.00119269
70.6707 0.00158372 0.00120052
70.7708 0.00158374 0.00120839
70.8709 0.00158377 0.0012163
70.971 0.0015838 0.00122424
71.0711 0.00158382 0.00123221
71.1712 0.00158384 0.00124023
71.2713 0.00158386 0.00124829
71.3714 0.00158388 0.00125639
71.4715 0.0015839 0.00126454
71.5716 0.00158392 0.00127273
71.6717 0.00158395 0.00128096
71.7718 0.00158398 0.00128923
71.8719 0.00158401 0.00129754
71.972 0.00158404 0.0013059
72.0721 0.00158408 0.00131429
72.1722 0.0015841 0.00132273
72.2723 0.00158413 0.00133121
72.3724 0.00158415 0.00133975
72.4725 0.00158418 0.00134833
72.5726 0.00158422 0.00135696
72.6727 0.00158425 0.00136563
72.7728 0.00158429 0.00137434
72.8729 0.00158432 0.0013831
72.973 0.00158435 0.00139191
73.0731 0.00158438 0.00140077
73.1732 0.0015844 0.00140968
73.2733 0.00158443 0.00141864
73.3734 0.00158445 0.00142766
73.4735 0.00158448 0.00143673
73.5736 0.00158452 0.00144586
73.6737 0.00158456 0.00145504
73.7738 0.0015846 0.00146426
73.8739 0.00158464 0.00147354
73.974 0.00158467 0.00148287
74.0741 0.00158471 0.00149225
74.1742 0.00158474 0.00150169
74.2743 0.00158477 0.0015112
74.3744 0.00158481 0.00152076
74.4745 0.00158484 0.00153038
74.5746 0.00158488 0.00154006
74.6747 0.00158492 0.0015498
74.7748 0.00158496 0.00155959
74.8749 0.001585 0.00156945
74.975 0.00158504 0.00157937
75.0751 0.00158508 0.00158935
75.1752 0.00158511 0.0015994
75.2753 0.00158515 0.00160952
75.3754 0.00158519 0.0016197
75.4755 0.00158524 0.00162994
75.5756 0.00158528 0.00164025
75.6757 0.00158533 0.00165063
75.7758 0.00158537 0.00166108
75.8759 0.00158542 0.00167159
75.976 0.00158546 0.00168217
76.0761 0.0015855 0.00169283
76.1762 0.00158554 0.00170357
76.2763 0.00158559 0.00171438
76.3764 0.00158563 0.00172526
76.4765 0.00158569 0.00173622
76.5766 0.00158574 0.00174725
76.6767 0.0015858 0.00175836
76.7768 0.00158585 0.00176954
76.8769 0.0015859 0.0017808
76.977 0.00158595 0.00179214
77.0771 0.001586 0.00180357
77.1772 0.00158605 0.00181508
77.2773 0.0015861 0.00182668
77.3774 0.00158616 0.00183836
77.4775 0.00158621 0.00185013
77.5776 0.00158627 0.00186198
77.6777 0.00158633 0.00187392
77.7778 0.00158639 0.00188595
77.8779 0.00158644 0.00189807
77.978 0.0015865 0.00191029
78.0781 0.00158655 0.0019226
78.1782 0.00158661 0.001935
78.2783 0.00158668 0.00194751
78.3784 0.00158674 0.00196011
78.4785 0.00158681 0.00197281
78.5786 0.00158688 0.0019856
78.6787 0.00158694 0.0019985
78.7788 0.001587 0.0020115
78.8789 0.00158707 0.00202461
78.979 0.00158713 0.00203783
79.0791 0.0015872 0.00205116
79.1792 0.00158727 0.00206459
79.2793 0.00158735 0.00207814
79.3794 0.00158743 0.0020918
79.4795 0.0015875 0.00210557
79.5796 0.00158758 0.00211946
79.6797 0.00158765 0.00213347
79.7798 0.00158773 0.00214759
79.8799 0.0015878 0.00216185
79.98 0.00158788 0.00217622
80.0801 0.00158796 0.00219073
80.1802 0.00158805 0.00220536
80.2803 0.00158813 0.00222011
80.3804 0.00158822 0.002235
80.4805 0.0015883 0.00225002
80.5806 0.00158839 0.00226518
80.6807 0.00158847 0.00228048
80.7808 0.00158856 0.00229592
80.8809 0.00158865 0.0023115
80.981 0.00158875 0.00232723
81.0811 0.00158884 0.00234311
81.1812 0.00158894 0.00235913
81.2813 0.00158904 0.0023753
81.3814 0.00158914 0.00239163
81.4815 0.00158923 0.00240812
81.5816 0.00158933 0.00242477
81.6817 0.00158944 0.00244159
81.7818 0.00158955 0.00245856
81.8819 0.00158966 0.00247571
81.982 0.00158977 0.00249302
82.0821 0.00158989 0.00251051
82.1822 0.00159001 0.00252817
82.2823 0.00159012 0.00254601
82.3824 0.00159024 0.00256404
82.4825 0.00159035 0.00258226
82.5826 0.00159047 0.00260066
82.6827 0.0015906 0.00261926
82.7828 0.00159072 0.00263806
82.8829 0.00159085 0.00265705
82.983 0.00159098 0.00267625
83.0831 0.00159111 0.00269566
83.1832 0.00159125 0.00271528
83.2833 0.00159139 0.00273511
83.3834 0.00159153 0.00275517
83.4835 0.00159168 0.00277545
83.5836 0.00159183 0.00279595
83.6837 0.00159199 0.00281668
83.7838 0.00159214 0.00283765
83.8839 0.0015923 0.00285885
83.984 0.00159246 0.0028803
84.0841 0.00159262 0.002902
84.1842 0.00159278 0.00292396
84.2843 0.00159295 0.00294618
84.3844 0.00159312 0.00296866
84.4845 0.0015933 0.00299142
84.5846 0.00159348 0.00301445
84.6847 0.00159367 0.00303775
84.7848 0.00159386 0.00306134
84.8849 0.00159404 0.00308522
84.985 0.00159424 0.00310941
85.0851 0.00159444 0.0031339
85.1852 0.00159464 0.0031587
85.2853 0.00159486 0.00318382
85.3854 0.00159508 0.00320925
85.4855 0.00159529 0.00323502
85.5856 0.00159552 0.00326112
85.6857 0.00159574 0.00328757
85.7858 0.00159597 0.00331437
85.8859 0.0015962 0.00334153
85.986 0.00159644 0.00336907
86.0861 0.00159669 0.00339698
86.1862 0.00159695 0.00342528
86.2863 0.00159721 0.00345396
86.3864 0.00159748 0.00348305
86.4865 0.00159776 0.00351254
86.5866 0.00159804 0.00354245
86.6867 0.00159833 0.0035728
86.7868 0.00159862 0.00360358
86.8869 0.00159891 0.00363482
86.987 0.00159922 0.00366652
87.0871 0.00159954 0.00369869
87.1872 0.00159986 0.00373135
87.2873 0.0016002 0.00376449
87.3874 0.00160054 0.00379814
87.4875 0.00160088 0.00383232
87.5876 0.00160123 0.00386702
87.6877 0.0016016 0.00390228
87.7878 0.00160197 0.0039381
87.8879 0.00160236 0.00397449
87.988 0.00160276 0.00401147
88.0881 0.00160317 0.00404905
88.1882 0.00160359 0.00408725
88.2883 0.00160402 0.00412608
88.3884 0.00160447 0.00416557
88.4885 0.00160492 0.00420573
88.5886 0.00160539 0.00424659
88.6887 0.00160587 0.00428815
88.7888 0.00160637 0.00433043
88.8889 0.00160689 0.00437346
88.989 0.00160742 0.00441726
89.0891 0.00160797 0.00446184
89.1892 0.00160852 0.00450724
89.2893 0.0016091 0.00455348
89.3894 0.00160968 0.00460058
89.4895 0.00161029 0.00464857
89.5896 0.00161092 0.00469747
89.6897 0.00161158 0.00474732
89.7898 0.00161225 0.00479813
89.8899 0.00161295 0.00484994
89.99 0.00161367 0.00490278
90.0901 0.00161441 0.00495668
90.1902 0.00161518 0.00501168
90.2903 0.00161598 0.00506781
90.3904 0.0016168 0.00512511
90.4905 0.00161765 0.00518363
90.5906 0.00161854 0.00524338
90.6907 0.00161946 0.00530443
90.7908 0.00162041 0.0053668
90.8909 0.00162139 0.00543056
90.991 0.00162242 0.00549574
91.0911 0.00162348 0.0055624
91.1912 0.00162458 0.00563059
91.2913 0.00162572 0.00570037
91.3914 0.00162691 0.00577179
91.4915 0.00162815 0.00584492
91.5916 0.00162944 0.00591981
91.6917 0.00163078 0.00599655
91.7918 0.00163219 0.00607519
91.8919 0.00163365 0.00615581
91.992 0.00163517 0.00623849
92.0921 0.00163676 0.00632332
92.1922 0.00163842 0.00641037
92.2923 0.00164016 0.00649975
92.3924 0.00164198 0.00659155
92.4925 0.00164389 0.00668588
92.5926 0.00164588 0.00678284
92.6927 0.00164798 0.00688255
92.7928 0.00165018 0.00698513
92.8929 0.00165249 0.00709071
92.993 0.00165492 0.00719943
93.0931 0.00165748 0.00731143
93.1932 0.00166018 0.00742688
93.2933 0.00166302 0.00754594
93.3934 0.00166602 0.00766878
93.4935 0.00166918 0.00779559
93.5936 0.00167252 0.00792659
93.6937 0.00167606 0.00806199
93.7938 0.00167982 0.00820202
93.8939 0.00168381 0.00834693
93.994 0.00168805 0.00849699
94.0941 0.00169256 0.00865248
94.1942 0.00169737 0.00881372
94.2943 0.00170251 0.00898104
94.3944 0.00170799 0.00915481
94.4945 0.00171387 0.00933541
94.5946 0.00172017 0.00952327
94.6947 0.00172693 0.00971886
94.7948 0.00173421 0.00992268
94.8949 0.00174206 0.0101353
94.995 0.00175054 0.0103572
95.0951 0.00175971 0.0105893
95.1952 0.00176966 0.010832
95.2953 0.00178048 0.0110863
95.3954 0.00179227 0.0113531
95.4955 0.00180516 0.0116332
95.5956 0.00181928 0.0119278
95.6957 0.00183479 0.0122381
95.7958 0.0018519 0.0125653
95.8959 0.0018708 0.012911
95.996 0.00189178 0.0132769
96.0961 0.00191512 0.0136648
96.1962 0.00194122 0.014077
96.2963 0.0019705 0.0145157
96.3964 0.0020035 0.0149838
96.4965 0.00204086 0.0154845
96.5966 0.0020834 0.0160214
96.6967 0.00213208 0.0165988
96.7968 0.00218814 0.0172217
96.8969 0.00225313 0.017896
96.997 0.00232902 0.0186284
97.0971 0.00241832 0.0194271
97.1972 0.00252429 0.0203021
97.2973 0.00265118 0.0212649
97.3974 0.00280461 0.0223302
97.4975 0.00299215 0.0235156
97.5976 0.00322415 0.0248434
97.6977 0.00351507 0.0263414
97.7978 0.00388547 0.0280451
97.8979 0.0043653 0.0300003
97.998 0.00499925 0.0322667
98.0981 0.00585597 0.0349226
98.1982 0.00704424 0.0380718
98.2983 0.00874272 0.0418497
98.3984 0.0112561 0.0464272
98.4985 0.0151248 0.0519917
98.5986 0.021337 0.0586432
98.6987 0.0316954 0.0659881
98.7988 0.0491011 0.0717719
98.8989 0.0755585 0.0686226
98.999 0.101869 0.0444968
99.0991 0.104545 0.00594153
99.1992 0.0847274 -0.019362
99.2993 0.0633139 -0.0266871
99.3994 0.0480373 -0.0253955
99.4995 0.0381578 -0.0213529
99.5996 0.0318578 -0.0167518
99.6997 0.0278586 -0.0122564
99.7998 0.0254032 -0.00800098
99.8999 0.0240697 -0.00394657
