0 4.80755e-07 0
0.628319 -9.92461e-18 8.367e-18
1.25664 2.23132e-17 -1.93635e-17
1.88496 1.30269e-16 -1.47764e-17
2.51327 1.19938e-16 -6.47098e-17
3.14159 0.46875 0.00736371
3.76991 -2.88963e-16 4.63544e-17
4.39823 1.60592e-16 -4.78343e-17
5.02655 -3.92102e-17 -4.32636e-17
5.65487 1.27332e-16 9.2996e-17
6.28319 0.462779 0.0145434
6.9115 -7.7364e-16 8.66698e-17
7.53982 -1.17627e-16 9.81644e-17
8.16814 2.08391e-17 -6.86629e-17
8.79646 3.85322e-17 -4.56406e-16
9.42478 0.452933 0.0213598
10.0531 -6.03027e-16 -2.76691e-17
10.6814 6.71318e-16 4.08729e-17
11.3097 1.54127e-16 3.44081e-17
11.9381 6.52715e-16 1.3941e-16
12.5664 0.439368 0.0276427
13.1947 9.53648e-17 1.21118e-16
13.823 -4.7702e-16 1.91596e-16
14.4513 -1.43527e-16 5.12851e-16
15.0796 4.32543e-16 -3.57666e-17
15.708 0.4223 0.0332357
16.3363 4.29138e-16 -1.08137e-16
16.9646 -9.40084e-16 -2.29507e-16
17.5929 -2.19249e-16 2.77208e-16
18.2212 1.15385e-16 -2.74555e-16
18.8496 0.401997 0.0379999
19.4779 -1.07388e-15 2.51189e-16
20.1062 1.09748e-17 1.20846e-16
20.7345 -2.66674e-16 1.34397e-16
21.3628 5.55587e-16 -5.08289e-16
21.9911 0.378776 0.0418173
22.6195 -5.3765e-16 2.35935e-16
23.2478 -2.83408e-17 4.51577e-16
23.8761 -2.26768e-16 -3.92167e-17
24.5044 9.77913e-16 -2.00994e-16
25.1327 0.352999 0.0445942
25.7611 -2.06932e-15 3.60667e-16
26.3894 -1.1828e-16 -1.02089e-16
27.0177 -7.59676e-16 -8.35594e-16
27.646 9.67329e-16 5.24682e-16
28.2743 0.325062 0.0462631
28.9027 -2.4863e-15 -1.2069e-16
29.531 4.01565e-16 6.31357e-16
30.1593 -7.94732e-17 3.39745e-17
30.7876 4.11299e-16 -9.68242e-17
31.4159 0.295387 0.0467847
32.0442 -1.93961e-15 7.52925e-16
32.6726 1.56807e-15 -5.02898e-16
33.3009 1.04837e-16 -1.19532e-16
33.9292 1.33e-16 -1.99534e-16
34.5575 0.26442 0.0461486
35.1858 1.48038e-15 6.56741e-17
35.8142 -1.15767e-15 -1.81372e-16
36.4425 -5.74572e-16 -8.83644e-16
37.0708 -7.24311e-16 -4.33837e-17
37.6991 0.232615 0.0443737
38.3274 -8.75278e-16 -2.20792e-16
38.9557 -1.19802e-15 4.18202e-16
39.5841 -7.27325e-16 -4.55093e-16
40.2124 8.22491e-18 1.1284e-15
40.8407 0.200432 0.0415076
41.469 -1.84198e-16 4.93591e-16
42.0973 -7.09827e-16 -1.05137e-15
42.7257 6.36757e-16 3.02594e-16
43.354 -2.44013e-17 2.43866e-16
43.9823 0.168324 0.037625
44.6106 1.15329e-15 3.49444e-16
45.2389 -5.70731e-16 -4.3797e-16
45.8673 -1.08549e-15 -7.96587e-16
46.4956 -7.35384e-16 -6.56433e-16
47.1239 0.136731 0.0328263
47.7522 -1.5951e-15 -1.5769e-15
48.3805 -7.42164e-16 2.39433e-16
49.0088 -7.58951e-16 -6.60067e-16
49.6372 -1.92186e-15 1.61357e-16
50.2655 0.106071 0.0272345
50.8938 -3.34511e-16 4.35593e-16
51.5221 -1.90097e-15 -2.34541e-16
52.1504 -6.47959e-16 -6.75843e-16
52.7788 2.59767e-16 2.03545e-16
53.4071 0.0767342 0.0209921
54.0354 -6.63947e-16 -1.01027e-15
54.6637 -2.29426e-15 -9.04419e-16
55.292 -2.50841e-15 5.58144e-16
55.9203 -1.01709e-15 4.08595e-16
56.5487 0.0490749 0.0142576
57.177 1.92209e-15 1.78309e-16
57.8053 -2.15969e-15 -6.35673e-17
58.4336 -3.09761e-16 -5.3016e-16
59.0619 -4.64851e-17 9.41174e-16
59.6903 0.0234073 0.00720103
60.3186 -1.18548e-15 -1.30784e-15
60.9469 -1.74573e-15 -6.64107e-16
61.5752 -1.18827e-15 -4.64738e-16
62.2035 1.22734e-16 4.82036e-16
62.8319 -6.07713e-08 -1.97458e-08
63.4602 1.11361e-15 3.28935e-16
64.0885 -3.77616e-15 -4.65118e-16
64.7168 -2.16464e-15 2.09244e-17
65.3451 1.90941e-15 1.66614e-15
65.9734 -0.020928 -0.00716525
66.6018 -8.28011e-16 -2.12844e-15
67.2301 -2.91436e-15 -8.75085e-16
67.8584 -8.65704e-16 -1.19095e-15
68.4867 -4.48148e-15 4.48917e-16
69.115 -0.039209 -0.0141161
69.7434 1.33806e-15 5.0524e-16
70.3717 6.2391e-16 1.84323e-15
71 -5.02681e-16 5.88335e-16
71.6283 -2.88666e-15 2.93879e-16
72.2566 -0.0547291 -0.0206804
72.8849 -3.03046e-16 -1.01287e-16
73.5133 -1.68794e-15 4.73657e-16
74.1416 -9.44428e-16 -1.01065e-15
74.7699 -3.16918e-15 3.46179e-17
75.3982 -0.0674277 -0.0266965
76.0265 1.37193e-15 -2.73684e-16
76.6549 3.59565e-16 -8.60942e-16
77.2832 -1.03985e-15 -1.83238e-16
77.9115 -1.15416e-15 -3.96117e-16
78.5398 -0.0772973 -0.0320176
79.1681 6.50235e-16 1.06371e-15
79.7965 -9.69842e-16 -1.09581e-15
80.4248 3.70757e-16 -1.55013e-15
81.0531 -1.44809e-15 -1.07159e-15
81.6814 -0.0843816 -0.0365152
82.3097 1.26177e-15 3.73108e-16
82.938 -1.75223e-15 -4.92901e-16
83.5664 -4.31735e-16 -9.19219e-16
84.1947 -3.28941e-15 -2.67869e-15
84.823 -0.0887725 -0.0400823
85.4513 8.82994e-16 2.21814e-15
86.0796 1.25536e-15 8.27388e-16
86.708 7.70336e-16 6.18698e-16
87.3363 -1.67161e-15 -2.02387e-16
87.9646 -0.0906065 -0.0426362
88.5929 4.1906e-16 2.321e-16
89.2212 1.93239e-16 3.33505e-15
89.8495 9.14266e-19 -3.09243e-16
90.4779 -8.3604e-16 -1.15624e-15
91.1062 -0.0900602 -0.04412
91.7345 2.90992e-15 -2.48774e-15
92.3628 -8.88961e-16 5.99098e-17
92.9911 -5.61661e-16 -2.94312e-16
93.6195 -1.47862e-15 3.48619e-15
94.2478 -0.0873448 -0.0445044
94.8761 1.72219e-15 -2.55156e-16
95.5044 -1.05921e-15 -2.12337e-16
96.1327 -2.14074e-15 -1.2896e-15
96.7611 -2.3235e-16 9.74265e-16
97.3894 -0.0827008 -0.0437878
98.0177 1.1035e-15 1.42661e-16
98.646 1.42833e-15 2.77506e-15
99.2743 1.08333e-15 -1.32159e-15
99.9026 -8.91774e-16 -6.61145e-16
100.531 -0.0763913 -0.0419965
101.159 1.16693e-15 1.19629e-16
101.788 -6.61086e-16 -8.08867e-17
102.416 -6.61725e-16 1.71578e-16
103.044 -2.92068e-15 -1.89368e-15
103.673 -0.068696 -0.0391835
104.301 -2.27804e-16 -1.05837e-15
104.929 4.1534e-15 3.19954e-15
105.558 -2.59759e-15 3.91624e-15
106.186 -4.13671e-16 -2.44125e-15
106.814 -0.0599044 -0.0354274
107.442 -2.39602e-15 3.08552e-15
108.071 2.1884e-15 -7.02199e-16
108.699 1.09649e-16 -2.01378e-16
109.327 -5.2033e-16 -1.95169e-15
109.956 -0.0503092 -0.0308295
110.584 -2.25815e-15 3.01833e-16
111.212 -1.68399e-15 8.09052e-16
111.841 -2.80967e-15 5.2614e-16
112.469 1.35802e-15 -2.87835e-15
113.097 -0.0402004 -0.0255119
113.726 1.45563e-15 2.86437e-15
114.354 -1.89882e-15 -6.77413e-16
114.982 -3.75179e-15 -9.51268e-16
115.611 -4.61061e-15 -1.94426e-15
116.239 -0.0298587 -0.0196135
116.867 -5.00004e-16 3.86267e-15
117.496 6.2399e-16 -1.47819e-15
118.124 1.04886e-15 7.18989e-16
118.752 -1.68595e-15 -3.23324e-16
119.381 -0.0195507 -0.0132867
120.009 -3.5709e-17 -3.90928e-15
120.637 6.54787e-17 -1.19102e-15
121.265 -3.59717e-16 1.55496e-15
121.894 1.70289e-15 -1.84652e-15
122.522 -0.00952335 -0.00669313
123.15 -5.17023e-16 1.25642e-15
123.779 -1.45766e-15 1.16163e-15
124.407 -1.62729e-15 2.09779e-15
125.035 -2.00457e-15 -2.77323e-15
125.664 1.97168e-07 1.43251e-07
126.292 -6.53581e-17 1.50091e-15
126.92 -5.51768e-16 -3.22415e-16
127.549 1.00829e-15 1.3407e-15
128.177 -6.19593e-16 3.72089e-15
128.805 0.00882407 0.0066253
129.434 2.66065e-15 2.71606e-15
130.062 1.36084e-15 -1.40936e-15
130.69 2.77186e-15 1.93673e-15
131.319 -3.50636e-15 -5.4102e-16
131.947 0.0167826 0.0130179
132.575 2.53734e-15 -5.35929e-15
133.204 1.09327e-15 3.60019e-15
133.832 1.30422e-15 -2.66703e-15
134.46 -3.99026e-15 -2.29799e-15
135.088 0.0237421 0.019021
135.717 8.82856e-16 1.04796e-15
136.345 1.72097e-15 5.2103e-16
136.973 -3.73169e-15 4.12389e-15
137.602 -1.62643e-16 1.49863e-15
138.23 0.0296023 0.0244891
138.858 1.6242e-15 -2.40374e-15
139.487 -4.10335e-16 1.60138e-15
140.115 -4.04904e-15 -1.54087e-15
140.743 9.84127e-16 8.78019e-16
141.372 0.0342964 0.0292919
142 2.34579e-15 2.40922e-15
142.628 2.244e-17 -3.91569e-16
143.257 -2.0993e-15 -3.79939e-15
143.885 -1.85126e-15 -3.73222e-16
144.513 0.0377909 0.0333171
145.142 -4.0178e-15 2.52747e-15
145.77 -2.78298e-16 -3.17123e-15
146.398 -3.68979e-15 1.13273e-15
147.027 -3.56875e-15 1.80061e-15
147.655 0.0400838 0.0364735
148.283 3.26874e-15 4.31609e-16
148.911 5.00649e-17 -2.19315e-16
149.54 -2.00763e-16 -4.51567e-16
150.168 1.99193e-15 3.43595e-17
150.796 0.0412033 0.0386925
151.425 5.28562e-15 2.82889e-15
152.053 -1.59535e-15 -4.77815e-15
152.681 2.48246e-15 1.99442e-15
153.31 3.90291e-16 3.29587e-15
153.938 0.0412049 0.0399303
154.566 -1.75602e-15 -3.02677e-17
155.195 -2.3848e-15 -4.5847e-15
155.823 1.33885e-15 8.00419e-16
156.451 -4.50675e-16 1.56773e-16
157.08 0.0401682 0.0401682
157.708 6.46625e-16 1.4542e-15
158.336 4.2021e-15 2.95142e-15
158.965 1.57343e-15 -5.04616e-15
159.593 -2.15751e-16 1.96167e-15
160.221 0.0381939 0.039413
160.85 -1.017e-16 -1.49752e-15
161.478 6.61746e-16 4.06226e-16
162.106 1.24038e-15 4.08681e-15
162.734 -3.9506e-15 -2.65256e-15
163.363 0.0353992 0.0376964
163.991 -3.14721e-15 -3.0888e-15
164.619 6.96241e-16 -3.65593e-15
165.248 2.22554e-16 9.93581e-16
165.876 6.65314e-16 -5.8762e-16
166.504 0.0319148 0.0350739
167.133 -4.95786e-15 -1.29295e-15
167.761 -5.6651e-15 -4.71558e-15
168.389 2.52678e-16 -1.1144e-15
169.018 -1.96479e-15 2.87071e-15
169.646 0.0278796 0.0316233
170.274 -4.3298e-16 -8.81734e-16
170.903 3.23338e-15 3.20454e-16
171.531 -1.83635e-15 -7.22787e-16
172.159 5.66682e-15 9.34821e-16
172.788 0.0234376 0.0274419
173.416 -1.46386e-15 9.1201e-16
174.044 -1.88846e-15 2.38841e-15
174.673 2.39611e-15 1.60917e-15
175.301 -3.27337e-15 3.16839e-15
175.929 0.0187332 0.0226446
176.558 -1.67607e-15 -5.28891e-15
177.186 -5.3055e-16 -1.17538e-15
177.814 -2.67482e-16 2.75347e-15
178.442 2.76288e-15 1.01145e-15
179.071 0.0139078 0.0173597
179.699 5.00675e-15 -4.03072e-16
180.327 -1.99632e-15 -3.9604e-15
180.956 -4.36551e-16 -1.39352e-15
181.584 5.48217e-15 7.38371e-16
182.212 0.00909587 0.0117263
182.841 1.36009e-15 -2.71215e-15
183.469 -2.93342e-16 -5.47808e-15
184.097 -1.04595e-15 1.63902e-15
184.726 -1.42004e-15 4.97444e-16
185.354 0.00442246 0.00589016
185.982 2.72027e-15 -6.43586e-17
186.611 1.16226e-15 3.49281e-15
187.239 -4.64257e-16 -2.46664e-16
187.867 -2.36792e-16 3.01795e-15
188.496 -6.15797e-08 -8.47571e-08
189.124 1.58776e-15 2.17185e-15
189.752 -1.08299e-15 -1.24562e-15
190.381 -1.05338e-16 -8.2866e-15
191.009 -3.37742e-15 -6.0904e-16
191.637 -0.00407393 -0.00579661
192.265 -2.01522e-15 -1.02861e-16
192.894 1.25415e-15 -3.32047e-15
193.522 9.5425e-16 7.23975e-16
194.15 -4.11601e-16 -1.12564e-15
194.779 -0.00771773 -0.0113563
195.407 -2.66945e-15 -1.54851e-15
196.035 -2.67035e-15 -6.1469e-16
196.664 -1.63321e-15 -1.31228e-15
197.292 2.15971e-15 2.70167e-15
197.92 -0.0108675 -0.0165442
198.549 1.60538e-15 -1.30836e-15
199.177 -5.52028e-16 -1.28578e-15
199.805 1.51995e-15 -1.90571e-15
200.434 7.53755e-16 6.54397e-15
201.062 -0.0134775 -0.0212371
201.69 -1.93978e-15 2.80494e-15
202.319 1.35897e-16 -9.63032e-16
202.947 -3.75492e-15 -1.35355e-17
203.575 6.37162e-15 1.91977e-15
204.204 -0.0155199 -0.0253261
204.832 -1.38248e-14 -1.92991e-15
205.46 2.11382e-15 -1.387e-16
206.088 -9.20297e-16 -6.0062e-16
206.717 -3.85734e-15 1.57141e-15
207.345 -0.0169847 -0.0287196
207.973 6.13666e-15 -1.78872e-15
208.602 -1.98353e-15 -1.36612e-15
209.23 -6.58586e-15 -6.53048e-16
209.858 -1.63145e-15 2.30232e-15
210.487 -0.0178789 -0.031345
211.115 1.02301e-15 -7.18994e-16
211.743 -1.28091e-15 -9.13199e-15
212.372 6.36348e-15 -3.69226e-15
213 -1.50753e-15 -1.01247e-15
213.628 -0.0182245 -0.0331503
214.257 -3.33222e-15 1.02965e-15
214.885 -1.26068e-15 -2.4931e-15
215.513 5.09243e-15 -1.74886e-15
216.142 3.3906e-15 2.37024e-15
216.77 -0.0180579 -0.0341054
217.398 1.61211e-15 -4.65245e-16
218.027 -6.04139e-15 -1.3388e-15
218.655 -3.62372e-15 -1.41553e-15
219.283 9.52969e-16 -2.64847e-15
219.911 -0.0174268 -0.034202
220.54 5.01017e-15 -9.42314e-16
221.168 -6.54076e-16 -9.42891e-15
221.796 2.86165e-16 -3.49303e-15
222.425 1.60802e-16 2.87016e-16
223.053 -0.0163889 -0.0334539
223.681 5.74879e-16 3.68191e-15
224.31 -1.0119e-14 -2.57992e-15
224.938 1.09738e-15 1.60547e-16
225.566 2.20662e-15 1.52973e-15
226.195 -0.015009 -0.0318958
226.823 1.3051e-15 1.81179e-15
227.451 -2.14959e-15 9.54344e-16
228.08 -2.89197e-15 -1.85809e-15
228.708 -9.17596e-16 -2.317e-16
229.336 -0.013357 -0.0295824
229.965 1.39462e-15 -2.3725e-15
230.593 2.90956e-16 -7.32454e-16
231.221 -5.83414e-15 -7.46535e-17
231.85 -2.4373e-15 3.73794e-15
232.478 -0.011505 -0.0265864
233.106 -4.82346e-15 -2.09649e-15
233.734 2.97171e-15 3.76533e-15
234.363 3.10803e-15 -3.03484e-15
234.991 -5.3397e-15 -4.71402e-15
235.619 -0.00952543 -0.0229964
236.248 -3.16895e-15 -2.97536e-15
236.876 -1.67049e-15 -3.81821e-16
237.504 -4.76706e-15 -1.02646e-15
238.133 -7.23857e-15 -5.27337e-17
238.761 -0.00748868 -0.0189142
239.389 2.41041e-15 4.26283e-15
240.018 3.87492e-15 -5.15574e-15
240.646 -6.14608e-16 3.05459e-15
241.274 -1.12134e-15 -2.15789e-15
241.903 -0.00546103 -0.0144522
242.531 -2.38086e-15 -1.76245e-15
243.159 -7.38278e-17 -3.10406e-15
243.788 3.37404e-15 2.06092e-15
244.416 -1.44164e-15 3.95925e-15
245.044 -0.00350298 -0.0097299
245.673 -1.75403e-15 1.16276e-15
246.301 -3.30025e-15 4.05256e-15
246.929 3.49974e-16 -9.30561e-16
247.558 1.72604e-15 1.32315e-15
248.186 -0.00166773 -0.00487103
248.814 1.88252e-15 -3.82776e-15
249.442 9.63311e-16 -2.8797e-15
250.071 2.6626e-15 1.74755e-15
250.699 -7.0552e-16 -3.43337e-18
251.327 -3.66844e-08 -1.12903e-07
251.956 1.02636e-14 -7.16205e-16
252.584 6.60307e-16 -4.78994e-15
253.212 5.20685e-15 1.97541e-15
253.841 1.43801e-15 2.87665e-15
254.469 0.00146458 0.00476069
255.097 -5.21821e-16 2.26354e-16
255.726 -4.47965e-15 -6.10495e-15
256.354 1.41284e-15 -4.01664e-16
256.982 -6.59738e-15 2.99956e-15
257.611 0.00270036 0.00929471
258.239 2.7896e-15 2.38836e-15
258.867 7.48062e-16 9.78661e-16
259.496 -2.29515e-15 -4.17994e-15
260.124 5.28251e-16 3.6665e-15
260.752 0.00369144 0.0134936
261.381 7.50065e-16 2.70241e-15
262.009 4.10599e-15 8.56643e-15
262.637 1.94904e-15 5.48918e-15
263.265 -5.6901e-16 3.84684e-15
263.894 0.00443165 0.0172601
264.522 2.29472e-15 -3.81775e-16
265.15 4.89238e-15 -1.48658e-15
265.779 -2.66411e-15 -9.17894e-16
266.407 3.55951e-15 2.41726e-15
267.035 0.00492403 0.0205101
267.664 3.50676e-15 8.88432e-16
268.292 1.27602e-16 -4.15145e-15
268.92 -7.18878e-15 -4.56792e-15
269.549 1.00211e-15 -1.96137e-15
270.177 0.0051801 0.0231744
270.805 3.8979e-15 1.15299e-15
271.434 -5.78848e-15 -1.49803e-16
272.062 -9.89485e-16 -2.45437e-15
272.69 -8.41336e-15 -8.85959e-15
273.319 0.00521883 0.0252008
273.947 7.94026e-15 3.51331e-15
274.575 -3.46198e-15 1.80027e-15
275.204 1.40073e-15 2.64809e-15
275.832 7.10073e-16 -1.79721e-15
276.46 0.00506547 0.0265541
277.088 -6.2038e-15 -4.30756e-15
277.717 7.64668e-15 -4.6835e-16
278.345 1.33016e-14 -4.4241e-15
278.973 -6.25095e-15 4.59952e-15
279.602 0.0047502 0.0272174
280.23 -7.93411e-15 -7.42787e-15
280.858 7.25185e-16 -3.26765e-15
281.487 -8.13146e-16 -4.05118e-15
282.115 2.13542e-15 5.71398e-15
282.743 0.00430675 0.0271918
283.372 4.59354e-16 -8.3231e-15
284 -1.28449e-15 -1.86531e-15
284.628 1.18151e-15 7.34902e-15
285.257 -1.71057e-16 3.86132e-15
285.885 0.00377089 0.0264957
286.513 7.88527e-15 -4.43325e-15
287.142 4.16675e-15 -1.10815e-14
287.77 -2.53506e-15 3.0401e-15
288.398 3.65659e-15 2.71034e-15
289.027 0.00317899 0.0251643
289.655 -2.99309e-15 -9.61793e-16
290.283 4.50814e-15 5.43364e-16
290.911 8.88315e-16 1.76026e-15
291.54 -1.13507e-15 2.08561e-15
292.168 0.00256662 0.0232481
292.796 -1.41792e-15 -2.33707e-15
293.425 -7.33578e-15 -8.85267e-15
294.053 3.83894e-15 7.32909e-16
294.681 -4.63156e-15 1.2077e-15
295.31 0.00196723 0.0208112
295.938 -1.25685e-15 1.25565e-16
296.566 -3.66735e-15 1.38867e-15
297.195 6.54594e-15 2.11517e-15
297.823 1.03597e-15 -3.72839e-15
298.451 0.00141105 0.0179291
299.08 -1.16209e-14 -4.89427e-15
299.708 -5.14927e-15 4.49813e-16
300.336 4.35293e-15 -4.51192e-15
300.965 3.87138e-15 -1.90143e-15
301.593 0.000924011 0.0146867
302.221 8.89382e-16 5.9451e-16
302.85 3.45449e-15 -4.65424e-16
303.478 7.72602e-16 -1.83126e-15
304.106 -4.23479e-15 -4.9301e-15
304.734 0.000527048 0.011176
305.363 -3.0557e-15 -1.18744e-14
305.991 1.05936e-14 4.61923e-16
306.619 2.51482e-15 6.0881e-15
307.248 -7.53576e-15 -1.277e-16
307.876 0.000235476 0.00749298
308.504 -1.90034e-15 3.21909e-15
309.133 4.6226e-16 8.63553e-16
309.761 3.03043e-16 -2.91559e-15
310.389 1.10087e-15 -3.39683e-15
311.018 5.868e-05 0.00373538
311.646 1.98264e-16 -8.25444e-15
312.274 9.32207e-15 2.65475e-15
312.903 3.16712e-15 8.74618e-15
313.531 -3.30407e-15 5.65883e-15
314.159 3.52214e-15 5.59017e-08
314.788 7.59174e-15 1.68332e-15
315.416 7.65019e-16 1.22057e-15
316.044 -1.11196e-15 -5.11142e-15
316.673 2.83989e-16 -2.2269e-17
317.301 5.68607e-05 -0.00361957
317.929 -4.78321e-15 -2.08674e-15
318.557 -9.69416e-16 -1.9806e-15
319.186 7.24857e-16 1.10769e-15
319.814 -1.77676e-15 1.79464e-16
320.442 0.00022111 -0.00703582
321.071 -1.00563e-15 5.71378e-15
321.699 5.61746e-15 4.26504e-17
322.327 1.18519e-15 9.97798e-16
322.956 -3.29874e-15 -9.28065e-16
323.584 0.000479554 -0.0101689
324.212 3.42063e-15 -2.93628e-16
324.841 -7.02912e-16 3.35352e-15
325.469 -4.29821e-15 2.18562e-15
326.097 8.47112e-16 3.88053e-15
326.726 0.000814668 -0.0129488
327.354 -3.53988e-16 -5.11285e-16
327.982 6.37959e-15 4.76367e-15
328.611 -5.70344e-16 2.38447e-15
329.239 1.51703e-15 5.46068e-16
329.867 0.00120544 -0.0153166
330.496 -4.86574e-15 -3.3224e-15
331.124 -1.9869e-15 -7.98323e-16
331.752 6.01978e-16 -2.77161e-15
332.381 -1.7395e-16 1.19408e-16
333.009 0.00162834 -0.0172261
333.637 -1.21224e-15 -9.92156e-15
334.265 8.74427e-16 -2.13685e-15
334.894 2.29368e-15 -6.73744e-15
335.522 -1.30806e-15 -6.73907e-15
336.15 0.00205833 -0.0186441
336.779 -8.45813e-16 -1.25949e-15
337.407 1.08751e-15 1.3577e-15
338.035 2.6703e-15 5.5083e-16
338.664 3.51247e-16 -3.25902e-15
339.292 0.00246993 -0.0195515
339.92 1.72159e-15 -2.19375e-15
340.549 -7.52338e-16 -1.13122e-14
341.177 -1.66911e-15 1.53275e-15
341.805 2.42829e-15 1.24729e-15
342.434 0.00283826 -0.0199427
343.062 2.01893e-15 -1.34078e-15
343.69 -7.82895e-15 -3.7012e-15
344.319 5.50782e-15 -1.29896e-15
344.947 -7.58078e-16 -6.24063e-15
345.575 0.00314008 -0.0198257
346.204 -5.91474e-15 -2.80612e-15
346.832 -6.96865e-15 -4.39465e-15
347.46 3.72854e-15 -3.88072e-15
348.088 -5.11452e-15 3.80142e-15
348.717 0.00335468 -0.0192214
349.345 -1.23165e-15 3.85701e-15
349.973 3.70579e-15 -3.0793e-15
350.602 -3.83552e-15 -2.99446e-15
351.23 -5.95948e-15 7.56622e-16
351.858 0.00346472 -0.0181627
352.487 4.57278e-15 4.91165e-15
353.115 -3.6418e-15 -5.89278e-15
353.743 3.66933e-15 -6.20716e-15
354.372 4.97493e-15 2.67789e-15
355 0.00345693 -0.0166929
355.628 -6.32215e-16 1.36198e-16
356.257 3.08109e-15 -1.89261e-15
356.885 -1.52118e-15 -3.71667e-15
357.513 1.39422e-15 1.92241e-15
358.142 0.0033226 -0.0148645
358.77 1.20772e-15 1.64587e-15
359.398 -2.37199e-15 1.83874e-15
360.027 1.25922e-15 -4.04465e-15
360.655 -1.24875e-15 -2.64469e-15
361.283 0.00305798 -0.0127374
361.911 6.54904e-17 -3.04708e-15
362.54 -3.07387e-15 -7.46671e-15
363.168 2.4925e-15 9.83295e-16
363.796 -2.72429e-16 -2.16429e-15
364.425 0.00266441 -0.0103772
365.053 2.84989e-15 6.03428e-15
365.681 -2.63708e-15 3.17857e-15
366.31 -2.91212e-15 5.06612e-15
366.938 1.78753e-15 1.2398e-16
367.566 0.00214831 -0.0078529
368.195 -4.69424e-15 3.08953e-15
368.823 -2.08475e-15 -2.97372e-15
369.451 -5.06053e-15 1.97909e-15
370.08 3.59141e-15 7.5571e-16
370.708 0.001521 -0.00523531
371.336 1.82534e-15 -4.02711e-15
371.965 -7.03056e-16 -1.77254e-15
372.593 3.03712e-15 -1.7636e-15
373.221 -2.28334e-15 -3.37704e-15
373.85 0.0007983 -0.00259491
374.478 -6.58177e-16 3.30602e-15
375.106 -5.77815e-15 4.3911e-16
375.734 -2.83295e-15 3.29406e-15
376.363 6.73204e-15 1.24504e-15
376.991 9.66814e-09 -2.97555e-08
377.619 -4.86607e-15 -9.43914e-16
378.248 -2.5415e-16 2.75173e-15
378.876 -1.55306e-15 -2.22004e-16
379.504 7.57565e-17 6.14444e-15
380.133 -0.000850771 0.0024849
380.761 -7.60117e-16 5.31561e-15
381.389 1.93095e-15 -1.79278e-15
382.018 -1.17809e-14 -6.27286e-15
382.646 -2.59265e-15 6.11538e-15
383.274 -0.00172843 0.00480091
383.903 -1.55046e-15 1.41044e-15
384.531 -3.19159e-15 3.99754e-15
385.159 3.56545e-16 -1.67712e-15
385.788 -2.79289e-15 -2.57721e-15
386.416 -0.00260573 0.00689586
387.044 -3.69415e-15 3.76776e-15
387.673 4.06408e-15 -1.9463e-15
388.301 -1.05344e-14 1.48528e-15
388.929 2.54057e-15 4.38811e-15
389.557 -0.0034547 0.00872559
390.186 2.98964e-15 -2.44385e-15
390.814 -4.05353e-15 5.00553e-15
391.442 1.77086e-15 7.59301e-16
392.071 -3.54682e-15 -2.33421e-15
392.699 -0.00424766 0.0102548
393.327 -9.87787e-16 -2.55123e-15
393.956 6.45604e-15 1.34368e-16
394.584 -7.18161e-16 3.28682e-15
395.212 -2.45239e-15 3.4031e-15
395.841 -0.0049581 0.0114575
396.469 -6.29159e-15 -1.23656e-14
397.097 1.35199e-15 -1.30326e-16
397.726 7.13372e-15 1.85167e-15
398.354 -4.44961e-16 3.88901e-16
398.982 -0.0055616 0.0123176
399.611 -2.00351e-15 -3.4389e-15
400.239 -3.01845e-15 1.2439e-15
400.867 -4.28277e-15 3.15737e-15
401.496 2.85056e-16 1.3711e-15
402.124 -0.00603672 0.0128287
402.752 -4.00368e-15 -7.30012e-16
403.38 2.34044e-15 -6.17881e-16
404.009 4.78661e-15 5.64838e-15
404.637 6.69202e-16 4.89253e-16
405.265 -0.00636565 0.0129939
405.894 1.28698e-15 -2.98719e-15
406.522 -3.20559e-15 1.3126e-16
407.15 -1.18832e-15 -8.24562e-16
407.779 -4.504e-15 -3.53268e-15
408.407 -0.0065349 0.0128255
409.035 -2.33227e-16 -2.56447e-15
409.664 -3.36851e-15 -6.4242e-15
410.292 2.76914e-15 -2.12025e-15
410.92 -3.28537e-15 -6.23954e-15
411.549 -0.00653572 0.0123438
412.177 -3.00833e-15 -1.03556e-15
412.805 1.79415e-15 5.17813e-16
413.434 3.69008e-15 -8.40436e-15
414.062 -4.54191e-15 1.65734e-15
414.69 -0.00636444 0.0115769
415.319 -1.8925e-15 5.77699e-16
415.947 2.00395e-15 6.20581e-15
416.575 -1.18504e-15 -2.80299e-15
417.204 -2.59284e-16 5.10968e-15
417.832 -0.00602263 0.0105588
418.46 -9.79643e-15 -3.60322e-15
419.088 2.08699e-15 3.39076e-16
419.717 -4.09785e-15 -1.88649e-15
420.345 -4.77098e-15 -6.64239e-16
420.973 -0.00551706 0.00932884
421.602 1.88448e-15 -8.06719e-15
422.23 -2.75137e-15 1.18129e-15
422.858 -4.86163e-15 7.7012e-15
423.487 4.67574e-15 -9.92408e-15
424.115 -0.00485952 0.00793001
424.743 -3.24225e-15 3.49561e-15
425.372 1.60997e-15 -6.13474e-15
426 -1.55126e-15 -1.19254e-15
426.628 -3.15452e-15 -6.64227e-16
427.257 -0.00406645 0.0064077
427.885 -2.73972e-16 -5.49788e-16
428.513 -2.59281e-15 6.06348e-16
429.142 -7.36818e-16 -6.19101e-15
429.77 -4.24815e-16 -2.34263e-15
430.398 -0.00315849 0.00480834
431.027 -1.6321e-15 6.48279e-15
431.655 3.08639e-15 -9.68395e-15
432.283 1.68913e-15 2.7718e-16
432.911 -5.39705e-15 -3.46197e-15
433.54 -0.00215981 0.00317806
434.168 9.76584e-15 8.12376e-16
434.796 -5.50368e-15 -4.28012e-15
435.425 -1.87839e-15 -2.59537e-15
436.053 3.07208e-15 -1.67559e-16
436.681 -0.00109737 0.0015614
437.31 8.92379e-15 1.45816e-15
437.938 -1.72577e-15 5.13911e-15
438.566 -1.17851e-15 -4.63356e-15
439.195 -5.78862e-15 8.03724e-16
439.823 -1.1342e-07 1.5611e-07
440.451 -4.29789e-16 -4.78171e-16
441.08 -7.63924e-16 -1.553e-15
441.708 -2.50054e-15 -6.6296e-15
442.336 -1.18895e-14 -5.43769e-15
442.965 0.00110193 -0.00146764
443.593 1.17673e-15 -6.72992e-15
444.221 -2.68329e-16 1.69199e-17
444.85 -2.70437e-15 -6.85837e-16
445.478 2.0214e-15 1.81883e-15
446.106 0.00217857 -0.00280859
446.734 -1.56657e-15 2.89969e-15
447.363 -5.36231e-15 4.58598e-15
447.991 1.11909e-16 3.95323e-15
448.619 1.21749e-14 1.16937e-15
449.248 0.00320034 -0.00399468
449.876 -2.52312e-15 -1.3166e-15
450.504 3.25308e-15 3.61714e-15
451.133 -7.17496e-15 3.38725e-15
451.761 -9.55566e-16 -4.782e-15
452.389 0.00413944 -0.00500372
453.018 -1.62579e-15 -1.22615e-15
453.646 1.15643e-15 -8.50959e-16
454.274 1.83297e-18 -3.20045e-15
454.903 1.91066e-15 1.43718e-15
455.531 0.0049705 -0.00581971
456.159 2.85204e-16 4.37851e-15
456.788 -8.14968e-16 -1.01091e-15
457.416 -2.65344e-16 5.31599e-15
458.044 -2.7205e-15 -1.25254e-14
458.673 0.0056714 -0.00643294
459.301 -3.59723e-15 1.50355e-15
459.929 -2.78301e-15 1.34441e-15
460.557 2.7478e-16 1.27495e-15
461.186 6.09735e-15 -3.0802e-16
461.814 0.00622386 -0.00683993
462.442 -3.63296e-15 1.34466e-15
463.071 -2.65004e-15 1.64082e-15
463.699 4.9816e-15 2.22317e-15
464.327 2.86799e-15 5.19677e-15
464.956 0.00661397 -0.00704316
465.584 4.35104e-15 -3.25763e-15
466.212 1.82898e-17 2.60603e-15
466.841 6.42988e-16 1.36687e-15
467.469 2.59944e-15 -4.50108e-15
468.097 0.0068326 -0.00705069
468.726 -6.49104e-15 -6.34279e-15
469.354 2.07537e-15 3.32397e-15
469.982 2.50666e-15 -1.83474e-15
470.611 -4.47656e-15 5.72073e-15
471.239 0.00687559 -0.00687559
471.867 -3.28906e-15 -3.71383e-15
472.496 3.98514e-15 2.1052e-15
473.124 -2.64504e-15 -3.22761e-15
473.752 -4.12481e-15 7.85212e-16
474.38 0.00674385 -0.00653524
475.009 -4.17222e-15 7.50606e-16
475.637 -1.97547e-15 -5.64968e-16
476.265 1.25185e-15 2.09566e-15
476.894 4.79319e-15 1.87666e-15
477.522 0.00644326 -0.00605062
478.15 8.00103e-15 1.10228e-15
478.779 3.66817e-15 1.53017e-15
479.407 9.47303e-16 5.51626e-15
480.035 -2.08746e-15 1.81722e-15
480.664 0.00598443 -0.00544541
481.292 -3.51772e-15 1.70179e-16
481.92 -4.17779e-15 -1.10264e-15
482.549 -4.92302e-17 2.27857e-15
483.177 -2.05181e-16 -1.13649e-16
483.805 0.00538235 -0.00474518
484.434 -1.63625e-15 -1.684e-15
485.062 3.00092e-15 2.76045e-15
485.69 -2.1734e-15 -1.17509e-15
486.319 -2.53224e-15 3.98885e-15
486.947 0.00465583 -0.00397646
487.575 -1.17862e-15 1.7561e-16
488.203 1.16163e-15 -1.65365e-16
488.832 1.50729e-15 3.63813e-16
489.46 -3.76248e-15 1.14906e-15
490.088 0.00382694 -0.00316592
490.717 3.99821e-15 -8.47307e-16
491.345 -1.66002e-15 -3.90538e-15
491.973 -5.26984e-17 -2.43962e-15
492.602 3.28993e-15 -3.21467e-15
493.23 0.00292023 -0.00233954
493.858 -1.20747e-15 4.57478e-16
494.487 -2.19903e-15 8.81362e-16
495.115 4.84634e-17 -3.57554e-15
495.743 2.19568e-15 -2.95979e-15
496.372 0.00196202 -0.0015219
497 -1.69754e-15 8.15965e-16
497.628 3.23776e-15 -3.02706e-15
498.257 3.85089e-15 -8.31443e-15
498.885 -9.74097e-16 -1.04547e-15
499.513 0.000979529 -0.000735451
500.142 -2.83865e-15 -2.71772e-15
500.77 -1.82107e-15 -2.09499e-15
501.398 -1.92439e-15 -4.32389e-16
502.027 7.27991e-16 -3.32645e-15
502.655 7.58156e-08 -5.50833e-08
503.283 6.86867e-16 -2.02528e-16
503.911 -3.70641e-15 -1.14938e-15
504.54 4.49914e-16 3.51238e-15
505.168 1.15912e-15 2.15283e-17
505.796 -0.00094977 0.00066751
506.425 2.16861e-15 -5.98457e-16
507.053 -3.78742e-15 -2.32467e-15
507.681 -1.02829e-15 -1.65338e-15
508.31 2.63772e-15 -6.03593e-16
508.938 -0.00184496 0.00125383
509.566 2.72984e-15 2.03448e-15
510.195 1.38394e-15 5.00093e-16
510.823 1.91064e-15 -3.36739e-15
511.451 1.12543e-17 -2.86028e-15
512.08 -0.0026627 0.00174907
512.708 4.75998e-15 -5.48924e-17
513.336 -3.3914e-15 4.09451e-16
513.965 -2.51074e-16 5.78981e-16
514.593 -3.41666e-15 -4.87447e-15
515.221 -0.00338307 0.00214696
515.85 1.79452e-15 -2.76592e-15
516.478 3.53327e-15 -3.58319e-16
517.106 -9.12115e-16 3.4289e-15
517.734 2.80503e-15 4.06611e-15
518.363 -0.00398958 0.00244482
518.991 3.69885e-16 9.67429e-16
519.619 -5.2182e-16 -5.75425e-15
520.248 -2.16175e-15 9.93326e-16
520.876 -3.2716e-15 -7.49337e-16
521.504 -0.00446957 0.0026433
522.133 1.50095e-15 6.96529e-16
522.761 2.77063e-15 3.44829e-15
523.389 -1.60047e-15 -3.49097e-16
524.018 -3.85295e-16 2.69978e-15
524.646 -0.00481454 0.00274617
525.274 2.42184e-15 -3.09219e-15
525.903 -5.35021e-16 6.78998e-16
526.531 -3.713e-15 -4.65996e-15
527.159 -7.2459e-16 -2.99958e-15
527.788 -0.00502024 0.0027599
528.416 1.8664e-16 2.11988e-15
529.044 -4.14907e-15 -2.19105e-15
529.673 -1.63902e-17 -1.40124e-15
530.301 -1.70292e-15 4.2848e-15
530.929 -0.00508671 0.00269327
531.557 2.74688e-16 1.62444e-15
532.186 -1.07427e-15 -2.57579e-15
532.814 1.5771e-15 1.42819e-15
533.442 1.20573e-15 -2.29379e-15
534.071 -0.00501817 0.00255689
534.699 5.86719e-15 -2.58645e-15
535.327 7.63958e-16 2.93539e-15
535.956 1.88587e-15 -5.73168e-16
536.584 -1.88291e-15 1.46617e-15
537.212 -0.00482275 0.00236264
537.841 3.65571e-16 -2.86901e-15
538.469 3.03165e-15 -2.37203e-15
539.097 -1.63468e-15 -2.89015e-15
539.726 -7.37606e-15 -3.43488e-15
540.354 -0.00451211 0.00212324
540.982 -8.26987e-16 1.72805e-15
541.611 3.81182e-15 8.37123e-16
542.239 -2.38399e-16 -2.2412e-15
542.867 -3.3283e-15 1.20112e-15
543.496 -0.00410096 0.00185165
544.124 2.43371e-15 -4.08407e-15
544.752 6.43188e-15 -4.24788e-15
545.38 -5.53313e-15 -2.38808e-15
546.009 6.38969e-17 2.07147e-15
546.637 -0.0036065 0.00156067
547.265 2.24816e-15 -1.02909e-15
547.894 4.1572e-15 -2.52371e-15
548.522 2.0027e-15 5.20467e-15
549.15 -2.96001e-15 3.4987e-15
549.779 -0.00304778 0.00126243
550.407 2.98061e-16 4.51141e-17
551.035 3.55733e-15 2.08571e-15
551.664 -2.42096e-15 9.15471e-16
552.292 1.66723e-16 -1.43281e-15
552.92 -0.00244503 0.000968054
553.549 6.22273e-16 -8.65193e-16
554.177 -7.80638e-16 -1.1353e-15
554.805 -1.67181e-15 -4.15147e-16
555.434 -9.59659e-16 8.63202e-16
556.062 -0.00181891 0.000687308
556.69 2.64497e-15 -2.67779e-15
557.319 -3.56344e-17 2.51108e-15
557.947 -2.99364e-15 -6.28222e-16
558.575 2.09242e-15 -1.5379e-15
559.203 -0.00118988 0.000428385
559.832 -1.26204e-15 3.21734e-15
560.46 -2.0015e-15 2.33783e-15
561.088 2.43679e-15 -2.00943e-15
561.717 -5.60028e-16 -2.7472e-15
562.345 -0.000577499 0.000197722
562.973 -2.1469e-15 4.02807e-15
563.602 -3.04415e-15 -1.52845e-15
564.23 1.51996e-15 5.34354e-16
564.858 -1.89131e-15 3.506e-16
565.487 2.35771e-07 -7.66067e-08
566.115 -1.50446e-15 -1.56261e-15
566.743 3.6225e-16 2.53573e-16
567.372 3.70087e-16 1.45982e-15
568 3.04194e-15 -2.4369e-15
568.628 0.000527395 -0.000162248
569.257 -1.57108e-15 2.31925e-16
569.885 -6.88498e-16 -1.39693e-15
570.513 3.48405e-15 4.63364e-16
571.142 7.64805e-17 -7.23181e-16
571.77 0.000990613 -0.0002878
572.398 8.9018e-16 -1.35434e-15
573.027 1.32253e-15 -2.96071e-15
573.655 3.28296e-17 -2.10025e-15
574.283 -1.62474e-15 -1.39289e-15
574.911 0.00137946 -0.000377377
575.54 4.70084e-16 -4.73638e-16
576.168 3.49658e-16 -3.67992e-15
576.796 -1.92048e-15 2.46564e-15
577.425 1.07698e-15 -1.23612e-17
578.053 0.00168668 -0.000433066
578.681 -7.61498e-16 -1.82403e-15
579.31 -1.62999e-15 -3.03178e-15
579.938 3.75624e-16 -2.23135e-15
580.566 -6.29347e-16 -1.9709e-15
581.195 0.00190837 -0.000458159
581.823 -6.18762e-16 1.70906e-16
582.451 -2.0514e-15 1.69766e-15
583.08 1.39648e-15 -2.36135e-16
583.708 2.11318e-15 -3.06776e-16
584.336 0.00204396 -0.000456879
584.965 3.87509e-16 5.32823e-16
585.593 -2.02409e-15 -8.40127e-16
586.221 -2.96953e-16 -1.28907e-15
586.85 5.93234e-17 -4.3575e-15
587.478 0.00209614 -0.000434089
588.106 9.96893e-16 1.7245e-16
588.734 -7.87768e-16 6.25837e-16
589.363 9.99196e-16 -8.82237e-16
589.991 1.23762e-15 -2.61858e-15
590.619 0.00207061 -0.00039499
591.248 -1.33554e-15 -5.48652e-16
591.876 8.20135e-19 -9.97918e-16
592.504 -1.17642e-15 -6.27113e-16
593.133 1.34045e-16 -1.87772e-15
593.761 0.00197582 -0.000344836
594.389 6.26645e-15 -9.35839e-17
595.018 1.49021e-15 -2.50988e-15
595.646 -1.3699e-15 -1.26635e-15
596.274 2.70986e-16 -5.95036e-15
596.903 0.0018225 -0.000288655
597.531 -1.57132e-15 -1.32454e-15
598.159 2.28258e-15 -1.33276e-15
598.788 -1.49821e-15 6.45761e-16
599.416 -1.89568e-16 7.16087e-16
600.044 0.00162319 -0.000231015
600.673 -4.24228e-16 -2.2489e-15
601.301 -8.87282e-16 -7.03711e-16
601.929 -2.49396e-16 1.38903e-15
602.557 2.4601e-15 5.98605e-16
603.186 0.00139173 -0.000175816
603.814 -5.12199e-16 5.80989e-16
604.442 -6.1064e-16 -8.21181e-16
605.071 -6.02348e-16 -3.07364e-16
605.699 1.62045e-16 1.21555e-15
606.327 0.0011426 -0.000126144
606.956 1.36745e-17 -2.11472e-15
607.584 1.19204e-15 3.36241e-16
608.212 -1.80229e-15 -5.7107e-16
608.841 2.46271e-15 -1.72376e-15
609.469 0.000890411 -8.41686e-05
610.097 1.25232e-15 1.31802e-15
610.726 -8.84981e-16 1.68014e-15
611.354 1.25785e-15 -1.22303e-15
611.982 9.52816e-16 -1.03518e-15
612.611 0.000649243 -5.10966e-05
613.239 2.16797e-15 4.40062e-16
613.867 -3.05811e-16 -2.00297e-15
614.496 2.03852e-15 -1.46423e-15
615.124 -2.19769e-15 -5.93908e-16
615.752 0.000432117 -2.71865e-05
616.38 -1.83072e-15 3.68955e-16
617.009 3.27014e-15 -1.02826e-15
617.637 -1.71154e-15 1.26561e-15
618.265 -5.61835e-16 -1.41533e-15
618.894 0.000250462 -1.18115e-05
619.522 1.07606e-16 -1.37188e-15
620.15 4.04931e-16 1.09167e-15
620.779 -1.46504e-15 -9.60139e-16
621.407 -2.09233e-15 -2.75185e-15
622.035 0.000113669 -3.5722e-06
622.664 -6.03497e-16 -1.31972e-15
623.292 8.52528e-16 -1.46008e-15
623.92 -1.15766e-17 2.0167e-15
624.549 2.03698e-15 4.12083e-16
625.177 2.87218e-05 -4.51198e-07
625.805 2.02987e-15 -1.44209e-15
626.434 -1.55169e-15 -7.62137e-16
627.062 -6.01226e-16 8.76233e-16
627.69 1.0405e-15 4.79809e-17
