0.005 0.2
0.01 0.2
0.015 0.2
0.02 0.2
0.025 0.199999
0.03 0.200001
0.035 0.199997
0.04 0.200009
0.045 0.199932
0.05 0.0947369
0.055 -0.0104582
0.06 -0.0105349
0.065 -0.0105238
0.07 -0.0105274
0.075 -0.0105258
0.08 -0.0105266
0.085 -0.0105261
0.09 -0.0105264
0.095 -0.0105262
0.1 -0.0105264
0.105 -0.0105263
0.11 -0.0105264
0.115 -0.0105263
0.12 -0.0105263
0.125 -0.0105263
0.13 -0.0105263
0.135 -0.0105263
0.14 -0.0105263
0.145 -0.0105263
0.15 -0.0105263
0.155 -0.0105263
0.16 -0.0105263
0.165 -0.0105263
0.17 -0.0105263
0.175 -0.0105263
0.18 -0.0105263
0.185 -0.0105263
0.19 -0.0105263
0.195 -0.0105263
0.2 -0.0105263
0.205 -0.0105263
0.21 -0.0105263
0.215 -0.0105263
0.22 -0.0105263
0.225 -0.0105263
0.23 -0.0105263
0.235 -0.0105263
0.24 -0.0105263
0.245 -0.0105263
0.25 -0.0105263
0.255 -0.0105263
0.26 -0.0105263
0.265 -0.0105263
0.27 -0.0105263
0.275 -0.0105263
0.28 -0.0105263
0.285 -0.0105263
0.29 -0.0105263
0.295 -0.0105263
0.3 -0.0105263
0.305 -0.0105263
0.31 -0.0105263
0.315 -0.0105263
0.32 -0.0105263
0.325 -0.0105263
0.33 -0.0105263
0.335 -0.0105263
0.34 -0.0105263
0.345 -0.0105263
0.35 -0.0105263
0.355 -0.0105263
0.36 -0.0105263
0.365 -0.0105263
0.37 -0.0105263
0.375 -0.0105263
0.38 -0.0105263
0.385 -0.0105263
0.39 -0.0105263
0.395 -0.0105263
0.4 -0.0105263
0.405 -0.0105263
0.41 -0.0105263
0.415 -0.0105263
0.42 -0.0105263
0.425 -0.0105263
0.43 -0.0105263
0.435 -0.0105263
0.44 -0.0105263
0.445 -0.0105263
0.45 -0.0105263
0.455 -0.0105263
0.46 -0.0105263
0.465 -0.0105263
0.47 -0.0105263
0.475 -0.0105263
0.48 -0.0105263
0.485 -0.0105263
0.49 -0.0105263
0.495 -0.0105263
0.5 -0.0105263
0.505 -0.0105263
0.51 -0.0105263
0.515 -0.0105263
0.52 -0.0105263
0.525 -0.0105263
0.53 -0.0105263
0.535 -0.0105263
0.54 -0.0105263
0.545 -0.0105263
0.55 -0.0105263
0.555 -0.0105263
0.56 -0.0105263
0.565 -0.0105263
0.57 -0.0105263
0.575 -0.0105263
0.58 -0.0105263
0.585 -0.0105263
0.59 -0.0105263
0.595 -0.0105263
0.6 -0.0105263
0.605 -0.0105263
0.61 -0.0105263
0.615 -0.0105263
0.62 -0.0105263
0.625 -0.0105263
0.63 -0.0105263
0.635 -0.0105263
0.64 -0.0105263
0.645 -0.0105263
0.65 -0.0105263
0.655 -0.0105263
0.66 -0.0105263
0.665 -0.0105263
0.67 -0.0105263
0.675 -0.0105263
0.68 -0.0105263
0.685 -0.0105263
0.69 -0.0105263
0.695 -0.0105263
0.7 -0.0105263
0.705 -0.0105263
0.71 -0.0105263
0.715 -0.0105263
0.72 -0.0105263
0.725 -0.0105263
0.73 -0.0105263
0.735 -0.0105263
0.74 -0.0105263
0.745 -0.0105263
0.75 -0.0105263
0.755 -0.0105263
0.76 -0.0105263
0.765 -0.0105263
0.77 -0.0105263
0.775 -0.0105263
0.78 -0.0105263
0.785 -0.0105263
0.79 -0.0105263
0.795 -0.0105263
0.8 -0.0105263
0.805 -0.0105263
0.81 -0.0105263
0.815 -0.0105263
0.82 -0.0105263
0.825 -0.0105263
0.83 -0.0105263
0.835 -0.0105263
0.84 -0.0105263
0.845 -0.0105263
0.85 -0.0105263
0.855 -0.0105263
0.86 -0.0105263
0.865 -0.0105263
0.87 -0.0105263
0.875 -0.0105263
0.88 -0.0105263
0.885 -0.0105263
0.89 -0.0105263
0.895 -0.0105263
0.9 -0.0105263
0.905 -0.0105263
0.91 -0.0105263
0.915 -0.0105263
0.92 -0.0105263
0.925 -0.0105263
0.93 -0.0105263
0.935 -0.0105263
0.94 -0.0105263
0.945 -0.0105263
0.95 -0.0105263
0.955 -0.0105263
0.96 -0.0105263
0.965 -0.0105263
0.97 -0.0105263
0.975 -0.0105263
0.98 -0.0105263
0.985 -0.0105263
0.99 -0.0105263
0.995 -0.0105263
1 -0.0105263
1.005 -0.0105263
1.01 -0.0105263
1.015 -0.0105263
1.02 -0.0105263
1.025 -0.0105263
1.03 -0.0105263
1.035 -0.0105263
1.04 -0.0105263
1.045 -0.0105263
1.05 -0.0105263
1.055 -0.0105263
1.06 -0.0105263
1.065 -0.0105263
1.07 -0.0105263
1.075 -0.0105263
1.08 -0.0105263
1.085 -0.0105263
1.09 -0.0105263
1.095 -0.0105263
1.1 -0.0105263
1.105 -0.0105263
1.11 -0.0105263
1.115 -0.0105263
1.12 -0.0105263
1.125 -0.0105263
1.13 -0.0105263
1.135 -0.0105263
1.14 -0.0105263
1.145 -0.0105263
1.15 -0.0105263
1.155 -0.0105263
1.16 -0.0105263
1.165 -0.0105263
1.17 -0.0105263
1.175 -0.0105263
1.18 -0.0105263
1.185 -0.0105263
1.19 -0.0105263
1.195 -0.0105263
1.2 -0.0105263
1.205 -0.0105263
1.21 -0.0105263
1.215 -0.0105263
1.22 -0.0105263
1.225 -0.0105263
1.23 -0.0105263
1.235 -0.0105263
1.24 -0.0105263
1.245 -0.0105263
1.25 -0.0105263
1.255 -0.0105263
1.26 -0.0105263
1.265 -0.0105263
1.27 -0.0105263
1.275 -0.0105263
1.28 -0.0105263
1.285 -0.0105263
1.29 -0.0105263
1.295 -0.0105263
1.3 -0.0105263
1.305 -0.0105263
1.31 -0.0105263
1.315 -0.0105263
1.32 -0.0105263
1.325 -0.0105263
1.33 -0.0105263
1.335 -0.0105263
1.34 -0.0105263
1.345 -0.0105263
1.35 -0.0105263
1.355 -0.0105263
1.36 -0.0105263
1.365 -0.0105263
1.37 -0.0105263
1.375 -0.0105263
1.38 -0.0105263
1.385 -0.0105263
1.39 -0.0105263
1.395 -0.0105263
1.4 -0.0105263
1.405 -0.0105263
1.41 -0.0105263
1.415 -0.0105263
1.42 -0.0105263
1.425 -0.0105263
1.43 -0.0105263
1.435 -0.0105263
1.44 -0.0105263
1.445 -0.0105263
1.45 -0.0105263
1.455 -0.0105263
1.46 -0.0105263
1.465 -0.0105263
1.47 -0.0105263
1.475 -0.0105263
1.48 -0.0105263
1.485 -0.0105263
1.49 -0.0105263
1.495 -0.0105263
1.5 -0.0105263
1.505 -0.0105263
1.51 -0.0105263
1.515 -0.0105263
1.52 -0.0105263
1.525 -0.0105263
1.53 -0.0105263
1.535 -0.0105263
1.54 -0.0105263
1.545 -0.0105263
1.55 -0.0105263
1.555 -0.0105263
1.56 -0.0105263
1.565 -0.0105263
1.57 -0.0105263
1.575 -0.0105263
1.58 -0.0105263
1.585 -0.0105263
1.59 -0.0105263
1.595 -0.0105263
1.6 -0.0105263
1.605 -0.0105263
1.61 -0.0105263
1.615 -0.0105263
1.62 -0.0105263
1.625 -0.0105263
1.63 -0.0105263
1.635 -0.0105263
1.64 -0.0105263
1.645 -0.0105263
1.65 -0.0105263
1.655 -0.0105263
1.66 -0.0105263
1.665 -0.0105263
1.67 -0.0105263
1.675 -0.0105263
1.68 -0.0105263
1.685 -0.0105263
1.69 -0.0105263
1.695 -0.0105263
1.7 -0.0105263
1.705 -0.0105263
1.71 -0.0105263
1.715 -0.0105263
1.72 -0.0105263
1.725 -0.0105263
1.73 -0.0105263
1.735 -0.0105263
1.74 -0.0105263
1.745 -0.0105263
1.75 -0.0105263
1.755 -0.0105263
1.76 -0.0105263
1.765 -0.0105263
1.77 -0.0105263
1.775 -0.0105263
1.78 -0.0105263
1.785 -0.0105263
1.79 -0.0105263
1.795 -0.0105263
1.8 -0.0105263
1.805 -0.0105263
1.81 -0.0105263
1.815 -0.0105263
1.82 -0.0105263
1.825 -0.0105263
1.83 -0.0105263
1.835 -0.0105263
1.84 -0.0105263
1.845 -0.0105263
1.85 -0.0105263
1.855 -0.0105263
1.86 -0.0105263
1.865 -0.0105263
1.87 -0.0105263
1.875 -0.0105263
1.88 -0.0105263
1.885 -0.0105263
1.89 -0.0105264
1.895 -0.0105263
1.9 -0.0105264
1.905 -0.0105262
1.91 -0.0105264
1.915 -0.0105261
1.92 -0.0105266
1.925 -0.0105258
1.93 -0.0105274
1.935 -0.0105238
1.94 -0.0105349
1.945 -0.0104582
1.95 0.0947369
1.955 0.199932
1.96 0.200009
1.965 0.199997
1.97 0.200001
1.975 0.199999
1.98 0.2
1.985 0.2
1.99 0.2
1.995 0.2
2 0.2
2.005 0.2
2.01 0.2
2.015 0.2
2.02 0.2
2.025 0.199999
2.03 0.200001
2.035 0.199997
2.04 0.200009
2.045 0.199932
2.05 0.0947369
2.055 -0.0104582
2.06 -0.0105349
2.065 -0.0105238
2.07 -0.0105274
2.075 -0.0105258
2.08 -0.0105266
2.085 -0.0105261
2.09 -0.0105264
2.095 -0.0105262
2.1 -0.0105264
2.105 -0.0105263
2.11 -0.0105264
2.115 -0.0105263
2.12 -0.0105263
2.125 -0.0105263
2.13 -0.0105263
2.135 -0.0105263
2.14 -0.0105263
2.145 -0.0105263
2.15 -0.0105263
2.155 -0.0105263
2.16 -0.0105263
2.165 -0.0105263
2.17 -0.0105263
2.175 -0.0105263
2.18 -0.0105263
2.185 -0.0105263
2.19 -0.0105263
2.195 -0.0105263
2.2 -0.0105263
2.205 -0.0105263
2.21 -0.0105263
2.215 -0.0105263
2.22 -0.0105263
2.225 -0.0105263
2.23 -0.0105263
2.235 -0.0105263
2.24 -0.0105263
2.245 -0.0105263
2.25 -0.0105263
2.255 -0.0105263
2.26 -0.0105263
2.265 -0.0105263
2.27 -0.0105263
2.275 -0.0105263
2.28 -0.0105263
2.285 -0.0105263
2.29 -0.0105263
2.295 -0.0105263
2.3 -0.0105263
2.305 -0.0105263
2.31 -0.0105263
2.315 -0.0105263
2.32 -0.0105263
2.325 -0.0105263
2.33 -0.0105263
2.335 -0.0105263
2.34 -0.0105263
2.345 -0.0105263
2.35 -0.0105263
2.355 -0.0105263
2.36 -0.0105263
2.365 -0.0105263
2.37 -0.0105263
2.375 -0.0105263
2.38 -0.0105263
2.385 -0.0105263
2.39 -0.0105263
2.395 -0.0105263
2.4 -0.0105263
2.405 -0.0105263
2.41 -0.0105263
2.415 -0.0105263
2.42 -0.0105263
2.425 -0.0105263
2.43 -0.0105263
2.435 -0.0105263
2.44 -0.0105263
2.445 -0.0105263
2.45 -0.0105263
2.455 -0.0105263
2.46 -0.0105263
2.465 -0.0105263
2.47 -0.0105263
2.475 -0.0105263
2.48 -0.0105263
2.485 -0.0105263
2.49 -0.0105263
2.495 -0.0105263
2.5 -0.0105263
2.505 -0.0105263
2.51 -0.0105263
2.515 -0.0105263
2.52 -0.0105263
2.525 -0.0105263
2.53 -0.0105263
2.535 -0.0105263
2.54 -0.0105263
2.545 -0.0105263
2.55 -0.0105263
2.555 -0.0105263
2.56 -0.0105263
2.565 -0.0105263
2.57 -0.0105263
2.575 -0.0105263
2.58 -0.0105263
2.585 -0.0105263
2.59 -0.0105263
2.595 -0.0105263
2.6 -0.0105263
2.605 -0.0105263
2.61 -0.0105263
2.615 -0.0105263
2.62 -0.0105263
2.625 -0.0105263
2.63 -0.0105263
2.635 -0.0105263
2.64 -0.0105263
2.645 -0.0105263
2.65 -0.0105263
2.655 -0.0105263
2.66 -0.0105263
2.665 -0.0105263
2.67 -0.0105263
2.675 -0.0105263
2.68 -0.0105263
2.685 -0.0105263
2.69 -0.0105263
2.695 -0.0105263
2.7 -0.0105263
2.705 -0.0105263
2.71 -0.0105263
2.715 -0.0105263
2.72 -0.0105263
2.725 -0.0105263
2.73 -0.0105263
2.735 -0.0105263
2.74 -0.0105263
2.745 -0.0105263
2.75 -0.0105263
2.755 -0.0105263
2.76 -0.0105263
2.765 -0.0105263
2.77 -0.0105263
2.775 -0.0105263
2.78 -0.0105263
2.785 -0.0105263
2.79 -0.0105263
2.795 -0.0105263
2.8 -0.0105263
2.805 -0.0105263
2.81 -0.0105263
2.815 -0.0105263
2.82 -0.0105263
2.825 -0.0105263
2.83 -0.0105263
2.835 -0.0105263
2.84 -0.0105263
2.845 -0.0105263
2.85 -0.0105263
2.855 -0.0105263
2.86 -0.0105263
2.865 -0.0105263
2.87 -0.0105263
2.875 -0.0105263
2.88 -0.0105263
2.885 -0.0105263
2.89 -0.0105263
2.895 -0.0105263
2.9 -0.0105263
2.905 -0.0105263
2.91 -0.0105263
2.915 -0.0105263
2.92 -0.0105263
2.925 -0.0105263
2.93 -0.0105263
2.935 -0.0105263
2.94 -0.0105263
2.945 -0.0105263
2.95 -0.0105263
2.955 -0.0105263
2.96 -0.0105263
2.965 -0.0105263
2.97 -0.0105263
2.975 -0.0105263
2.98 -0.0105263
2.985 -0.0105263
2.99 -0.0105263
2.995 -0.0105263
3 -0.0105263
3.005 -0.0105263
3.01 -0.0105263
3.015 -0.0105263
3.02 -0.0105263
3.025 -0.0105263
3.03 -0.0105263
3.035 -0.0105263
3.04 -0.0105263
3.045 -0.0105263
3.05 -0.0105263
3.055 -0.0105263
3.06 -0.0105263
3.065 -0.0105263
3.07 -0.0105263
3.075 -0.0105263
3.08 -0.0105263
3.085 -0.0105263
3.09 -0.0105263
3.095 -0.0105263
3.1 -0.0105263
3.105 -0.0105263
3.11 -0.0105263
3.115 -0.0105263
3.12 -0.0105263
3.125 -0.0105263
3.13 -0.0105263
3.135 -0.0105263
3.14 -0.0105263
3.145 -0.0105263
3.15 -0.0105263
3.155 -0.0105263
3.16 -0.0105263
3.165 -0.0105263
3.17 -0.0105263
3.175 -0.0105263
3.18 -0.0105263
3.185 -0.0105263
3.19 -0.0105263
3.195 -0.0105263
3.2 -0.0105263
3.205 -0.0105263
3.21 -0.0105263
3.215 -0.0105263
3.22 -0.0105263
3.225 -0.0105263
3.23 -0.0105263
3.235 -0.0105263
3.24 -0.0105263
3.245 -0.0105263
3.25 -0.0105263
3.255 -0.0105263
3.26 -0.0105263
3.265 -0.0105263
3.27 -0.0105263
3.275 -0.0105263
3.28 -0.0105263
3.285 -0.0105263
3.29 -0.0105263
3.295 -0.0105263
3.3 -0.0105263
3.305 -0.0105263
3.31 -0.0105263
3.315 -0.0105263
3.32 -0.0105263
3.325 -0.0105263
3.33 -0.0105263
3.335 -0.0105263
3.34 -0.0105263
3.345 -0.0105263
3.35 -0.0105263
3.355 -0.0105263
3.36 -0.0105263
3.365 -0.0105263
3.37 -0.0105263
3.375 -0.0105263
3.38 -0.0105263
3.385 -0.0105263
3.39 -0.0105263
3.395 -0.0105263
3.4 -0.0105263
3.405 -0.0105263
3.41 -0.0105263
3.415 -0.0105263
3.42 -0.0105263
3.425 -0.0105263
3.43 -0.0105263
3.435 -0.0105263
3.44 -0.0105263
3.445 -0.0105263
3.45 -0.0105263
3.455 -0.0105263
3.46 -0.0105263
3.465 -0.0105263
3.47 -0.0105263
3.475 -0.0105263
3.48 -0.0105263
3.485 -0.0105263
3.49 -0.0105263
3.495 -0.0105263
3.5 -0.0105263
3.505 -0.0105263
3.51 -0.0105263
3.515 -0.0105263
3.52 -0.0105263
3.525 -0.0105263
3.53 -0.0105263
3.535 -0.0105263
3.54 -0.0105263
3.545 -0.0105263
3.55 -0.0105263
3.555 -0.0105263
3.56 -0.0105263
3.565 -0.0105263
3.57 -0.0105263
3.575 -0.0105263
3.58 -0.0105263
3.585 -0.0105263
3.59 -0.0105263
3.595 -0.0105263
3.6 -0.0105263
3.605 -0.0105263
3.61 -0.0105263
3.615 -0.0105263
3.62 -0.0105263
3.625 -0.0105263
3.63 -0.0105263
3.635 -0.0105263
3.64 -0.0105263
3.645 -0.0105263
3.65 -0.0105263
3.655 -0.0105263
3.66 -0.0105263
3.665 -0.0105263
3.67 -0.0105263
3.675 -0.0105263
3.68 -0.0105263
3.685 -0.0105263
3.69 -0.0105263
3.695 -0.0105263
3.7 -0.0105263
3.705 -0.0105263
3.71 -0.0105263
3.715 -0.0105263
3.72 -0.0105263
3.725 -0.0105263
3.73 -0.0105263
3.735 -0.0105263
3.74 -0.0105263
3.745 -0.0105263
3.75 -0.0105263
3.755 -0.0105263
3.76 -0.0105263
3.765 -0.0105263
3.77 -0.0105263
3.775 -0.0105263
3.78 -0.0105263
3.785 -0.0105263
3.79 -0.0105263
3.795 -0.0105263
3.8 -0.0105263
3.805 -0.0105263
3.81 -0.0105263
3.815 -0.0105263
3.82 -0.0105263
3.825 -0.0105263
3.83 -0.0105263
3.835 -0.0105263
3.84 -0.0105263
3.845 -0.0105263
3.85 -0.0105263
3.855 -0.0105263
3.86 -0.0105263
3.865 -0.0105263
3.87 -0.0105263
3.875 -0.0105263
3.88 -0.0105263
3.885 -0.0105263
3.89 -0.0105264
3.895 -0.0105263
3.9 -0.0105264
3.905 -0.0105262
3.91 -0.0105264
3.915 -0.0105261
3.92 -0.0105266
3.925 -0.0105258
3.93 -0.0105274
3.935 -0.0105238
3.94 -0.0105349
3.945 -0.0104582
3.95 0.0947369
3.955 0.199932
3.96 0.200009
3.965 0.199997
3.97 0.200001
3.975 0.199999
3.98 0.2
3.985 0.2
3.99 0.2
3.995 0.2
4 0.2
4.005 0.2
4.01 0.2
4.015 0.2
4.02 0.2
4.025 0.199999
4.03 0.200001
4.035 0.199997
4.04 0.200009
4.045 0.199932
4.05 0.0947369
4.055 -0.0104582
4.06 -0.0105349
4.065 -0.0105238
4.07 -0.0105274
4.075 -0.0105258
4.08 -0.0105266
4.085 -0.0105261
4.09 -0.0105264
4.095 -0.0105262
4.1 -0.0105264
4.105 -0.0105263
4.11 -0.0105264
4.115 -0.0105263
4.12 -0.0105263
4.125 -0.0105263
4.13 -0.0105263
4.135 -0.0105263
4.14 -0.0105263
4.145 -0.0105263
4.15 -0.0105263
4.155 -0.0105263
4.16 -0.0105263
4.165 -0.0105263
4.17 -0.0105263
4.175 -0.0105263
4.18 -0.0105263
4.185 -0.0105263
4.19 -0.0105263
4.195 -0.0105263
4.2 -0.0105263
4.205 -0.0105263
4.21 -0.0105263
4.215 -0.0105263
4.22 -0.0105263
4.225 -0.0105263
4.23 -0.0105263
4.235 -0.0105263
4.24 -0.0105263
4.245 -0.0105263
4.25 -0.0105263
4.255 -0.0105263
4.26 -0.0105263
4.265 -0.0105263
4.27 -0.0105263
4.275 -0.0105263
4.28 -0.0105263
4.285 -0.0105263
4.29 -0.0105263
4.295 -0.0105263
4.3 -0.0105263
4.305 -0.0105263
4.31 -0.0105263
4.315 -0.0105263
4.32 -0.0105263
4.325 -0.0105263
4.33 -0.0105263
4.335 -0.0105263
4.34 -0.0105263
4.345 -0.0105263
4.35 -0.0105263
4.355 -0.0105263
4.36 -0.0105263
4.365 -0.0105263
4.37 -0.0105263
4.375 -0.0105263
4.38 -0.0105263
4.385 -0.0105263
4.39 -0.0105263
4.395 -0.0105263
4.4 -0.0105263
4.405 -0.0105263
4.41 -0.0105263
4.415 -0.0105263
4.42 -0.0105263
4.425 -0.0105263
4.43 -0.0105263
4.435 -0.0105263
4.44 -0.0105263
4.445 -0.0105263
4.45 -0.0105263
4.455 -0.0105263
4.46 -0.0105263
4.465 -0.0105263
4.47 -0.0105263
4.475 -0.0105263
4.48 -0.0105263
4.485 -0.0105263
4.49 -0.0105263
4.495 -0.0105263
4.5 -0.0105263
4.505 -0.0105263
4.51 -0.0105263
4.515 -0.0105263
4.52 -0.0105263
4.525 -0.0105263
4.53 -0.0105263
4.535 -0.0105263
4.54 -0.0105263
4.545 -0.0105263
4.55 -0.0105263
4.555 -0.0105263
4.56 -0.0105263
4.565 -0.0105263
4.57 -0.0105263
4.575 -0.0105263
4.58 -0.0105263
4.585 -0.0105263
4.59 -0.0105263
4.595 -0.0105263
4.6 -0.0105263
4.605 -0.0105263
4.61 -0.0105263
4.615 -0.0105263
4.62 -0.0105263
4.625 -0.0105263
4.63 -0.0105263
4.635 -0.0105263
4.64 -0.0105263
4.645 -0.0105263
4.65 -0.0105263
4.655 -0.0105263
4.66 -0.0105263
4.665 -0.0105263
4.67 -0.0105263
4.675 -0.0105263
4.68 -0.0105263
4.685 -0.0105263
4.69 -0.0105263
4.695 -0.0105263
4.7 -0.0105263
4.705 -0.0105263
4.71 -0.0105263
4.715 -0.0105263
4.72 -0.0105263
4.725 -0.0105263
4.73 -0.0105263
4.735 -0.0105263
4.74 -0.0105263
4.745 -0.0105263
4.75 -0.0105263
4.755 -0.0105263
4.76 -0.0105263
4.765 -0.0105263
4.77 -0.0105263
4.775 -0.0105263
4.78 -0.0105263
4.785 -0.0105263
4.79 -0.0105263
4.795 -0.0105263
4.8 -0.0105263
4.805 -0.0105263
4.81 -0.0105263
4.815 -0.0105263
4.82 -0.0105263
4.825 -0.0105263
4.83 -0.0105263
4.835 -0.0105263
4.84 -0.0105263
4.845 -0.0105263
4.85 -0.0105263
4.855 -0.0105263
4.86 -0.0105263
4.865 -0.0105263
4.87 -0.0105263
4.875 -0.0105263
4.88 -0.0105263
4.885 -0.0105263
4.89 -0.0105263
4.895 -0.0105263
4.9 -0.0105263
4.905 -0.0105263
4.91 -0.0105263
4.915 -0.0105263
4.92 -0.0105263
4.925 -0.0105263
4.93 -0.0105263
4.935 -0.0105263
4.94 -0.0105263
4.945 -0.0105263
4.95 -0.0105263
4.955 -0.0105263
4.96 -0.0105263
4.965 -0.0105263
4.97 -0.0105263
4.975 -0.0105263
4.98 -0.0105263
4.985 -0.0105263
4.99 -0.0105263
4.995 -0.0105263
5 -0.0105263
5.005 -0.0105263
5.01 -0.0105263
5.015 -0.0105263
5.02 -0.0105263
5.025 -0.0105263
5.03 -0.0105263
5.035 -0.0105263
5.04 -0.0105263
5.045 -0.0105263
5.05 -0.0105263
5.055 -0.0105263
5.06 -0.0105263
5.065 -0.0105263
5.07 -0.0105263
5.075 -0.0105263
5.08 -0.0105263
5.085 -0.0105263
5.09 -0.0105263
5.095 -0.0105263
5.1 -0.0105263
5.105 -0.0105263
5.11 -0.0105263
5.115 -0.0105263
5.12 -0.0105263
5.125 -0.0105263
5.13 -0.0105263
5.135 -0.0105263
5.14 -0.0105263
5.145 -0.0105263
5.15 -0.0105263
5.155 -0.0105263
5.16 -0.0105263
5.165 -0.0105263
5.17 -0.0105263
5.175 -0.0105263
5.18 -0.0105263
5.185 -0.0105263
5.19 -0.0105263
5.195 -0.0105263
5.2 -0.0105263
5.205 -0.0105263
5.21 -0.0105263
5.215 -0.0105263
5.22 -0.0105263
5.225 -0.0105263
5.23 -0.0105263
5.235 -0.0105263
5.24 -0.0105263
5.245 -0.0105263
5.25 -0.0105263
5.255 -0.0105263
5.26 -0.0105263
5.265 -0.0105263
5.27 -0.0105263
5.275 -0.0105263
5.28 -0.0105263
5.285 -0.0105263
5.29 -0.0105263
5.295 -0.0105263
5.3 -0.0105263
5.305 -0.0105263
5.31 -0.0105263
5.315 -0.0105263
5.32 -0.0105263
5.325 -0.0105263
5.33 -0.0105263
5.335 -0.0105263
5.34 -0.0105263
5.345 -0.0105263
5.35 -0.0105263
5.355 -0.0105263
5.36 -0.0105263
5.365 -0.0105263
5.37 -0.0105263
5.375 -0.0105263
5.38 -0.0105263
5.385 -0.0105263
5.39 -0.0105263
5.395 -0.0105263
5.4 -0.0105263
5.405 -0.0105263
5.41 -0.0105263
5.415 -0.0105263
5.42 -0.0105263
5.425 -0.0105263
5.43 -0.0105263
5.435 -0.0105263
5.44 -0.0105263
5.445 -0.0105263
5.45 -0.0105263
5.455 -0.0105263
5.46 -0.0105263
5.465 -0.0105263
5.47 -0.0105263
5.475 -0.0105263
5.48 -0.0105263
5.485 -0.0105263
5.49 -0.0105263
5.495 -0.0105263
5.5 -0.0105263
5.505 -0.0105263
5.51 -0.0105263
5.515 -0.0105263
5.52 -0.0105263
5.525 -0.0105263
5.53 -0.0105263
5.535 -0.0105263
5.54 -0.0105263
5.545 -0.0105263
5.55 -0.0105263
5.555 -0.0105263
5.56 -0.0105263
5.565 -0.0105263
5.57 -0.0105263
5.575 -0.0105263
5.58 -0.0105263
5.585 -0.0105263
5.59 -0.0105263
5.595 -0.0105263
5.6 -0.0105263
5.605 -0.0105263
5.61 -0.0105263
5.615 -0.0105263
5.62 -0.0105263
5.625 -0.0105263
5.63 -0.0105263
5.635 -0.0105263
5.64 -0.0105263
5.645 -0.0105263
5.65 -0.0105263
5.655 -0.0105263
5.66 -0.0105263
5.665 -0.0105263
5.67 -0.0105263
5.675 -0.0105263
5.68 -0.0105263
5.685 -0.0105263
5.69 -0.0105263
5.695 -0.0105263
5.7 -0.0105263
5.705 -0.0105263
5.71 -0.0105263
5.715 -0.0105263
5.72 -0.0105263
5.725 -0.0105263
5.73 -0.0105263
5.735 -0.0105263
5.74 -0.0105263
5.745 -0.0105263
5.75 -0.0105263
5.755 -0.0105263
5.76 -0.0105263
5.765 -0.0105263
5.77 -0.0105263
5.775 -0.0105263
5.78 -0.0105263
5.785 -0.0105263
5.79 -0.0105263
5.795 -0.0105263
5.8 -0.0105263
5.805 -0.0105263
5.81 -0.0105263
5.815 -0.0105263
5.82 -0.0105263
5.825 -0.0105263
5.83 -0.0105263
5.835 -0.0105263
5.84 -0.0105263
5.845 -0.0105263
5.85 -0.0105263
5.855 -0.0105263
5.86 -0.0105263
5.865 -0.0105263
5.87 -0.0105263
5.875 -0.0105263
5.88 -0.0105263
5.885 -0.0105263
5.89 -0.0105264
5.895 -0.0105263
5.9 -0.0105264
5.905 -0.0105262
5.91 -0.0105264
5.915 -0.0105261
5.92 -0.0105266
5.925 -0.0105258
5.93 -0.0105274
5.935 -0.0105238
5.94 -0.0105349
5.945 -0.0104582
5.95 0.0947369
5.955 0.199932
5.96 0.200009
5.965 0.199997
5.97 0.200001
5.975 0.199999
5.98 0.2
5.985 0.2
5.99 0.2
5.995 0.2
6 0.2
6.005 0.2
6.01 0.2
6.015 0.2
6.02 0.2
6.025 0.199999
6.03 0.200001
6.035 0.199997
6.04 0.200009
6.045 0.199932
6.05 0.0947369
6.055 -0.0104582
6.06 -0.0105349
6.065 -0.0105238
6.07 -0.0105274
6.075 -0.0105258
6.08 -0.0105266
6.085 -0.0105261
6.09 -0.0105264
6.095 -0.0105262
6.1 -0.0105264
6.105 -0.0105263
6.11 -0.0105264
6.115 -0.0105263
6.12 -0.0105263
6.125 -0.0105263
6.13 -0.0105263
6.135 -0.0105263
6.14 -0.0105263
6.145 -0.0105263
6.15 -0.0105263
6.155 -0.0105263
6.16 -0.0105263
6.165 -0.0105263
6.17 -0.0105263
6.175 -0.0105263
6.18 -0.0105263
6.185 -0.0105263
6.19 -0.0105263
6.195 -0.0105263
6.2 -0.0105263
6.205 -0.0105263
6.21 -0.0105263
6.215 -0.0105263
6.22 -0.0105263
6.225 -0.0105263
6.23 -0.0105263
6.235 -0.0105263
6.24 -0.0105263
6.245 -0.0105263
6.25 -0.0105263
6.255 -0.0105263
6.26 -0.0105263
6.265 -0.0105263
6.27 -0.0105263
6.275 -0.0105263
6.28 -0.0105263
6.285 -0.0105263
6.29 -0.0105263
6.295 -0.0105263
6.3 -0.0105263
6.305 -0.0105263
6.31 -0.0105263
6.315 -0.0105263
6.32 -0.0105263
6.325 -0.0105263
6.33 -0.0105263
6.335 -0.0105263
6.34 -0.0105263
6.345 -0.0105263
6.35 -0.0105263
6.355 -0.0105263
6.36 -0.0105263
6.365 -0.0105263
6.37 -0.0105263
6.375 -0.0105263
6.38 -0.0105263
6.385 -0.0105263
6.39 -0.0105263
6.395 -0.0105263
6.4 -0.0105263
6.405 -0.0105263
6.41 -0.0105263
6.415 -0.0105263
6.42 -0.0105263
6.425 -0.0105263
6.43 -0.0105263
6.435 -0.0105263
6.44 -0.0105263
6.445 -0.0105263
6.45 -0.0105263
6.455 -0.0105263
6.46 -0.0105263
6.465 -0.0105263
6.47 -0.0105263
6.475 -0.0105263
6.48 -0.0105263
6.485 -0.0105263
6.49 -0.0105263
6.495 -0.0105263
6.5 -0.0105263
6.505 -0.0105263
6.51 -0.0105263
6.515 -0.0105263
6.52 -0.0105263
6.525 -0.0105263
6.53 -0.0105263
6.535 -0.0105263
6.54 -0.0105263
6.545 -0.0105263
6.55 -0.0105263
6.555 -0.0105263
6.56 -0.0105263
6.565 -0.0105263
6.57 -0.0105263
6.575 -0.0105263
6.58 -0.0105263
6.585 -0.0105263
6.59 -0.0105263
6.595 -0.0105263
6.6 -0.0105263
6.605 -0.0105263
6.61 -0.0105263
6.615 -0.0105263
6.62 -0.0105263
6.625 -0.0105263
6.63 -0.0105263
6.635 -0.0105263
6.64 -0.0105263
6.645 -0.0105263
6.65 -0.0105263
6.655 -0.0105263
6.66 -0.0105263
6.665 -0.0105263
6.67 -0.0105263
6.675 -0.0105263
6.68 -0.0105263
6.685 -0.0105263
6.69 -0.0105263
6.695 -0.0105263
6.7 -0.0105263
6.705 -0.0105263
6.71 -0.0105263
6.715 -0.0105263
6.72 -0.0105263
6.725 -0.0105263
6.73 -0.0105263
6.735 -0.0105263
6.74 -0.0105263
6.745 -0.0105263
6.75 -0.0105263
6.755 -0.0105263
6.76 -0.0105263
6.765 -0.0105263
6.77 -0.0105263
6.775 -0.0105263
6.78 -0.0105263
6.785 -0.0105263
6.79 -0.0105263
6.795 -0.0105263
6.8 -0.0105263
6.805 -0.0105263
6.81 -0.0105263
6.815 -0.0105263
6.82 -0.0105263
6.825 -0.0105263
6.83 -0.0105263
6.835 -0.0105263
6.84 -0.0105263
6.845 -0.0105263
6.85 -0.0105263
6.855 -0.0105263
6.86 -0.0105263
6.865 -0.0105263
6.87 -0.0105263
6.875 -0.0105263
6.88 -0.0105263
6.885 -0.0105263
6.89 -0.0105263
6.895 -0.0105263
6.9 -0.0105263
6.905 -0.0105263
6.91 -0.0105263
6.915 -0.0105263
6.92 -0.0105263
6.925 -0.0105263
6.93 -0.0105263
6.935 -0.0105263
6.94 -0.0105263
6.945 -0.0105263
6.95 -0.0105263
6.955 -0.0105263
6.96 -0.0105263
6.965 -0.0105263
6.97 -0.0105263
6.975 -0.0105263
6.98 -0.0105263
6.985 -0.0105263
6.99 -0.0105263
6.995 -0.0105263
7 -0.0105263
7.005 -0.0105263
7.01 -0.0105263
7.015 -0.0105263
7.02 -0.0105263
7.025 -0.0105263
7.03 -0.0105263
7.035 -0.0105263
7.04 -0.0105263
7.045 -0.0105263
7.05 -0.0105263
7.055 -0.0105263
7.06 -0.0105263
7.065 -0.0105263
7.07 -0.0105263
7.075 -0.0105263
7.08 -0.0105263
7.085 -0.0105263
7.09 -0.0105263
7.095 -0.0105263
7.1 -0.0105263
7.105 -0.0105263
7.11 -0.0105263
7.115 -0.0105263
7.12 -0.0105263
7.125 -0.0105263
7.13 -0.0105263
7.135 -0.0105263
7.14 -0.0105263
7.145 -0.0105263
7.15 -0.0105263
7.155 -0.0105263
7.16 -0.0105263
7.165 -0.0105263
7.17 -0.0105263
7.175 -0.0105263
7.18 -0.0105263
7.185 -0.0105263
7.19 -0.0105263
7.195 -0.0105263
7.2 -0.0105263
7.205 -0.0105263
7.21 -0.0105263
7.215 -0.0105263
7.22 -0.0105263
7.225 -0.0105263
7.23 -0.0105263
7.235 -0.0105263
7.24 -0.0105263
7.245 -0.0105263
7.25 -0.0105263
7.255 -0.0105263
7.26 -0.0105263
7.265 -0.0105263
7.27 -0.0105263
7.275 -0.0105263
7.28 -0.0105263
7.285 -0.0105263
7.29 -0.0105263
7.295 -0.0105263
7.3 -0.0105263
7.305 -0.0105263
7.31 -0.0105263
7.315 -0.0105263
7.32 -0.0105263
7.325 -0.0105263
7.33 -0.0105263
7.335 -0.0105263
7.34 -0.0105263
7.345 -0.0105263
7.35 -0.0105263
7.355 -0.0105263
7.36 -0.0105263
7.365 -0.0105263
7.37 -0.0105263
7.375 -0.0105263
7.38 -0.0105263
7.385 -0.0105263
7.39 -0.0105263
7.395 -0.0105263
7.4 -0.0105263
7.405 -0.0105263
7.41 -0.0105263
7.415 -0.0105263
7.42 -0.0105263
7.425 -0.0105263
7.43 -0.0105263
7.435 -0.0105263
7.44 -0.0105263
7.445 -0.0105263
7.45 -0.0105263
7.455 -0.0105263
7.46 -0.0105263
7.465 -0.0105263
7.47 -0.0105263
7.475 -0.0105263
7.48 -0.0105263
7.485 -0.0105263
7.49 -0.0105263
7.495 -0.0105263
7.5 -0.0105263
7.505 -0.0105263
7.51 -0.0105263
7.515 -0.0105263
7.52 -0.0105263
7.525 -0.0105263
7.53 -0.0105263
7.535 -0.0105263
7.54 -0.0105263
7.545 -0.0105263
7.55 -0.0105263
7.555 -0.0105263
7.56 -0.0105263
7.565 -0.0105263
7.57 -0.0105263
7.575 -0.0105263
7.58 -0.0105263
7.585 -0.0105263
7.59 -0.0105263
7.595 -0.0105263
7.6 -0.0105263
7.605 -0.0105263
7.61 -0.0105263
7.615 -0.0105263
7.62 -0.0105263
7.625 -0.0105263
7.63 -0.0105263
7.635 -0.0105263
7.64 -0.0105263
7.645 -0.0105263
7.65 -0.0105263
7.655 -0.0105263
7.66 -0.0105263
7.665 -0.0105263
7.67 -0.0105263
7.675 -0.0105263
7.68 -0.0105263
7.685 -0.0105263
7.69 -0.0105263
7.695 -0.0105263
7.7 -0.0105263
7.705 -0.0105263
7.71 -0.0105263
7.715 -0.0105263
7.72 -0.0105263
7.725 -0.0105263
7.73 -0.0105263
7.735 -0.0105263
7.74 -0.0105263
7.745 -0.0105263
7.75 -0.0105263
7.755 -0.0105263
7.76 -0.0105263
7.765 -0.0105263
7.77 -0.0105263
7.775 -0.0105263
7.78 -0.0105263
7.785 -0.0105263
7.79 -0.0105263
7.795 -0.0105263
7.8 -0.0105263
7.805 -0.0105263
7.81 -0.0105263
7.815 -0.0105263
7.82 -0.0105263
7.825 -0.0105263
7.83 -0.0105263
7.835 -0.0105263
7.84 -0.0105263
7.845 -0.0105263
7.85 -0.0105263
7.855 -0.0105263
7.86 -0.0105263
7.865 -0.0105263
7.87 -0.0105263
7.875 -0.0105263
7.88 -0.0105263
7.885 -0.0105263
7.89 -0.0105264
7.895 -0.0105263
7.9 -0.0105264
7.905 -0.0105262
7.91 -0.0105264
7.915 -0.0105261
7.92 -0.0105266
7.925 -0.0105258
7.93 -0.0105274
7.935 -0.0105238
7.94 -0.0105349
7.945 -0.0104582
7.95 0.0947369
7.955 0.199932
7.96 0.200009
7.965 0.199997
7.97 0.200001
7.975 0.199999
7.98 0.2
7.985 0.2
7.99 0.2
7.995 0.2
8 0.2
8.005 0.2
8.01 0.2
8.015 0.2
8.02 0.2
8.025 0.199999
8.03 0.200001
8.035 0.199997
8.04 0.200009
8.045 0.199932
8.05 0.0947369
8.055 -0.0104582
8.06 -0.0105349
8.065 -0.0105238
8.07 -0.0105274
8.075 -0.0105258
8.08 -0.0105266
8.085 -0.0105261
8.09 -0.0105264
8.095 -0.0105262
8.1 -0.0105264
8.105 -0.0105263
8.11 -0.0105264
8.115 -0.0105263
8.12 -0.0105263
8.125 -0.0105263
8.13 -0.0105263
8.135 -0.0105263
8.14 -0.0105263
8.145 -0.0105263
8.15 -0.0105263
8.155 -0.0105263
8.16 -0.0105263
8.165 -0.0105263
8.17 -0.0105263
8.175 -0.0105263
8.18 -0.0105263
8.185 -0.0105263
8.19 -0.0105263
8.195 -0.0105263
8.2 -0.0105263
8.205 -0.0105263
8.21 -0.0105263
8.215 -0.0105263
8.22 -0.0105263
8.225 -0.0105263
8.23 -0.0105263
8.235 -0.0105263
8.24 -0.0105263
8.245 -0.0105263
8.25 -0.0105263
8.255 -0.0105263
8.26 -0.0105263
8.265 -0.0105263
8.27 -0.0105263
8.275 -0.0105263
8.28 -0.0105263
8.285 -0.0105263
8.29 -0.0105263
8.295 -0.0105263
8.3 -0.0105263
8.305 -0.0105263
8.31 -0.0105263
8.315 -0.0105263
8.32 -0.0105263
8.325 -0.0105263
8.33 -0.0105263
8.335 -0.0105263
8.34 -0.0105263
8.345 -0.0105263
8.35 -0.0105263
8.355 -0.0105263
8.36 -0.0105263
8.365 -0.0105263
8.37 -0.0105263
8.375 -0.0105263
8.38 -0.0105263
8.385 -0.0105263
8.39 -0.0105263
8.395 -0.0105263
8.4 -0.0105263
8.405 -0.0105263
8.41 -0.0105263
8.415 -0.0105263
8.42 -0.0105263
8.425 -0.0105263
8.43 -0.0105263
8.435 -0.0105263
8.44 -0.0105263
8.445 -0.0105263
8.45 -0.0105263
8.455 -0.0105263
8.46 -0.0105263
8.465 -0.0105263
8.47 -0.0105263
8.475 -0.0105263
8.48 -0.0105263
8.485 -0.0105263
8.49 -0.0105263
8.495 -0.0105263
8.5 -0.0105263
8.505 -0.0105263
8.51 -0.0105263
8.515 -0.0105263
8.52 -0.0105263
8.525 -0.0105263
8.53 -0.0105263
8.535 -0.0105263
8.54 -0.0105263
8.545 -0.0105263
8.55 -0.0105263
8.555 -0.0105263
8.56 -0.0105263
8.565 -0.0105263
8.57 -0.0105263
8.575 -0.0105263
8.58 -0.0105263
8.585 -0.0105263
8.59 -0.0105263
8.595 -0.0105263
8.6 -0.0105263
8.605 -0.0105263
8.61 -0.0105263
8.615 -0.0105263
8.62 -0.0105263
8.625 -0.0105263
8.63 -0.0105263
8.635 -0.0105263
8.64 -0.0105263
8.645 -0.0105263
8.65 -0.0105263
8.655 -0.0105263
8.66 -0.0105263
8.665 -0.0105263
8.67 -0.0105263
8.675 -0.0105263
8.68 -0.0105263
8.685 -0.0105263
8.69 -0.0105263
8.695 -0.0105263
8.7 -0.0105263
8.705 -0.0105263
8.71 -0.0105263
8.715 -0.0105263
8.72 -0.0105263
8.725 -0.0105263
8.73 -0.0105263
8.735 -0.0105263
8.74 -0.0105263
8.745 -0.0105263
8.75 -0.0105263
8.755 -0.0105263
8.76 -0.0105263
8.765 -0.0105263
8.77 -0.0105263
8.775 -0.0105263
8.78 -0.0105263
8.785 -0.0105263
8.79 -0.0105263
8.795 -0.0105263
8.8 -0.0105263
8.805 -0.0105263
8.81 -0.0105263
8.815 -0.0105263
8.82 -0.0105263
8.825 -0.0105263
8.83 -0.0105263
8.835 -0.0105263
8.84 -0.0105263
8.845 -0.0105263
8.85 -0.0105263
8.855 -0.0105263
8.86 -0.0105263
8.865 -0.0105263
8.87 -0.0105263
8.875 -0.0105263
8.88 -0.0105263
8.885 -0.0105263
8.89 -0.0105263
8.895 -0.0105263
8.9 -0.0105263
8.905 -0.0105263
8.91 -0.0105263
8.915 -0.0105263
8.92 -0.0105263
8.925 -0.0105263
8.93 -0.0105263
8.935 -0.0105263
8.94 -0.0105263
8.945 -0.0105263
8.95 -0.0105263
8.955 -0.0105263
8.96 -0.0105263
8.965 -0.0105263
8.97 -0.0105263
8.975 -0.0105263
8.98 -0.0105263
8.985 -0.0105263
8.99 -0.0105263
8.995 -0.0105263
9 -0.0105263
9.005 -0.0105263
9.01 -0.0105263
9.015 -0.0105263
9.02 -0.0105263
9.025 -0.0105263
9.03 -0.0105263
9.035 -0.0105263
9.04 -0.0105263
9.045 -0.0105263
9.05 -0.0105263
9.055 -0.0105263
9.06 -0.0105263
9.065 -0.0105263
9.07 -0.0105263
9.075 -0.0105263
9.08 -0.0105263
9.085 -0.0105263
9.09 -0.0105263
9.095 -0.0105263
9.1 -0.0105263
9.105 -0.0105263
9.11 -0.0105263
9.115 -0.0105263
9.12 -0.0105263
9.125 -0.0105263
9.13 -0.0105263
9.135 -0.0105263
9.14 -0.0105263
9.145 -0.0105263
9.15 -0.0105263
9.155 -0.0105263
9.16 -0.0105263
9.165 -0.0105263
9.17 -0.0105263
9.175 -0.0105263
9.18 -0.0105263
9.185 -0.0105263
9.19 -0.0105263
9.195 -0.0105263
9.2 -0.0105263
9.205 -0.0105263
9.21 -0.0105263
9.215 -0.0105263
9.22 -0.0105263
9.225 -0.0105263
9.23 -0.0105263
9.235 -0.0105263
9.24 -0.0105263
9.245 -0.0105263
9.25 -0.0105263
9.255 -0.0105263
9.26 -0.0105263
9.265 -0.0105263
9.27 -0.0105263
9.275 -0.0105263
9.28 -0.0105263
9.285 -0.0105263
9.29 -0.0105263
9.295 -0.0105263
9.3 -0.0105263
9.305 -0.0105263
9.31 -0.0105263
9.315 -0.0105263
9.32 -0.0105263
9.325 -0.0105263
9.33 -0.0105263
9.335 -0.0105263
9.34 -0.0105263
9.345 -0.0105263
9.35 -0.0105263
9.355 -0.0105263
9.36 -0.0105263
9.365 -0.0105263
9.37 -0.0105263
9.375 -0.0105263
9.38 -0.0105263
9.385 -0.0105263
9.39 -0.0105263
9.395 -0.0105263
9.4 -0.0105263
9.405 -0.0105263
9.41 -0.0105263
9.415 -0.0105263
9.42 -0.0105263
9.425 -0.0105263
9.43 -0.0105263
9.435 -0.0105263
9.44 -0.0105263
9.445 -0.0105263
9.45 -0.0105263
9.455 -0.0105263
9.46 -0.0105263
9.465 -0.0105263
9.47 -0.0105263
9.475 -0.0105263
9.48 -0.0105263
9.485 -0.0105263
9.49 -0.0105263
9.495 -0.0105263
9.5 -0.0105263
9.505 -0.0105263
9.51 -0.0105263
9.515 -0.0105263
9.52 -0.0105263
9.525 -0.0105263
9.53 -0.0105263
9.535 -0.0105263
9.54 -0.0105263
9.545 -0.0105263
9.55 -0.0105263
9.555 -0.0105263
9.56 -0.0105263
9.565 -0.0105263
9.57 -0.0105263
9.575 -0.0105263
9.58 -0.0105263
9.585 -0.0105263
9.59 -0.0105263
9.595 -0.0105263
9.6 -0.0105263
9.605 -0.0105263
9.61 -0.0105263
9.615 -0.0105263
9.62 -0.0105263
9.625 -0.0105263
9.63 -0.0105263
9.635 -0.0105263
9.64 -0.0105263
9.645 -0.0105263
9.65 -0.0105263
9.655 -0.0105263
9.66 -0.0105263
9.665 -0.0105263
9.67 -0.0105263
9.675 -0.0105263
9.68 -0.0105263
9.685 -0.0105263
9.69 -0.0105263
9.695 -0.0105263
9.7 -0.0105263
9.705 -0.0105263
9.71 -0.0105263
9.715 -0.0105263
9.72 -0.0105263
9.725 -0.0105263
9.73 -0.0105263
9.735 -0.0105263
9.74 -0.0105263
9.745 -0.0105263
9.75 -0.0105263
9.755 -0.0105263
9.76 -0.0105263
9.765 -0.0105263
9.77 -0.0105263
9.775 -0.0105263
9.78 -0.0105263
9.785 -0.0105263
9.79 -0.0105263
9.795 -0.0105263
9.8 -0.0105263
9.805 -0.0105263
9.81 -0.0105263
9.815 -0.0105263
9.82 -0.0105263
9.825 -0.0105263
9.83 -0.0105263
9.835 -0.0105263
9.84 -0.0105263
9.845 -0.0105263
9.85 -0.0105263
9.855 -0.0105263
9.86 -0.0105263
9.865 -0.0105263
9.87 -0.0105263
9.875 -0.0105263
9.88 -0.0105263
9.885 -0.0105263
9.89 -0.0105264
9.895 -0.0105263
9.9 -0.0105264
9.905 -0.0105262
9.91 -0.0105264
9.915 -0.0105261
9.92 -0.0105266
9.925 -0.0105258
9.93 -0.0105274
9.935 -0.0105238
9.94 -0.0105349
9.945 -0.0104582
9.95 0.0947369
9.955 0.199932
9.96 0.200009
9.965 0.199997
9.97 0.200001
9.975 0.199999
9.98 0.2
9.985 0.2
9.99 0.2
9.995 0.2
10 0.2
