0 -0
0.01 -0.0099
0.02 -0.0196
0.03 -0.0291
0.04 -0.0384
0.05 -0.0475
0.06 -0.0564
0.07 -0.0651
0.08 -0.0736
0.09 -0.0819
0.1 -0.09
0.11 -0.0979
0.12 -0.1056
0.13 -0.1131
0.14 -0.1204
0.15 -0.1275
0.16 -0.1344
0.17 -0.1411
0.18 -0.1476
0.19 -0.1539
0.2 -0.16
0.21 -0.1659
0.22 -0.1716
0.23 -0.1771
0.24 -0.1824
0.25 -0.1875
0.26 -0.1924
0.27 -0.1971
0.28 -0.2016
0.29 -0.2059
0.3 -0.21
0.31 -0.2139
0.32 -0.2176
0.33 -0.2211
0.34 -0.2244
0.35 -0.2275
0.36 -0.2304
0.37 -0.2331
0.38 -0.2356
0.39 -0.2379
0.4 -0.24
0.41 -0.2419
0.42 -0.2436
0.43 -0.2451
0.44 -0.2464
0.45 -0.2475
0.46 -0.2484
0.47 -0.2491
0.48 -0.2496
0.49 -0.2499
0.5 -0.25
0.51 -0.2499
0.52 -0.2496
0.53 -0.2491
0.54 -0.2484
0.55 -0.2475
0.56 -0.2464
0.57 -0.2451
0.58 -0.2436
0.59 -0.2419
0.6 -0.24
0.61 -0.2379
0.62 -0.2356
0.63 -0.2331
0.64 -0.2304
0.65 -0.2275
0.66 -0.2244
0.67 -0.2211
0.68 -0.2176
0.69 -0.2139
0.7 -0.21
0.71 -0.2059
0.72 -0.2016
0.73 -0.1971
0.74 -0.1924
0.75 -0.1875
0.76 -0.1824
0.77 -0.1771
0.78 -0.1716
0.79 -0.1659
0.8 -0.16
0.81 -0.1539
0.82 -0.1476
0.83 -0.1411
0.84 -0.1344
0.85 -0.1275
0.86 -0.1204
0.87 -0.1131
0.88 -0.1056
0.89 -0.0979
0.9 -0.09
0.91 -0.0819
0.92 -0.0736
0.93 -0.0651
0.94 -0.0564
0.95 -0.0475
0.96 -0.0384
0.97 -0.0291
0.98 -0.0196
0.99 -0.0099
1 0


0 -0
0.01 -0.00813668
0.02 -0.0161604
0.03 -0.0240681
0.04 -0.0318565
0.05 -0.0395227
0.06 -0.0470636
0.07 -0.0544763
0.08 -0.0617578
0.09 -0.0689053
0.1 -0.075916
0.11 -0.0827872
0.12 -0.0895162
0.13 -0.0961004
0.14 -0.102537
0.15 -0.108825
0.16 -0.11496
0.17 -0.12094
0.18 -0.126764
0.19 -0.132429
0.2 -0.137934
0.21 -0.143275
0.22 -0.148451
0.23 -0.153461
0.24 -0.158302
0.25 -0.162973
0.26 -0.167473
0.27 -0.171798
0.28 -0.175949
0.29 -0.179923
0.3 -0.18372
0.31 -0.187337
0.32 -0.190774
0.33 -0.19403
0.34 -0.197102
0.35 -0.199992
0.36 -0.202696
0.37 -0.205215
0.38 -0.207548
0.39 -0.209693
0.4 -0.21165
0.41 -0.213419
0.42 -0.214998
0.43 -0.216387
0.44 -0.217586
0.45 -0.218594
0.46 -0.21941
0.47 -0.220035
0.48 -0.220469
0.49 -0.22071
0.5 -0.220758
0.51 -0.220615
0.52 -0.220279
0.53 -0.219751
0.54 -0.219032
0.55 -0.21812
0.56 -0.217017
0.57 -0.215722
0.58 -0.214237
0.59 -0.212562
0.6 -0.210697
0.61 -0.208644
0.62 -0.206403
0.63 -0.203975
0.64 -0.201361
0.65 -0.198562
0.66 -0.19558
0.67 -0.192416
0.68 -0.18907
0.69 -0.185546
0.7 -0.181844
0.71 -0.177966
0.72 -0.173914
0.73 -0.16969
0.74 -0.165295
0.75 -0.160733
0.76 -0.156005
0.77 -0.151114
0.78 -0.146062
0.79 -0.140852
0.8 -0.135485
0.81 -0.129966
0.82 -0.124296
0.83 -0.118479
0.84 -0.112517
0.85 -0.106413
0.86 -0.100171
0.87 -0.0937929
0.88 -0.0872826
0.89 -0.0806429
0.9 -0.0738772
0.91 -0.0669885
0.92 -0.0599802
0.93 -0.0528556
0.94 -0.0456178
0.95 -0.0382703
0.96 -0.0308162
0.97 -0.0232589
0.98 -0.0156016
0.99 -0.00784754
1 0


0 -0
0.01 -0.00733091
0.02 -0.0145527
0.03 -0.0216632
0.04 -0.0286601
0.05 -0.0355412
0.06 -0.0423043
0.07 -0.0489473
0.08 -0.0554681
0.09 -0.0618645
0.1 -0.0681344
0.11 -0.0742758
0.12 -0.0802866
0.13 -0.0861649
0.14 -0.0919088
0.15 -0.0975162
0.16 -0.102985
0.17 -0.108314
0.18 -0.113502
0.19 -0.118545
0.2 -0.123443
0.21 -0.128194
0.22 -0.132797
0.23 -0.137249
0.24 -0.141549
0.25 -0.145696
0.26 -0.149689
0.27 -0.153525
0.28 -0.157204
0.29 -0.160725
0.3 -0.164086
0.31 -0.167286
0.32 -0.170323
0.33 -0.173198
0.34 -0.175909
0.35 -0.178455
0.36 -0.180835
0.37 -0.183049
0.38 -0.185095
0.39 -0.186974
0.4 -0.188684
0.41 -0.190225
0.42 -0.191596
0.43 -0.192798
0.44 -0.19383
0.45 -0.194691
0.46 -0.195381
0.47 -0.195901
0.48 -0.19625
0.49 -0.196429
0.5 -0.196436
0.51 -0.196274
0.52 -0.195941
0.53 -0.195438
0.54 -0.194765
0.55 -0.193924
0.56 -0.192913
0.57 -0.191735
0.58 -0.190389
0.59 -0.188877
0.6 -0.187199
0.61 -0.185355
0.62 -0.183348
0.63 -0.181177
0.64 -0.178844
0.65 -0.17635
0.66 -0.173696
0.67 -0.170884
0.68 -0.167914
0.69 -0.164789
0.7 -0.161508
0.71 -0.158075
0.72 -0.15449
0.73 -0.150755
0.74 -0.146871
0.75 -0.142841
0.76 -0.138665
0.77 -0.134347
0.78 -0.129886
0.79 -0.125287
0.8 -0.120549
0.81 -0.115675
0.82 -0.110668
0.83 -0.105528
0.84 -0.100259
0.85 -0.0948619
0.86 -0.0893388
0.87 -0.0836921
0.88 -0.0779237
0.89 -0.0720358
0.9 -0.0660305
0.91 -0.0599101
0.92 -0.0536766
0.93 -0.0473322
0.94 -0.0408791
0.95 -0.0343196
0.96 -0.0276556
0.97 -0.0208896
0.98 -0.0140235
0.99 -0.00705958
1 0


0 -0
0.01 -0.00673308
0.02 -0.0133592
0.03 -0.0198768
0.04 -0.026284
0.05 -0.0325792
0.06 -0.0387608
0.07 -0.0448271
0.08 -0.0507764
0.09 -0.0566073
0.1 -0.062318
0.11 -0.067907
0.12 -0.0733729
0.13 -0.078714
0.14 -0.0839289
0.15 -0.0890162
0.16 -0.0939744
0.17 -0.0988021
0.18 -0.103498
0.19 -0.108061
0.2 -0.112489
0.21 -0.116782
0.22 -0.120937
0.23 -0.124955
0.24 -0.128833
0.25 -0.132571
0.26 -0.136167
0.27 -0.139622
0.28 -0.142932
0.29 -0.146099
0.3 -0.14912
0.31 -0.151995
0.32 -0.154723
0.33 -0.157304
0.34 -0.159736
0.35 -0.16202
0.36 -0.164154
0.37 -0.166138
0.38 -0.167971
0.39 -0.169653
0.4 -0.171184
0.41 -0.172563
0.42 -0.17379
0.43 -0.174865
0.44 -0.175787
0.45 -0.176556
0.46 -0.177173
0.47 -0.177637
0.48 -0.177948
0.49 -0.178107
0.5 -0.178113
0.51 -0.177966
0.52 -0.177668
0.53 -0.177217
0.54 -0.176615
0.55 -0.175862
0.56 -0.174958
0.57 -0.173904
0.58 -0.1727
0.59 -0.171347
0.6 -0.169845
0.61 -0.168196
0.62 -0.166399
0.63 -0.164456
0.64 -0.162367
0.65 -0.160134
0.66 -0.157757
0.67 -0.155237
0.68 -0.152575
0.69 -0.149772
0.7 -0.146829
0.71 -0.143748
0.72 -0.140529
0.73 -0.137173
0.74 -0.133683
0.75 -0.130058
0.76 -0.126301
0.77 -0.122412
0.78 -0.118393
0.79 -0.114245
0.8 -0.10997
0.81 -0.105569
0.82 -0.101043
0.83 -0.0963945
0.84 -0.0916241
0.85 -0.0867336
0.86 -0.0817244
0.87 -0.076598
0.88 -0.071356
0.89 -0.066
0.9 -0.0605313
0.91 -0.0549518
0.92 -0.0492627
0.93 -0.0434659
0.94 -0.0375627
0.95 -0.0315549
0.96 -0.0254439
0.97 -0.0192314
0.98 -0.0129188
0.99 -0.00650785
1 0


0 -0
0.01 -0.0062801
0.02 -0.012455
0.03 -0.0185234
0.04 -0.024484
0.05 -0.0303356
0.06 -0.0360768
0.07 -0.0417066
0.08 -0.0472236
0.09 -0.0526267
0.1 -0.0579146
0.11 -0.0630863
0.12 -0.0681404
0.13 -0.073076
0.14 -0.0778919
0.15 -0.0825869
0.16 -0.0871601
0.17 -0.0916104
0.18 -0.0959368
0.19 -0.100138
0.2 -0.104214
0.21 -0.108163
0.22 -0.111984
0.23 -0.115676
0.24 -0.119239
0.25 -0.122672
0.26 -0.125974
0.27 -0.129144
0.28 -0.132181
0.29 -0.135085
0.3 -0.137856
0.31 -0.140492
0.32 -0.142993
0.33 -0.145358
0.34 -0.147587
0.35 -0.14968
0.36 -0.151635
0.37 -0.153454
0.38 -0.155134
0.39 -0.156677
0.4 -0.158081
0.41 -0.159346
0.42 -0.160473
0.43 -0.16146
0.44 -0.162309
0.45 -0.163018
0.46 -0.163589
0.47 -0.16402
0.48 -0.164311
0.49 -0.164464
0.5 -0.164477
0.51 -0.164352
0.52 -0.164088
0.53 -0.163685
0.54 -0.163144
0.55 -0.162465
0.56 -0.161649
0.57 -0.160695
0.58 -0.159605
0.59 -0.158378
0.6 -0.157015
0.61 -0.155517
0.62 -0.153884
0.63 -0.152116
0.64 -0.150215
0.65 -0.148181
0.66 -0.146014
0.67 -0.143716
0.68 -0.141287
0.69 -0.138728
0.7 -0.136039
0.71 -0.133222
0.72 -0.130277
0.73 -0.127205
0.74 -0.124007
0.75 -0.120684
0.76 -0.117237
0.77 -0.113667
0.78 -0.109974
0.79 -0.106161
0.8 -0.102227
0.81 -0.0981741
0.82 -0.0940032
0.83 -0.0897153
0.84 -0.0853114
0.85 -0.0807927
0.86 -0.0761602
0.87 -0.0714151
0.88 -0.0665586
0.89 -0.0615917
0.9 -0.0565155
0.91 -0.0513313
0.92 -0.0460401
0.93 -0.0406432
0.94 -0.0351416
0.95 -0.0295366
0.96 -0.0238293
0.97 -0.0180208
0.98 -0.0121123
0.99 -0.00610502
1 0


0 -0
0.01 -0.00594011
0.02 -0.0117763
0.03 -0.0175077
0.04 -0.0231332
0.05 -0.028652
0.06 -0.0340631
0.07 -0.0393656
0.08 -0.0445585
0.09 -0.049641
0.1 -0.0546123
0.11 -0.0594713
0.12 -0.0642173
0.13 -0.0688493
0.14 -0.0733667
0.15 -0.0777685
0.16 -0.082054
0.17 -0.0862224
0.18 -0.0902729
0.19 -0.0942049
0.2 -0.0980175
0.21 -0.10171
0.22 -0.105282
0.23 -0.108733
0.24 -0.112061
0.25 -0.115267
0.26 -0.11835
0.27 -0.121309
0.28 -0.124144
0.29 -0.126855
0.3 -0.12944
0.31 -0.131899
0.32 -0.134232
0.33 -0.136439
0.34 -0.138518
0.35 -0.140471
0.36 -0.142296
0.37 -0.143993
0.38 -0.145562
0.39 -0.147003
0.4 -0.148315
0.41 -0.149498
0.42 -0.150553
0.43 -0.151478
0.44 -0.152275
0.45 -0.152942
0.46 -0.15348
0.47 -0.153889
0.48 -0.154169
0.49 -0.15432
0.5 -0.154342
0.51 -0.154234
0.52 -0.153999
0.53 -0.153634
0.54 -0.153141
0.55 -0.15252
0.56 -0.151771
0.57 -0.150894
0.58 -0.14989
0.59 -0.148759
0.6 -0.147502
0.61 -0.146118
0.62 -0.144608
0.63 -0.142972
0.64 -0.141212
0.65 -0.139327
0.66 -0.137319
0.67 -0.135186
0.68 -0.132931
0.69 -0.130554
0.7 -0.128054
0.71 -0.125434
0.72 -0.122693
0.73 -0.119832
0.74 -0.116852
0.75 -0.113753
0.76 -0.110536
0.77 -0.107203
0.78 -0.103753
0.79 -0.100187
0.8 -0.0965058
0.81 -0.0927109
0.82 -0.0888025
0.83 -0.0847816
0.84 -0.0806488
0.85 -0.0764051
0.86 -0.0720512
0.87 -0.067588
0.88 -0.0630162
0.89 -0.0583368
0.9 -0.0535505
0.91 -0.0486583
0.92 -0.0436609
0.93 -0.0385593
0.94 -0.0333542
0.95 -0.0280466
0.96 -0.0226373
0.97 -0.0171271
0.98 -0.0115169
0.99 -0.00580762
1 0


0 -0
0.01 -0.00568637
0.02 -0.0112698
0.03 -0.0167497
0.04 -0.0221252
0.05 -0.0273956
0.06 -0.0325604
0.07 -0.0376187
0.08 -0.0425699
0.09 -0.0474134
0.1 -0.0521484
0.11 -0.0567744
0.12 -0.0612906
0.13 -0.0656965
0.14 -0.0699914
0.15 -0.0741748
0.16 -0.078246
0.17 -0.0822044
0.18 -0.0860496
0.19 -0.0897809
0.2 -0.0933978
0.21 -0.0968998
0.22 -0.100286
0.23 -0.103557
0.24 -0.106712
0.25 -0.109749
0.26 -0.11267
0.27 -0.115472
0.28 -0.118157
0.29 -0.120723
0.3 -0.123171
0.31 -0.125499
0.32 -0.127708
0.33 -0.129797
0.34 -0.131766
0.35 -0.133615
0.36 -0.135344
0.37 -0.136951
0.38 -0.138438
0.39 -0.139804
0.4 -0.141049
0.41 -0.142172
0.42 -0.143173
0.43 -0.144054
0.44 -0.144812
0.45 -0.145449
0.46 -0.145964
0.47 -0.146358
0.48 -0.146629
0.49 -0.14678
0.5 -0.146808
0.51 -0.146715
0.52 -0.146501
0.53 -0.146166
0.54 -0.145709
0.55 -0.145132
0.56 -0.144433
0.57 -0.143615
0.58 -0.142676
0.59 -0.141616
0.6 -0.140438
0.61 -0.139139
0.62 -0.137721
0.63 -0.136185
0.64 -0.13453
0.65 -0.132756
0.66 -0.130865
0.67 -0.128857
0.68 -0.126731
0.69 -0.124489
0.7 -0.122131
0.71 -0.119657
0.72 -0.117067
0.73 -0.114363
0.74 -0.111545
0.75 -0.108613
0.76 -0.105567
0.77 -0.102409
0.78 -0.0991387
0.79 -0.0957567
0.8 -0.0922637
0.81 -0.0886601
0.82 -0.0849466
0.83 -0.0811237
0.84 -0.0771921
0.85 -0.0731523
0.86 -0.069005
0.87 -0.0647508
0.88 -0.0603902
0.89 -0.055924
0.9 -0.0513527
0.91 -0.0466769
0.92 -0.0418974
0.93 -0.0370146
0.94 -0.0320294
0.95 -0.0269422
0.96 -0.0217538
0.97 -0.0164647
0.98 -0.0110756
0.99 -0.00558718
1 0


0 -0
0.01 -0.00549745
0.02 -0.0108927
0.03 -0.0161853
0.04 -0.0213747
0.05 -0.0264603
0.06 -0.0314417
0.07 -0.0363183
0.08 -0.0410896
0.09 -0.0457551
0.1 -0.0503144
0.11 -0.0547669
0.12 -0.0591121
0.13 -0.0633497
0.14 -0.0674791
0.15 -0.0714999
0.16 -0.0754117
0.17 -0.079214
0.18 -0.0829064
0.19 -0.0864885
0.2 -0.0899599
0.21 -0.0933202
0.22 -0.096569
0.23 -0.0997061
0.24 -0.102731
0.25 -0.105643
0.26 -0.108443
0.27 -0.111129
0.28 -0.113702
0.29 -0.116162
0.3 -0.118507
0.31 -0.120738
0.32 -0.122855
0.33 -0.124857
0.34 -0.126744
0.35 -0.128516
0.36 -0.130173
0.37 -0.131715
0.38 -0.133141
0.39 -0.134451
0.4 -0.135645
0.41 -0.136724
0.42 -0.137687
0.43 -0.138533
0.44 -0.139264
0.45 -0.139878
0.46 -0.140377
0.47 -0.140759
0.48 -0.141025
0.49 -0.141175
0.5 -0.141209
0.51 -0.141127
0.52 -0.140929
0.53 -0.140616
0.54 -0.140186
0.55 -0.139642
0.56 -0.138981
0.57 -0.138206
0.58 -0.137315
0.59 -0.13631
0.6 -0.135189
0.61 -0.133955
0.62 -0.132606
0.63 -0.131143
0.64 -0.129566
0.65 -0.127875
0.66 -0.126072
0.67 -0.124155
0.68 -0.122126
0.69 -0.119985
0.7 -0.117731
0.71 -0.115366
0.72 -0.112889
0.73 -0.110302
0.74 -0.107604
0.75 -0.104795
0.76 -0.101877
0.77 -0.0988494
0.78 -0.0957127
0.79 -0.0924673
0.8 -0.0891137
0.81 -0.0856523
0.82 -0.0820835
0.83 -0.0784078
0.84 -0.0746255
0.85 -0.0707373
0.86 -0.0667434
0.87 -0.0626443
0.88 -0.0584406
0.89 -0.0541326
0.9 -0.0497209
0.91 -0.0452059
0.92 -0.040588
0.93 -0.0358678
0.94 -0.0310457
0.95 -0.0261222
0.96 -0.0210978
0.97 -0.0159729
0.98 -0.010748
0.99 -0.00542351
1 0


0 -0
0.01 -0.00535694
0.02 -0.0106123
0.03 -0.0157656
0.04 -0.0208165
0.05 -0.0257647
0.06 -0.0306096
0.07 -0.0353511
0.08 -0.0399886
0.09 -0.0445218
0.1 -0.0489503
0.11 -0.0532738
0.12 -0.057492
0.13 -0.0616044
0.14 -0.0656107
0.15 -0.0695107
0.16 -0.0733039
0.17 -0.0769901
0.18 -0.0805689
0.19 -0.0840401
0.2 -0.0874033
0.21 -0.0906583
0.22 -0.0938047
0.23 -0.0968424
0.24 -0.099771
0.25 -0.10259
0.26 -0.1053
0.27 -0.1079
0.28 -0.11039
0.29 -0.11277
0.3 -0.11504
0.31 -0.117199
0.32 -0.119247
0.33 -0.121184
0.34 -0.123011
0.35 -0.124726
0.36 -0.126329
0.37 -0.127822
0.38 -0.129202
0.39 -0.130472
0.4 -0.131629
0.41 -0.132674
0.42 -0.133608
0.43 -0.13443
0.44 -0.13514
0.45 -0.135738
0.46 -0.136224
0.47 -0.136597
0.48 -0.136859
0.49 -0.137009
0.5 -0.137047
0.51 -0.136974
0.52 -0.136788
0.53 -0.136491
0.54 -0.136082
0.55 -0.135561
0.56 -0.134929
0.57 -0.134186
0.58 -0.133331
0.59 -0.132366
0.6 -0.131289
0.61 -0.130102
0.62 -0.128804
0.63 -0.127396
0.64 -0.125877
0.65 -0.124248
0.66 -0.12251
0.67 -0.120662
0.68 -0.118704
0.69 -0.116638
0.7 -0.114462
0.71 -0.112178
0.72 -0.109785
0.73 -0.107284
0.74 -0.104675
0.75 -0.101959
0.76 -0.0991354
0.77 -0.0962047
0.78 -0.0931672
0.79 -0.0900234
0.8 -0.0867734
0.81 -0.0834177
0.82 -0.0799564
0.83 -0.07639
0.84 -0.0727187
0.85 -0.068943
0.86 -0.0650631
0.87 -0.0610794
0.88 -0.0569921
0.89 -0.0528018
0.9 -0.0485086
0.91 -0.044113
0.92 -0.0396153
0.93 -0.0350158
0.94 -0.030315
0.95 -0.0255131
0.96 -0.0206105
0.97 -0.0156075
0.98 -0.0105045
0.99 -0.00530192
1 0


0 -0
0.01 -0.00525248
0.02 -0.0104038
0.03 -0.0154535
0.04 -0.0204016
0.05 -0.0252475
0.06 -0.0299911
0.07 -0.034632
0.08 -0.03917
0.09 -0.0436049
0.1 -0.0479362
0.11 -0.0521638
0.12 -0.0562875
0.13 -0.0603069
0.14 -0.0642217
0.15 -0.0680318
0.16 -0.0717369
0.17 -0.0753368
0.18 -0.0788312
0.19 -0.0822199
0.2 -0.0855027
0.21 -0.0886794
0.22 -0.0917498
0.23 -0.0947136
0.24 -0.0975707
0.25 -0.100321
0.26 -0.102964
0.27 -0.1055
0.28 -0.107928
0.29 -0.110249
0.3 -0.112462
0.31 -0.114568
0.32 -0.116565
0.33 -0.118454
0.34 -0.120235
0.35 -0.121908
0.36 -0.123472
0.37 -0.124928
0.38 -0.126275
0.39 -0.127514
0.4 -0.128643
0.41 -0.129664
0.42 -0.130577
0.43 -0.13138
0.44 -0.132074
0.45 -0.13266
0.46 -0.133137
0.47 -0.133504
0.48 -0.133763
0.49 -0.133913
0.5 -0.133954
0.51 -0.133887
0.52 -0.13371
0.53 -0.133425
0.54 -0.133031
0.55 -0.132529
0.56 -0.131918
0.57 -0.131198
0.58 -0.130371
0.59 -0.129435
0.6 -0.128391
0.61 -0.127239
0.62 -0.125979
0.63 -0.124611
0.64 -0.123136
0.65 -0.121553
0.66 -0.119863
0.67 -0.118066
0.68 -0.116161
0.69 -0.11415
0.7 -0.112033
0.71 -0.109808
0.72 -0.107478
0.73 -0.105042
0.74 -0.102499
0.75 -0.0998513
0.76 -0.0970979
0.77 -0.0942393
0.78 -0.0912756
0.79 -0.0882072
0.8 -0.0850343
0.81 -0.081757
0.82 -0.0783757
0.83 -0.0748905
0.84 -0.0713018
0.85 -0.0676097
0.86 -0.0638145
0.87 -0.0599164
0.88 -0.0559158
0.89 -0.0518128
0.9 -0.0476078
0.91 -0.0433009
0.92 -0.0388925
0.93 -0.0343827
0.94 -0.0297719
0.95 -0.0250604
0.96 -0.0202483
0.97 -0.015336
0.98 -0.0103236
0.99 -0.00521156
1 0


0 -0
0.01 -0.00517482
0.02 -0.0102488
0.03 -0.0152216
0.04 -0.0200931
0.05 -0.024863
0.06 -0.0295313
0.07 -0.0340975
0.08 -0.0385616
0.09 -0.0429233
0.1 -0.0471824
0.11 -0.0513388
0.12 -0.0553922
0.13 -0.0593424
0.14 -0.0631892
0.15 -0.0669326
0.16 -0.0705722
0.17 -0.0741079
0.18 -0.0775396
0.19 -0.080867
0.2 -0.08409
0.21 -0.0872085
0.22 -0.0902223
0.23 -0.0931312
0.24 -0.0959351
0.25 -0.0986339
0.26 -0.101227
0.27 -0.103716
0.28 -0.106098
0.29 -0.108375
0.3 -0.110546
0.31 -0.112612
0.32 -0.114571
0.33 -0.116425
0.34 -0.118172
0.35 -0.119813
0.36 -0.121348
0.37 -0.122777
0.38 -0.124099
0.39 -0.125315
0.4 -0.126424
0.41 -0.127427
0.42 -0.128323
0.43 -0.129113
0.44 -0.129796
0.45 -0.130372
0.46 -0.130842
0.47 -0.131205
0.48 -0.131462
0.49 -0.131612
0.5 -0.131655
0.51 -0.131592
0.52 -0.131423
0.53 -0.131146
0.54 -0.130764
0.55 -0.130275
0.56 -0.12968
0.57 -0.128978
0.58 -0.12817
0.59 -0.127256
0.6 -0.126236
0.61 -0.125111
0.62 -0.123879
0.63 -0.122541
0.64 -0.121098
0.65 -0.11955
0.66 -0.117895
0.67 -0.116136
0.68 -0.114271
0.69 -0.112302
0.7 -0.110227
0.71 -0.108048
0.72 -0.105763
0.73 -0.103375
0.74 -0.100882
0.75 -0.0982848
0.76 -0.0955836
0.77 -0.0927786
0.78 -0.0898698
0.79 -0.0868575
0.8 -0.0837418
0.81 -0.0805228
0.82 -0.0772009
0.83 -0.0737761
0.84 -0.0702487
0.85 -0.0666187
0.86 -0.0628865
0.87 -0.0590521
0.88 -0.0551158
0.89 -0.0510778
0.9 -0.0469382
0.91 -0.0426973
0.92 -0.0383552
0.93 -0.0339122
0.94 -0.0293684
0.95 -0.024724
0.96 -0.0199792
0.97 -0.0151342
0.98 -0.0101892
0.99 -0.00514441
1 0


0 -0
0.01 -0.00511711
0.02 -0.0101336
0.03 -0.0150492
0.04 -0.0198638
0.05 -0.0245773
0.06 -0.0291895
0.07 -0.0337002
0.08 -0.0381093
0.09 -0.0424167
0.1 -0.0466221
0.11 -0.0507255
0.12 -0.0547267
0.13 -0.0586255
0.14 -0.0624218
0.15 -0.0661155
0.16 -0.0697064
0.17 -0.0731945
0.18 -0.0765795
0.19 -0.0798614
0.2 -0.08304
0.21 -0.0861152
0.22 -0.0890869
0.23 -0.091955
0.24 -0.0947195
0.25 -0.09738
0.26 -0.0999367
0.27 -0.102389
0.28 -0.104738
0.29 -0.106982
0.3 -0.109123
0.31 -0.111158
0.32 -0.11309
0.33 -0.114917
0.34 -0.116639
0.35 -0.118257
0.36 -0.11977
0.37 -0.121178
0.38 -0.122482
0.39 -0.123681
0.4 -0.124775
0.41 -0.125764
0.42 -0.126648
0.43 -0.127428
0.44 -0.128103
0.45 -0.128672
0.46 -0.129137
0.47 -0.129497
0.48 -0.129752
0.49 -0.129902
0.5 -0.129947
0.51 -0.129887
0.52 -0.129722
0.53 -0.129453
0.54 -0.129079
0.55 -0.1286
0.56 -0.128016
0.57 -0.127328
0.58 -0.126535
0.59 -0.125637
0.6 -0.124635
0.61 -0.123529
0.62 -0.122318
0.63 -0.121003
0.64 -0.119584
0.65 -0.118061
0.66 -0.116433
0.67 -0.114702
0.68 -0.112867
0.69 -0.110928
0.7 -0.108885
0.71 -0.106739
0.72 -0.104489
0.73 -0.102136
0.74 -0.0996799
0.75 -0.0971206
0.76 -0.0944582
0.77 -0.0916929
0.78 -0.0888249
0.79 -0.0858543
0.8 -0.0827811
0.81 -0.0796056
0.82 -0.0763278
0.83 -0.0729479
0.84 -0.069466
0.85 -0.0658822
0.86 -0.0621968
0.87 -0.0584097
0.88 -0.0545213
0.89 -0.0505315
0.9 -0.0464406
0.91 -0.0422487
0.92 -0.037956
0.93 -0.0335625
0.94 -0.0290684
0.95 -0.0244739
0.96 -0.0197791
0.97 -0.0149842
0.98 -0.0100893
0.99 -0.0050945
1 0


0 -0
0.01 -0.00507421
0.02 -0.0100479
0.03 -0.014921
0.04 -0.0196934
0.05 -0.0243649
0.06 -0.0289355
0.07 -0.0334049
0.08 -0.0377732
0.09 -0.0420402
0.1 -0.0462057
0.11 -0.0502697
0.12 -0.054232
0.13 -0.0580927
0.14 -0.0618514
0.15 -0.0655082
0.16 -0.069063
0.17 -0.0725156
0.18 -0.0758659
0.19 -0.0791139
0.2 -0.0822595
0.21 -0.0853026
0.22 -0.0882431
0.23 -0.0910809
0.24 -0.0938159
0.25 -0.0964481
0.26 -0.0989774
0.27 -0.101404
0.28 -0.103727
0.29 -0.105947
0.3 -0.108064
0.31 -0.110078
0.32 -0.111988
0.33 -0.113796
0.34 -0.115499
0.35 -0.1171
0.36 -0.118597
0.37 -0.11999
0.38 -0.12128
0.39 -0.122466
0.4 -0.123549
0.41 -0.124528
0.42 -0.125404
0.43 -0.126176
0.44 -0.126844
0.45 -0.127408
0.46 -0.127869
0.47 -0.128227
0.48 -0.12848
0.49 -0.12863
0.5 -0.128677
0.51 -0.128619
0.52 -0.128459
0.53 -0.128194
0.54 -0.127826
0.55 -0.127355
0.56 -0.12678
0.57 -0.126101
0.58 -0.125319
0.59 -0.124434
0.6 -0.123445
0.61 -0.122353
0.62 -0.121158
0.63 -0.11986
0.64 -0.118458
0.65 -0.116954
0.66 -0.115346
0.67 -0.113636
0.68 -0.111823
0.69 -0.109906
0.7 -0.107888
0.71 -0.105766
0.72 -0.103542
0.73 -0.101215
0.74 -0.0987865
0.75 -0.0962552
0.76 -0.0936217
0.77 -0.0908861
0.78 -0.0880483
0.79 -0.0851087
0.8 -0.0820671
0.81 -0.0789238
0.82 -0.0756788
0.83 -0.0723323
0.84 -0.0688842
0.85 -0.0653348
0.86 -0.0616841
0.87 -0.0579323
0.88 -0.0540794
0.89 -0.0501255
0.9 -0.0460708
0.91 -0.0419153
0.92 -0.0376592
0.93 -0.0333025
0.94 -0.0288455
0.95 -0.0242881
0.96 -0.0196305
0.97 -0.0148727
0.98 -0.010015
0.99 -0.0050574
1 0


0 -0
0.01 -0.00504232
0.02 -0.00998428
0.03 -0.0148258
0.04 -0.0195667
0.05 -0.0242071
0.06 -0.0287467
0.07 -0.0331855
0.08 -0.0375234
0.09 -0.0417603
0.1 -0.0458962
0.11 -0.0499309
0.12 -0.0538644
0.13 -0.0576966
0.14 -0.0614275
0.15 -0.0650568
0.16 -0.0685847
0.17 -0.072011
0.18 -0.0753356
0.19 -0.0785584
0.2 -0.0816795
0.21 -0.0846986
0.22 -0.0876159
0.23 -0.0904311
0.24 -0.0931443
0.25 -0.0957554
0.26 -0.0982644
0.27 -0.100671
0.28 -0.102976
0.29 -0.105178
0.3 -0.107277
0.31 -0.109275
0.32 -0.11117
0.33 -0.112962
0.34 -0.114652
0.35 -0.11624
0.36 -0.117725
0.37 -0.119107
0.38 -0.120387
0.39 -0.121564
0.4 -0.122638
0.41 -0.12361
0.42 -0.124479
0.43 -0.125245
0.44 -0.125908
0.45 -0.126469
0.46 -0.126927
0.47 -0.127283
0.48 -0.127535
0.49 -0.127685
0.5 -0.127733
0.51 -0.127677
0.52 -0.127519
0.53 -0.127259
0.54 -0.126895
0.55 -0.126429
0.56 -0.125861
0.57 -0.125189
0.58 -0.124416
0.59 -0.123539
0.6 -0.122561
0.61 -0.12148
0.62 -0.120296
0.63 -0.11901
0.64 -0.117622
0.65 -0.116131
0.66 -0.114539
0.67 -0.112844
0.68 -0.111047
0.69 -0.109147
0.7 -0.107146
0.71 -0.105043
0.72 -0.102838
0.73 -0.100531
0.74 -0.0981225
0.75 -0.0956121
0.76 -0.093
0.77 -0.0902863
0.78 -0.0874711
0.79 -0.0845545
0.8 -0.0815364
0.81 -0.0784171
0.82 -0.0751965
0.83 -0.0718747
0.84 -0.0684519
0.85 -0.064928
0.86 -0.0613031
0.87 -0.0575774
0.88 -0.0537509
0.89 -0.0498237
0.9 -0.0457959
0.91 -0.0416675
0.92 -0.0374386
0.93 -0.0331094
0.94 -0.0286798
0.95 -0.0241499
0.96 -0.01952
0.97 -0.0147899
0.98 -0.00995982
0.99 -0.00502983
1 0


0 -0
0.01 -0.00501862
0.02 -0.00993698
0.03 -0.014755
0.04 -0.0194726
0.05 -0.0240897
0.06 -0.0286063
0.07 -0.0330223
0.08 -0.0373377
0.09 -0.0415523
0.1 -0.0456661
0.11 -0.0496791
0.12 -0.0535912
0.13 -0.0574023
0.14 -0.0611124
0.15 -0.0647214
0.16 -0.0682292
0.17 -0.0716359
0.18 -0.0749414
0.19 -0.0781455
0.2 -0.0812483
0.21 -0.0842497
0.22 -0.0871497
0.23 -0.0899482
0.24 -0.0926452
0.25 -0.0952406
0.26 -0.0977344
0.27 -0.100127
0.28 -0.102417
0.29 -0.104606
0.3 -0.106693
0.31 -0.108678
0.32 -0.110561
0.33 -0.112343
0.34 -0.114023
0.35 -0.115601
0.36 -0.117076
0.37 -0.11845
0.38 -0.119722
0.39 -0.120893
0.4 -0.121961
0.41 -0.122927
0.42 -0.123791
0.43 -0.124553
0.44 -0.125213
0.45 -0.125771
0.46 -0.126227
0.47 -0.126581
0.48 -0.126833
0.49 -0.126983
0.5 -0.127031
0.51 -0.126977
0.52 -0.126821
0.53 -0.126563
0.54 -0.126203
0.55 -0.125741
0.56 -0.125178
0.57 -0.124512
0.58 -0.123744
0.59 -0.122875
0.6 -0.121903
0.61 -0.12083
0.62 -0.119655
0.63 -0.118379
0.64 -0.117
0.65 -0.11552
0.66 -0.113938
0.67 -0.112255
0.68 -0.11047
0.69 -0.108583
0.7 -0.106595
0.71 -0.104506
0.72 -0.102315
0.73 -0.100023
0.74 -0.097629
0.75 -0.0951341
0.76 -0.0925379
0.77 -0.0898406
0.78 -0.0870421
0.79 -0.0841426
0.8 -0.081142
0.81 -0.0780405
0.82 -0.074838
0.83 -0.0715347
0.84 -0.0681305
0.85 -0.0646256
0.86 -0.06102
0.87 -0.0573137
0.88 -0.0535068
0.89 -0.0495994
0.9 -0.0455916
0.91 -0.0414833
0.92 -0.0372747
0.93 -0.0329658
0.94 -0.0285566
0.95 -0.0240473
0.96 -0.0194378
0.97 -0.0147283
0.98 -0.0099188
0.99 -0.00500934
1 0


0 -0
0.01 -0.00500101
0.02 -0.00990182
0.03 -0.0147024
0.04 -0.0194026
0.05 -0.0240025
0.06 -0.028502
0.07 -0.0329011
0.08 -0.0371997
0.09 -0.0413977
0.1 -0.0454951
0.11 -0.0494919
0.12 -0.0533881
0.13 -0.0571835
0.14 -0.0608782
0.15 -0.064472
0.16 -0.067965
0.17 -0.0713572
0.18 -0.0746484
0.19 -0.0778386
0.2 -0.0809279
0.21 -0.0839161
0.22 -0.0868032
0.23 -0.0895893
0.24 -0.0922742
0.25 -0.0948579
0.26 -0.0973405
0.27 -0.0997218
0.28 -0.102002
0.29 -0.104181
0.3 -0.106258
0.31 -0.108234
0.32 -0.110109
0.33 -0.111883
0.34 -0.113555
0.35 -0.115125
0.36 -0.116595
0.37 -0.117963
0.38 -0.119229
0.39 -0.120394
0.4 -0.121457
0.41 -0.122419
0.42 -0.12328
0.43 -0.124039
0.44 -0.124696
0.45 -0.125252
0.46 -0.125707
0.47 -0.12606
0.48 -0.126311
0.49 -0.126461
0.5 -0.12651
0.51 -0.126457
0.52 -0.126302
0.53 -0.126046
0.54 -0.125689
0.55 -0.12523
0.56 -0.12467
0.57 -0.124008
0.58 -0.123245
0.59 -0.122381
0.6 -0.121415
0.61 -0.120348
0.62 -0.119179
0.63 -0.117909
0.64 -0.116538
0.65 -0.115066
0.66 -0.113492
0.67 -0.111817
0.68 -0.110041
0.69 -0.108164
0.7 -0.106186
0.71 -0.104106
0.72 -0.101926
0.73 -0.0996446
0.74 -0.0972621
0.75 -0.0947788
0.76 -0.0921945
0.77 -0.0895093
0.78 -0.0867233
0.79 -0.0838365
0.8 -0.0808489
0.81 -0.0777606
0.82 -0.0745715
0.83 -0.0712819
0.84 -0.0678916
0.85 -0.0644008
0.86 -0.0608095
0.87 -0.0571177
0.88 -0.0533254
0.89 -0.0494327
0.9 -0.0454397
0.91 -0.0413464
0.92 -0.0371529
0.93 -0.0328591
0.94 -0.0284651
0.95 -0.023971
0.96 -0.0193768
0.97 -0.0146825
0.98 -0.00988831
0.99 -0.00499411
1 0


0 -0
0.01 -0.00498792
0.02 -0.00987569
0.03 -0.0146633
0.04 -0.0193506
0.05 -0.0239377
0.06 -0.0284245
0.07 -0.032811
0.08 -0.0370971
0.09 -0.0412828
0.1 -0.045368
0.11 -0.0493528
0.12 -0.0532371
0.13 -0.0570209
0.14 -0.0607041
0.15 -0.0642867
0.16 -0.0677687
0.17 -0.07115
0.18 -0.0744306
0.19 -0.0776105
0.2 -0.0806897
0.21 -0.0836681
0.22 -0.0865457
0.23 -0.0893225
0.24 -0.0919985
0.25 -0.0945735
0.26 -0.0970477
0.27 -0.099421
0.28 -0.101693
0.29 -0.103865
0.3 -0.105935
0.31 -0.107905
0.32 -0.109773
0.33 -0.111541
0.34 -0.113207
0.35 -0.114772
0.36 -0.116237
0.37 -0.1176
0.38 -0.118862
0.39 -0.120023
0.4 -0.121083
0.41 -0.122042
0.42 -0.1229
0.43 -0.123657
0.44 -0.124312
0.45 -0.124867
0.46 -0.12532
0.47 -0.125672
0.48 -0.125923
0.49 -0.126073
0.5 -0.126122
0.51 -0.12607
0.52 -0.125917
0.53 -0.125662
0.54 -0.125307
0.55 -0.12485
0.56 -0.124293
0.57 -0.123634
0.58 -0.122874
0.59 -0.122013
0.6 -0.121052
0.61 -0.119989
0.62 -0.118825
0.63 -0.11756
0.64 -0.116195
0.65 -0.114728
0.66 -0.11316
0.67 -0.111492
0.68 -0.109723
0.69 -0.107852
0.7 -0.105881
0.71 -0.10381
0.72 -0.101637
0.73 -0.0993636
0.74 -0.0969895
0.75 -0.0945147
0.76 -0.0919392
0.77 -0.0892631
0.78 -0.0864863
0.79 -0.0836089
0.8 -0.080631
0.81 -0.0775525
0.82 -0.0743735
0.83 -0.071094
0.84 -0.0677141
0.85 -0.0642338
0.86 -0.060653
0.87 -0.056972
0.88 -0.0531905
0.89 -0.0493088
0.9 -0.0453269
0.91 -0.0412447
0.92 -0.0370623
0.93 -0.0327797
0.94 -0.0283971
0.95 -0.0239143
0.96 -0.0193314
0.97 -0.0146485
0.98 -0.00986564
0.99 -0.00498279
1 0


0 -0
0.01 -0.00497819
0.02 -0.00985626
0.03 -0.0146342
0.04 -0.019312
0.05 -0.0238895
0.06 -0.0283669
0.07 -0.032744
0.08 -0.0370208
0.09 -0.0411974
0.1 -0.0452736
0.11 -0.0492495
0.12 -0.0531249
0.13 -0.0569
0.14 -0.0605747
0.15 -0.0641489
0.16 -0.0676227
0.17 -0.070996
0.18 -0.0742688
0.19 -0.077441
0.2 -0.0805127
0.21 -0.0834838
0.22 -0.0863543
0.23 -0.0891242
0.24 -0.0917935
0.25 -0.0943622
0.26 -0.0968301
0.27 -0.0991975
0.28 -0.101464
0.29 -0.10363
0.3 -0.105695
0.31 -0.10766
0.32 -0.109523
0.33 -0.111286
0.34 -0.112949
0.35 -0.11451
0.36 -0.115971
0.37 -0.11733
0.38 -0.11859
0.39 -0.119748
0.4 -0.120805
0.41 -0.121762
0.42 -0.122618
0.43 -0.123373
0.44 -0.124027
0.45 -0.12458
0.46 -0.125032
0.47 -0.125384
0.48 -0.125635
0.49 -0.125785
0.5 -0.125834
0.51 -0.125782
0.52 -0.12563
0.53 -0.125377
0.54 -0.125023
0.55 -0.124568
0.56 -0.124012
0.57 -0.123356
0.58 -0.122598
0.59 -0.12174
0.6 -0.120782
0.61 -0.119722
0.62 -0.118562
0.63 -0.117301
0.64 -0.115939
0.65 -0.114477
0.66 -0.112914
0.67 -0.11125
0.68 -0.109486
0.69 -0.107621
0.7 -0.105655
0.71 -0.103589
0.72 -0.101422
0.73 -0.0991548
0.74 -0.0967869
0.75 -0.0943184
0.76 -0.0917495
0.77 -0.08908
0.78 -0.0863101
0.79 -0.0834398
0.8 -0.080469
0.81 -0.0773979
0.82 -0.0742263
0.83 -0.0709544
0.84 -0.0675822
0.85 -0.0641096
0.86 -0.0605368
0.87 -0.0568637
0.88 -0.0530903
0.89 -0.0492168
0.9 -0.045243
0.91 -0.0411691
0.92 -0.036995
0.93 -0.0327208
0.94 -0.0283465
0.95 -0.0238721
0.96 -0.0192977
0.97 -0.0146232
0.98 -0.0098488
0.99 -0.00497438
1 0


0 -0
0.01 -0.00497096
0.02 -0.00984183
0.03 -0.0146126
0.04 -0.0192832
0.05 -0.0238537
0.06 -0.0283241
0.07 -0.0326942
0.08 -0.0369642
0.09 -0.0411339
0.1 -0.0452034
0.11 -0.0491726
0.12 -0.0530416
0.13 -0.0568102
0.14 -0.0604786
0.15 -0.0640466
0.16 -0.0675142
0.17 -0.0708815
0.18 -0.0741485
0.19 -0.077315
0.2 -0.0803811
0.21 -0.0833468
0.22 -0.0862121
0.23 -0.0889769
0.24 -0.0916412
0.25 -0.0942051
0.26 -0.0966684
0.27 -0.0990313
0.28 -0.101294
0.29 -0.103455
0.3 -0.105517
0.31 -0.107478
0.32 -0.109338
0.33 -0.111097
0.34 -0.112756
0.35 -0.114315
0.36 -0.115773
0.37 -0.11713
0.38 -0.118387
0.39 -0.119543
0.4 -0.120599
0.41 -0.121553
0.42 -0.122408
0.43 -0.123161
0.44 -0.123815
0.45 -0.124367
0.46 -0.124819
0.47 -0.12517
0.48 -0.125421
0.49 -0.125571
0.5 -0.12562
0.51 -0.125569
0.52 -0.125417
0.53 -0.125165
0.54 -0.124812
0.55 -0.124358
0.56 -0.123804
0.57 -0.123149
0.58 -0.122393
0.59 -0.121538
0.6 -0.120581
0.61 -0.119524
0.62 -0.118366
0.63 -0.117108
0.64 -0.11575
0.65 -0.11429
0.66 -0.112731
0.67 -0.11107
0.68 -0.10931
0.69 -0.107449
0.7 -0.105487
0.71 -0.103425
0.72 -0.101262
0.73 -0.0989996
0.74 -0.0966362
0.75 -0.0941725
0.76 -0.0916085
0.77 -0.088944
0.78 -0.0861792
0.79 -0.0833141
0.8 -0.0803487
0.81 -0.0772829
0.82 -0.0741169
0.83 -0.0708506
0.84 -0.0674841
0.85 -0.0640173
0.86 -0.0604504
0.87 -0.0567832
0.88 -0.0530158
0.89 -0.0491483
0.9 -0.0451806
0.91 -0.0411129
0.92 -0.036945
0.93 -0.032677
0.94 -0.0283089
0.95 -0.0238408
0.96 -0.0192726
0.97 -0.0146045
0.98 -0.00983628
0.99 -0.00496812
1 0


0 -0
0.01 -0.00496605
0.02 -0.00983203
0.03 -0.0145979
0.04 -0.0192637
0.05 -0.0238294
0.06 -0.028295
0.07 -0.0326604
0.08 -0.0369257
0.09 -0.0410908
0.1 -0.0451558
0.11 -0.0491205
0.12 -0.052985
0.13 -0.0567493
0.14 -0.0604133
0.15 -0.0639771
0.16 -0.0674406
0.17 -0.0708039
0.18 -0.0740668
0.19 -0.0772295
0.2 -0.0802918
0.21 -0.0832539
0.22 -0.0861155
0.23 -0.0888769
0.24 -0.0915378
0.25 -0.0940985
0.26 -0.0965587
0.27 -0.0989185
0.28 -0.101178
0.29 -0.103337
0.3 -0.105396
0.31 -0.107354
0.32 -0.109212
0.33 -0.110969
0.34 -0.112626
0.35 -0.114183
0.36 -0.115639
0.37 -0.116994
0.38 -0.118249
0.39 -0.119404
0.4 -0.120458
0.41 -0.121412
0.42 -0.122265
0.43 -0.123018
0.44 -0.123671
0.45 -0.124222
0.46 -0.124674
0.47 -0.125025
0.48 -0.125275
0.49 -0.125425
0.5 -0.125475
0.51 -0.125424
0.52 -0.125272
0.53 -0.125021
0.54 -0.124668
0.55 -0.124215
0.56 -0.123662
0.57 -0.123009
0.58 -0.122254
0.59 -0.1214
0.6 -0.120445
0.61 -0.11939
0.62 -0.118234
0.63 -0.116977
0.64 -0.115621
0.65 -0.114164
0.66 -0.112606
0.67 -0.110949
0.68 -0.10919
0.69 -0.107332
0.7 -0.105373
0.71 -0.103314
0.72 -0.101154
0.73 -0.0988943
0.74 -0.0965341
0.75 -0.0940736
0.76 -0.0915128
0.77 -0.0888517
0.78 -0.0860904
0.79 -0.0832288
0.8 -0.080267
0.81 -0.077205
0.82 -0.0740427
0.83 -0.0707802
0.84 -0.0674176
0.85 -0.0639547
0.86 -0.0603917
0.87 -0.0567286
0.88 -0.0529653
0.89 -0.0491019
0.9 -0.0451383
0.91 -0.0410747
0.92 -0.036911
0.93 -0.0326472
0.94 -0.0282834
0.95 -0.0238195
0.96 -0.0192556
0.97 -0.0145917
0.98 -0.00982779
0.99 -0.00496388
1 0
