0 0.2
0.01 0.201201
0.02 0.202603
0.03 0.204208
0.04 0.206015
0.05 0.208025
0.06 0.210239
0.07 0.212658
0.08 0.215283
0.09 0.218115
0.1 0.221154
0.11 0.224402
0.12 0.227861
0.13 0.231532
0.14 0.235415
0.15 0.239513
0.16 0.243827
0.17 0.248359
0.18 0.253111
0.19 0.258084
0.2 0.26328
0.21 0.268702
0.22 0.274351
0.23 0.28023
0.24 0.286341
0.25 0.292686
0.26 0.299268
0.27 0.30609
0.28 0.313153
0.29 0.320462
0.3 0.328018
0.31 0.335825
0.32 0.343886
0.33 0.352204
0.34 0.360781
0.35 0.369623
0.36 0.378731
0.37 0.38811
0.38 0.397762
0.39 0.407693
0.4 0.417906
0.41 0.428405
0.42 0.439193
0.43 0.450276
0.44 0.461657
0.45 0.473342
0.46 0.485334
0.47 0.497638
0.48 0.510259
0.49 0.523203
0.5 0.536473
0.51 0.550076
0.52 0.564017
0.53 0.5783
0.54 0.592933
0.55 0.60792
0.56 0.623267
0.57 0.63898
0.58 0.655066
0.59 0.671531
0.6 0.688381
0.61 0.705623
0.62 0.723264
0.63 0.74131
0.64 0.759769
0.65 0.778648
0.66 0.797954
0.67 0.817695
0.68 0.837878
0.69 0.858512
0.7 0.879604
0.71 0.901164
0.72 0.923198
0.73 0.945717
0.74 0.968728
0.75 0.992242
0.76 1.01627
0.77 1.04081
0.78 1.06589
0.79 1.0915
0.8 1.11766
0.81 1.14439
0.82 1.17169
0.83 1.19956
0.84 1.22803
0.85 1.2571
0.86 1.28679
0.87 1.31711
0.88 1.34806
0.89 1.37966
0.9 1.41193
0.91 1.44487
0.92 1.4785
0.93 1.51283
0.94 1.54788
0.95 1.58365
0.96 1.62017
0.97 1.65745
0.98 1.6955
0.99 1.73433
1 1.77397


0 0.2
0.01 0.192114
0.02 0.184482
0.03 0.177102
0.04 0.169971
0.05 0.163085
0.06 0.156443
0.07 0.15004
0.08 0.143875
0.09 0.137944
0.1 0.132247
0.11 0.126779
0.12 0.121539
0.13 0.116525
0.14 0.111735
0.15 0.107167
0.16 0.102818
0.17 0.0986881
0.18 0.0947741
0.19 0.0910749
0.2 0.0875889
0.21 0.0843147
0.22 0.081251
0.23 0.0783964
0.24 0.0757498
0.25 0.0733102
0.26 0.0710763
0.27 0.0690475
0.28 0.0672226
0.29 0.0656011
0.3 0.0641822
0.31 0.0629653
0.32 0.0619499
0.33 0.0611355
0.34 0.0605218
0.35 0.0601085
0.36 0.0598953
0.37 0.0598821
0.38 0.060069
0.39 0.0604559
0.4 0.061043
0.41 0.0618304
0.42 0.0628184
0.43 0.0640074
0.44 0.0653978
0.45 0.0669901
0.46 0.0687849
0.47 0.0707829
0.48 0.0729849
0.49 0.0753917
0.5 0.0780042
0.51 0.0808234
0.52 0.0838504
0.53 0.0870864
0.54 0.0905325
0.55 0.0941903
0.56 0.0980609
0.57 0.102146
0.58 0.106447
0.59 0.110966
0.6 0.115704
0.61 0.120664
0.62 0.125847
0.63 0.131255
0.64 0.136891
0.65 0.142756
0.66 0.148853
0.67 0.155184
0.68 0.161752
0.69 0.168559
0.7 0.175609
0.71 0.182903
0.72 0.190444
0.73 0.198236
0.74 0.206281
0.75 0.214584
0.76 0.223146
0.77 0.231971
0.78 0.241063
0.79 0.250426
0.8 0.260062
0.81 0.269976
0.82 0.280172
0.83 0.290654
0.84 0.301425
0.85 0.31249
0.86 0.323853
0.87 0.335519
0.88 0.347493
0.89 0.359778
0.9 0.372381
0.91 0.385305
0.92 0.398556
0.93 0.412138
0.94 0.426059
0.95 0.440322
0.96 0.454933
0.97 0.469899
0.98 0.485224
0.99 0.500916
1 0.516979


0 0.2
0.01 0.186666
0.02 0.173666
0.03 0.160994
0.04 0.148644
0.05 0.136613
0.06 0.124894
0.07 0.113483
0.08 0.102376
0.09 0.0915677
0.1 0.0810539
0.11 0.0708303
0.12 0.0608927
0.13 0.0512371
0.14 0.0418595
0.15 0.0327561
0.16 0.0239231
0.17 0.015357
0.18 0.00705429
0.19 -0.000988515
0.2 -0.00877466
0.21 -0.0163073
0.22 -0.0235896
0.23 -0.0306245
0.24 -0.0374148
0.25 -0.0439634
0.26 -0.0502729
0.27 -0.0563459
0.28 -0.062185
0.29 -0.0677924
0.3 -0.0731705
0.31 -0.0783216
0.32 -0.0832477
0.33 -0.0879508
0.34 -0.0924329
0.35 -0.0966959
0.36 -0.100741
0.37 -0.104571
0.38 -0.108187
0.39 -0.11159
0.4 -0.114781
0.41 -0.117763
0.42 -0.120536
0.43 -0.123102
0.44 -0.125461
0.45 -0.127614
0.46 -0.129563
0.47 -0.131308
0.48 -0.132851
0.49 -0.13419
0.5 -0.135328
0.51 -0.136265
0.52 -0.137001
0.53 -0.137536
0.54 -0.137871
0.55 -0.138006
0.56 -0.137941
0.57 -0.137676
0.58 -0.137211
0.59 -0.136545
0.6 -0.135679
0.61 -0.134613
0.62 -0.133345
0.63 -0.131876
0.64 -0.130204
0.65 -0.12833
0.66 -0.126252
0.67 -0.12397
0.68 -0.121483
0.69 -0.11879
0.7 -0.115889
0.71 -0.112781
0.72 -0.109463
0.73 -0.105934
0.74 -0.102193
0.75 -0.0982387
0.76 -0.0940692
0.77 -0.0896831
0.78 -0.0850785
0.79 -0.0802538
0.8 -0.075207
0.81 -0.0699362
0.82 -0.0644393
0.83 -0.0587141
0.84 -0.0527586
0.85 -0.0465702
0.86 -0.0401466
0.87 -0.0334853
0.88 -0.0265838
0.89 -0.0194392
0.9 -0.0120488
0.91 -0.00440969
0.92 0.00348107
0.93 0.0116266
0.94 0.0200301
0.95 0.0286948
0.96 0.0376242
0.97 0.0468217
0.98 0.0562909
0.99 0.0660355
1 0.0760594


0 0.2
0.01 0.185587
0.02 0.171525
0.03 0.157807
0.04 0.14443
0.05 0.131386
0.06 0.118671
0.07 0.10628
0.08 0.0942066
0.09 0.0824472
0.1 0.0709965
0.11 0.0598499
0.12 0.0490027
0.13 0.0384506
0.14 0.0281893
0.15 0.0182146
0.16 0.00852228
0.17 -0.000891469
0.18 -0.0100305
0.19 -0.0188987
0.2 -0.0274995
0.21 -0.0358365
0.22 -0.0439131
0.23 -0.0517327
0.24 -0.0592983
0.25 -0.0666132
0.26 -0.0736803
0.27 -0.0805024
0.28 -0.0870825
0.29 -0.0934232
0.3 -0.099527
0.31 -0.105397
0.32 -0.111034
0.33 -0.116442
0.34 -0.121623
0.35 -0.126578
0.36 -0.13131
0.37 -0.135821
0.38 -0.140113
0.39 -0.144187
0.4 -0.148045
0.41 -0.151688
0.42 -0.155119
0.43 -0.158338
0.44 -0.161347
0.45 -0.164148
0.46 -0.16674
0.47 -0.169126
0.48 -0.171306
0.49 -0.173282
0.5 -0.175054
0.51 -0.176623
0.52 -0.177989
0.53 -0.179153
0.54 -0.180116
0.55 -0.180878
0.56 -0.18144
0.57 -0.181801
0.58 -0.181962
0.59 -0.181923
0.6 -0.181684
0.61 -0.181245
0.62 -0.180606
0.63 -0.179766
0.64 -0.178726
0.65 -0.177485
0.66 -0.176042
0.67 -0.174397
0.68 -0.172549
0.69 -0.170498
0.7 -0.168243
0.71 -0.165783
0.72 -0.163116
0.73 -0.160243
0.74 -0.157162
0.75 -0.153871
0.76 -0.15037
0.77 -0.146657
0.78 -0.142731
0.79 -0.138589
0.8 -0.134232
0.81 -0.129656
0.82 -0.12486
0.83 -0.119842
0.84 -0.114601
0.85 -0.109134
0.86 -0.103439
0.87 -0.0975134
0.88 -0.0913556
0.89 -0.084963
0.9 -0.078333
0.91 -0.071463
0.92 -0.0643503
0.93 -0.0569923
0.94 -0.0493859
0.95 -0.0415282
0.96 -0.0334162
0.97 -0.0250467
0.98 -0.0164163
0.99 -0.00752178
1 0.00164042


0 0.2
0.01 0.185563
0.02 0.171476
0.03 0.157736
0.04 0.144335
0.05 0.131268
0.06 0.118531
0.07 0.106118
0.08 0.094023
0.09 0.0822422
0.1 0.0707704
0.11 0.0596031
0.12 0.0487355
0.13 0.0381633
0.14 0.0278822
0.15 0.0178879
0.16 0.00817638
0.17 -0.00125636
0.18 -0.0104142
0.19 -0.0193008
0.2 -0.0279198
0.21 -0.0362748
0.22 -0.0443692
0.23 -0.0522063
0.24 -0.0597893
0.25 -0.0671213
0.26 -0.0742052
0.27 -0.0810441
0.28 -0.0876407
0.29 -0.0939977
0.3 -0.100118
0.31 -0.106003
0.32 -0.111657
0.33 -0.11708
0.34 -0.122277
0.35 -0.127247
0.36 -0.131995
0.37 -0.136521
0.38 -0.140827
0.39 -0.144916
0.4 -0.148789
0.41 -0.152447
0.42 -0.155892
0.43 -0.159126
0.44 -0.162149
0.45 -0.164964
0.46 -0.167571
0.47 -0.169971
0.48 -0.172165
0.49 -0.174155
0.5 -0.175941
0.51 -0.177523
0.52 -0.178904
0.53 -0.180082
0.54 -0.181059
0.55 -0.181835
0.56 -0.18241
0.57 -0.182785
0.58 -0.18296
0.59 -0.182934
0.6 -0.182709
0.61 -0.182284
0.62 -0.181658
0.63 -0.180833
0.64 -0.179806
0.65 -0.178578
0.66 -0.177149
0.67 -0.175518
0.68 -0.173684
0.69 -0.171647
0.7 -0.169406
0.71 -0.16696
0.72 -0.164308
0.73 -0.161449
0.74 -0.158382
0.75 -0.155106
0.76 -0.151619
0.77 -0.147921
0.78 -0.144009
0.79 -0.139883
0.8 -0.13554
0.81 -0.130979
0.82 -0.126198
0.83 -0.121196
0.84 -0.11597
0.85 -0.110518
0.86 -0.104839
0.87 -0.0989294
0.88 -0.0927877
0.89 -0.0864112
0.9 -0.0797976
0.91 -0.0729441
0.92 -0.0658482
0.93 -0.0585071
0.94 -0.0509179
0.95 -0.0430776
0.96 -0.0349831
0.97 -0.0266313
0.98 -0.018019
0.99 -0.00914268
1 1.0423e-06


0 0.2
0.01 0.185563
0.02 0.171476
0.03 0.157736
0.04 0.144335
0.05 0.131268
0.06 0.118531
0.07 0.106117
0.08 0.0940228
0.09 0.082242
0.1 0.0707703
0.11 0.0596029
0.12 0.0487354
0.13 0.0381632
0.14 0.027882
0.15 0.0178877
0.16 0.00817616
0.17 -0.00125659
0.18 -0.0104144
0.19 -0.019301
0.2 -0.0279201
0.21 -0.0362751
0.22 -0.0443695
0.23 -0.0522066
0.24 -0.0597896
0.25 -0.0671216
0.26 -0.0742056
0.27 -0.0810445
0.28 -0.0876411
0.29 -0.0939981
0.3 -0.100118
0.31 -0.106004
0.32 -0.111657
0.33 -0.117081
0.34 -0.122277
0.35 -0.127248
0.36 -0.131995
0.37 -0.136521
0.38 -0.140828
0.39 -0.144917
0.4 -0.148789
0.41 -0.152447
0.42 -0.155893
0.43 -0.159126
0.44 -0.16215
0.45 -0.164965
0.46 -0.167571
0.47 -0.169972
0.48 -0.172166
0.49 -0.174156
0.5 -0.175941
0.51 -0.177524
0.52 -0.178904
0.53 -0.180082
0.54 -0.181059
0.55 -0.181835
0.56 -0.18241
0.57 -0.182785
0.58 -0.18296
0.59 -0.182935
0.6 -0.18271
0.61 -0.182284
0.62 -0.181659
0.63 -0.180833
0.64 -0.179807
0.65 -0.178579
0.66 -0.17715
0.67 -0.175519
0.68 -0.173685
0.69 -0.171648
0.7 -0.169407
0.71 -0.166961
0.72 -0.164309
0.73 -0.16145
0.74 -0.158383
0.75 -0.155107
0.76 -0.15162
0.77 -0.147922
0.78 -0.14401
0.79 -0.139883
0.8 -0.135541
0.81 -0.13098
0.82 -0.126199
0.83 -0.121197
0.84 -0.115971
0.85 -0.110519
0.86 -0.10484
0.87 -0.0989303
0.88 -0.0927886
0.89 -0.0864122
0.9 -0.0797985
0.91 -0.0729451
0.92 -0.0658492
0.93 -0.0585081
0.94 -0.0509188
0.95 -0.0430785
0.96 -0.0349841
0.97 -0.0266323
0.98 -0.01802
0.99 -0.00914371
1 1.90897e-10


0 0.2
0.01 0.185563
0.02 0.171476
0.03 0.157736
0.04 0.144335
0.05 0.131268
0.06 0.118531
0.07 0.106117
0.08 0.0940228
0.09 0.082242
0.1 0.0707703
0.11 0.0596029
0.12 0.0487354
0.13 0.0381632
0.14 0.027882
0.15 0.0178877
0.16 0.00817616
0.17 -0.00125659
0.18 -0.0104144
0.19 -0.019301
0.2 -0.0279201
0.21 -0.0362751
0.22 -0.0443695
0.23 -0.0522066
0.24 -0.0597896
0.25 -0.0671216
0.26 -0.0742056
0.27 -0.0810445
0.28 -0.0876411
0.29 -0.0939981
0.3 -0.100118
0.31 -0.106004
0.32 -0.111657
0.33 -0.117081
0.34 -0.122277
0.35 -0.127248
0.36 -0.131995
0.37 -0.136521
0.38 -0.140828
0.39 -0.144917
0.4 -0.148789
0.41 -0.152447
0.42 -0.155893
0.43 -0.159126
0.44 -0.16215
0.45 -0.164965
0.46 -0.167571
0.47 -0.169972
0.48 -0.172166
0.49 -0.174156
0.5 -0.175941
0.51 -0.177524
0.52 -0.178904
0.53 -0.180082
0.54 -0.181059
0.55 -0.181835
0.56 -0.18241
0.57 -0.182785
0.58 -0.18296
0.59 -0.182935
0.6 -0.18271
0.61 -0.182284
0.62 -0.181659
0.63 -0.180833
0.64 -0.179807
0.65 -0.178579
0.66 -0.17715
0.67 -0.175519
0.68 -0.173685
0.69 -0.171648
0.7 -0.169407
0.71 -0.166961
0.72 -0.164309
0.73 -0.16145
0.74 -0.158383
0.75 -0.155107
0.76 -0.15162
0.77 -0.147922
0.78 -0.14401
0.79 -0.139883
0.8 -0.135541
0.81 -0.13098
0.82 -0.126199
0.83 -0.121197
0.84 -0.115971
0.85 -0.110519
0.86 -0.10484
0.87 -0.0989303
0.88 -0.0927886
0.89 -0.0864122
0.9 -0.0797985
0.91 -0.0729451
0.92 -0.0658492
0.93 -0.0585081
0.94 -0.0509188
0.95 -0.0430785
0.96 -0.0349841
0.97 -0.0266323
0.98 -0.01802
0.99 -0.00914371
1 3.45592e-14
