iteracion	Valor r1	Valor r2
1 	 10	 10
2 	 10.0136	 9.96758
3 	 10.0136	 9.96758
4 	 10.0184	 9.96014
5 	 10.0273	 9.9493
6 	 10.0569	 9.9232
7 	 10.0832	 9.8981
8 	 10.1039	 9.88135
9 	 10.1184	 9.86548
10 	 10.1359	 9.85177
11 	 10.1504	 9.83581
12 	 10.1677	 9.82209
13 	 10.1821	 9.80609
14 	 10.1993	 9.7923
15 	 10.2136	 9.77628
16 	 10.2307	 9.76241
17 	 10.2449	 9.74636
18 	 10.262	 9.73242
19 	 10.2761	 9.71634
20 	 10.2932	 9.70231
21 	 10.3071	 9.6862
22 	 10.3241	 9.67209
23 	 10.338	 9.65595
24 	 10.355	 9.64175
25 	 10.3688	 9.62559
26 	 10.3857	 9.6113
27 	 10.3994	 9.5951
28 	 10.4163	 9.58072
29 	 10.4299	 9.56449
30 	 10.4468	 9.55002
31 	 10.4603	 9.53375
32 	 10.4771	 9.51919
33 	 10.4906	 9.50289
34 	 10.5074	 9.48823
35 	 10.5207	 9.47189
36 	 10.5376	 9.45713
37 	 10.5508	 9.44076
38 	 10.5676	 9.4259
39 	 10.5808	 9.40949
40 	 10.5976	 9.39453
41 	 10.6107	 9.37808
42 	 10.6275	 9.36302
43 	 10.6406	 9.34652
44 	 10.6573	 9.33137
45 	 10.6704	 9.31483
46 	 10.6871	 9.29957
47 	 10.7001	 9.28298
48 	 10.7168	 9.26762
49 	 10.7297	 9.25099
50 	 10.7465	 9.23552
51 	 10.7593	 9.21885
52 	 10.7761	 9.20327
53 	 10.7889	 9.18656
54 	 10.8056	 9.17088
55 	 10.8184	 9.15412
56 	 10.8352	 9.13832
57 	 10.8479	 9.12152
58 	 10.8647	 9.10562
59 	 10.8774	 9.08877
60 	 10.8942	 9.07275
61 	 10.9068	 9.05586
62 	 10.9237	 9.03974
63 	 10.9363	 9.0228
64 	 10.9531	 9.00656
65 	 10.9657	 8.98959
66 	 10.9826	 8.97323
67 	 10.9952	 8.95621
68 	 11.0121	 8.93975
69 	 11.0246	 8.92269
70 	 11.0416	 8.90611
71 	 11.0541	 8.88901
72 	 11.0711	 8.87232
73 	 11.0836	 8.85518
74 	 11.1006	 8.83838
75 	 11.1131	 8.8212
76 	 11.1302	 8.80429
77 	 11.1427	 8.78707
78 	 11.1598	 8.77005
79 	 11.1723	 8.7528
80 	 11.1895	 8.73567
81 	 11.202	 8.71838
82 	 11.2192	 8.70115
83 	 11.2317	 8.68383
84 	 11.249	 8.66649
85 	 11.2615	 8.64915
86 	 11.2788	 8.63171
87 	 11.2913	 8.61435
88 	 11.3088	 8.5968
89 	 11.3213	 8.57942
90 	 11.3388	 8.56178
91 	 11.3513	 8.54438
92 	 11.3689	 8.52665
93 	 11.3815	 8.50924
94 	 11.3992	 8.49142
95 	 11.4117	 8.47401
96 	 11.4295	 8.4561
97 	 11.4421	 8.43869
98 	 11.46	 8.4207
99 	 11.4726	 8.40329
100 	 11.4906	 8.38523
101 	 11.5033	 8.36784
102 	 11.5213	 8.34971
103 	 11.534	 8.33235
104 	 11.5522	 8.31415
105 	 11.565	 8.29682
106 	 11.5833	 8.27856
107 	 11.5961	 8.26128
108 	 11.6145	 8.24297
109 	 11.6274	 8.22574
110 	 11.6459	 8.2074
111 	 11.6589	 8.19023
112 	 11.6776	 8.17186
113 	 11.6906	 8.15476
114 	 11.7094	 8.13637
115 	 11.7225	 8.11937
116 	 11.7414	 8.10097
117 	 11.7546	 8.08407
118 	 11.7737	 8.06567
119 	 11.787	 8.04889
120 	 11.8063	 8.03051
121 	 11.8196	 8.01386
122 	 11.839	 7.99552
123 	 11.8525	 7.97902
124 	 11.8721	 7.96072
125 	 11.8856	 7.9444
126 	 11.9055	 7.92616
127 	 11.9191	 7.91002
128 	 11.9391	 7.89186
129 	 11.9528	 7.87594
130 	 11.9731	 7.85787
131 	 11.9869	 7.84218
132 	 12.0074	 7.82423
133 	 12.0214	 7.80879
134 	 12.0421	 7.79097
135 	 12.0562	 7.77581
136 	 12.0771	 7.75814
137 	 12.0913	 7.74329
138 	 12.1125	 7.72579
139 	 12.1269	 7.71127
140 	 12.1484	 7.69397
141 	 12.1629	 7.67979
142 	 12.1846	 7.6627
143 	 12.1993	 7.64891
144 	 12.2213	 7.63206
145 	 12.2362	 7.61867
146 	 12.2585	 7.60208
147 	 12.2735	 7.58912
148 	 12.2961	 7.5728
149 	 12.3114	 7.5603
150 	 12.3343	 7.54429
151 	 12.3497	 7.53227
152 	 12.373	 7.51657
153 	 12.3886	 7.50506
154 	 12.4123	 7.4897
155 	 12.4281	 7.47873
156 	 12.4521	 7.46372
157 	 12.4682	 7.4533
158 	 12.4926	 7.43867
159 	 12.5089	 7.42881
160 	 12.5336	 7.41457
161 	 12.5503	 7.40531
162 	 12.5754	 7.39147
163 	 12.5923	 7.38281
164 	 12.6179	 7.36939
165 	 12.6351	 7.36135
166 	 12.6611	 7.34835
167 	 12.6786	 7.34094
168 	 12.7051	 7.32837
169 	 12.723	 7.3216
170 	 12.75	 7.30947
171 	 12.7682	 7.30334
172 	 12.7957	 7.29164
173 	 12.8143	 7.28616
174 	 12.8424	 7.27489
175 	 12.8614	 7.27005
176 	 12.89	 7.25922
177 	 12.9096	 7.25502
178 	 12.9387	 7.24462
179 	 12.9588	 7.24104
180 	 12.9886	 7.23107
181 	 13.0093	 7.22811
182 	 13.0397	 7.21856
183 	 13.061	 7.2162
184 	 13.0922	 7.20707
185 	 13.1141	 7.20529
186 	 13.1461	 7.19657
187 	 13.1688	 7.19535
188 	 13.2016	 7.18704
189 	 13.2252	 7.18634
190 	 13.2589	 7.17845
191 	 13.2835	 7.17824
192 	 13.3181	 7.17078
193 	 13.3439	 7.17102
194 	 13.3795	 7.16402
195 	 13.4067	 7.16465
196 	 13.4433	 7.15816
197 	 13.472	 7.15909
198 	 13.5097	 7.15319
199 	 13.5402	 7.15432
200 	 13.5789	 7.14915
201 	 13.6115	 7.15031
202 	 13.651	 7.14608
203 	 13.6856	 7.14708
204 	 13.7255	 7.14399
205 	 13.7619	 7.14466
206 	 13.8015	 7.14286
207 	 13.8393	 7.14318
208 	 13.8783	 7.14252
209 	 13.9165	 7.14276
210 	 13.955	 7.14291
211 	 13.9932	 7.14343
212 	 14.0313	 7.14417
213 	 14.0693	 7.14522
214 	 14.1072	 7.14658
215 	 14.1448	 7.14832
216 	 14.1823	 7.15048
217 	 14.2195	 7.15316
218 	 14.2566	 7.15645
219 	 14.2934	 7.16049
220 	 14.33	 7.16545
221 	 14.3664	 7.17154
222 	 14.4027	 7.17902
223 	 14.439	 7.1882
224 	 14.4753	 7.19938
225 	 14.5115	 7.21277
226 	 14.5476	 7.22836
227 	 14.5833	 7.24584
228 	 14.6185	 7.26466
229 	 14.6533	 7.28434
230 	 14.6879	 7.30453
231 	 14.7222	 7.325
232 	 14.7565	 7.34566
233 	 14.7907	 7.36643
234 	 14.8248	 7.38731
235 	 14.8589	 7.40828
236 	 14.8929	 7.42933
237 	 14.9268	 7.45049
238 	 14.9607	 7.47174
239 	 14.9945	 7.4931
240 	 15.0283	 7.51457
241 	 15.0283	 7.51457
242 	 15.0283	 7.51457
243 	 15.0283	 7.51457
244 	 15.0282	 7.5145
245 	 15.028	 7.51439
246 	 15.0277	 7.51422
247 	 15.0275	 7.51404
248 	 15.0272	 7.51387
249 	 15.0269	 7.5137
250 	 15.0267	 7.51353
251 	 15.0264	 7.51337
252 	 15.0262	 7.51324
253 	 15.0261	 7.51317
254 	 15.026	 7.5131
255 	 15.0259	 7.51305
256 	 15.0258	 7.51299
257 	 15.0257	 7.51295
258 	 15.0257	 7.51291
259 	 15.0256	 7.51287
260 	 15.0256	 7.51284
261 	 15.0255	 7.51281
262 	 15.0255	 7.51279
263 	 15.0255	 7.51277
264 	 15.0254	 7.51275
265 	 15.0254	 7.51273
266 	 15.0254	 7.51271
267 	 15.0254	 7.5127
268 	 15.0253	 7.51269
269 	 15.0253	 7.51269
270 	 15.0253	 7.51268
271 	 15.0253	 7.51268
272 	 15.0253	 7.51267
273 	 15.0253	 7.51266
274 	 15.0253	 7.51265
275 	 15.0253	 7.51265
276 	 15.0253	 7.51264
277 	 15.0252	 7.51263
278 	 15.0252	 7.51263
279 	 15.0252	 7.51262
280 	 15.0252	 7.51262
281 	 15.0252	 7.51262
282 	 15.0252	 7.51261
283 	 15.0252	 7.51261
284 	 15.0252	 7.51261
285 	 15.0252	 7.51261
286 	 15.0252	 7.51261
287 	 15.0252	 7.51261
288 	 15.0252	 7.5126
289 	 15.0252	 7.5126
290 	 15.0252	 7.5126
291 	 15.0252	 7.5126
292 	 15.0252	 7.5126
293 	 15.0252	 7.5126
294 	 15.0252	 7.5126
295 	 15.0252	 7.5126
296 	 15.0252	 7.5126
297 	 15.0252	 7.5126
298 	 15.0252	 7.5126
299 	 15.0252	 7.51259
300 	 15.0252	 7.51259
301 	 15.0252	 7.51259
