0.005 0.999661
0.01 0.494955
0.015 -0.00977665
0.02 -0.0101408
0.025 -0.0100897
0.03 -0.0101055
0.035 -0.0100988
0.04 -0.0101022
0.045 -0.0101003
0.05 -0.0101015
0.055 -0.0101007
0.06 -0.0101012
0.065 -0.0101009
0.07 -0.0101011
0.075 -0.0101009
0.08 -0.0101011
0.085 -0.010101
0.09 -0.010101
0.095 -0.010101
0.1 -0.010101
0.105 -0.010101
0.11 -0.010101
0.115 -0.010101
0.12 -0.010101
0.125 -0.010101
0.13 -0.010101
0.135 -0.010101
0.14 -0.010101
0.145 -0.010101
0.15 -0.010101
0.155 -0.010101
0.16 -0.010101
0.165 -0.010101
0.17 -0.010101
0.175 -0.010101
0.18 -0.010101
0.185 -0.010101
0.19 -0.010101
0.195 -0.010101
0.2 -0.010101
0.205 -0.010101
0.21 -0.010101
0.215 -0.010101
0.22 -0.010101
0.225 -0.010101
0.23 -0.010101
0.235 -0.010101
0.24 -0.010101
0.245 -0.010101
0.25 -0.010101
0.255 -0.010101
0.26 -0.010101
0.265 -0.010101
0.27 -0.010101
0.275 -0.010101
0.28 -0.010101
0.285 -0.010101
0.29 -0.010101
0.295 -0.010101
0.3 -0.010101
0.305 -0.010101
0.31 -0.010101
0.315 -0.010101
0.32 -0.010101
0.325 -0.010101
0.33 -0.010101
0.335 -0.010101
0.34 -0.010101
0.345 -0.010101
0.35 -0.010101
0.355 -0.010101
0.36 -0.010101
0.365 -0.010101
0.37 -0.010101
0.375 -0.010101
0.38 -0.010101
0.385 -0.010101
0.39 -0.010101
0.395 -0.010101
0.4 -0.010101
0.405 -0.010101
0.41 -0.010101
0.415 -0.010101
0.42 -0.010101
0.425 -0.010101
0.43 -0.010101
0.435 -0.010101
0.44 -0.010101
0.445 -0.010101
0.45 -0.010101
0.455 -0.010101
0.46 -0.010101
0.465 -0.010101
0.47 -0.010101
0.475 -0.010101
0.48 -0.010101
0.485 -0.010101
0.49 -0.010101
0.495 -0.010101
0.5 -0.010101
0.505 -0.010101
0.51 -0.010101
0.515 -0.010101
0.52 -0.010101
0.525 -0.010101
0.53 -0.010101
0.535 -0.010101
0.54 -0.010101
0.545 -0.010101
0.55 -0.010101
0.555 -0.010101
0.56 -0.010101
0.565 -0.010101
0.57 -0.010101
0.575 -0.010101
0.58 -0.010101
0.585 -0.010101
0.59 -0.010101
0.595 -0.010101
0.6 -0.010101
0.605 -0.010101
0.61 -0.010101
0.615 -0.010101
0.62 -0.010101
0.625 -0.010101
0.63 -0.010101
0.635 -0.010101
0.64 -0.010101
0.645 -0.010101
0.65 -0.010101
0.655 -0.010101
0.66 -0.010101
0.665 -0.010101
0.67 -0.010101
0.675 -0.010101
0.68 -0.010101
0.685 -0.010101
0.69 -0.010101
0.695 -0.010101
0.7 -0.010101
0.705 -0.010101
0.71 -0.010101
0.715 -0.010101
0.72 -0.010101
0.725 -0.010101
0.73 -0.010101
0.735 -0.010101
0.74 -0.010101
0.745 -0.010101
0.75 -0.010101
0.755 -0.010101
0.76 -0.010101
0.765 -0.010101
0.77 -0.010101
0.775 -0.010101
0.78 -0.010101
0.785 -0.010101
0.79 -0.010101
0.795 -0.010101
0.8 -0.010101
0.805 -0.010101
0.81 -0.010101
0.815 -0.010101
0.82 -0.010101
0.825 -0.010101
0.83 -0.010101
0.835 -0.010101
0.84 -0.010101
0.845 -0.010101
0.85 -0.010101
0.855 -0.010101
0.86 -0.010101
0.865 -0.010101
0.87 -0.010101
0.875 -0.010101
0.88 -0.010101
0.885 -0.010101
0.89 -0.010101
0.895 -0.010101
0.9 -0.010101
0.905 -0.010101
0.91 -0.010101
0.915 -0.010101
0.92 -0.010101
0.925 -0.010101
0.93 -0.010101
0.935 -0.010101
0.94 -0.010101
0.945 -0.010101
0.95 -0.010101
0.955 -0.010101
0.96 -0.010101
0.965 -0.010101
0.97 -0.010101
0.975 -0.010101
0.98 -0.010101
0.985 -0.010101
0.99 -0.010101
0.995 -0.010101
1 -0.010101
1.005 -0.010101
1.01 -0.010101
1.015 -0.010101
1.02 -0.010101
1.025 -0.010101
1.03 -0.010101
1.035 -0.010101
1.04 -0.010101
1.045 -0.010101
1.05 -0.010101
1.055 -0.010101
1.06 -0.010101
1.065 -0.010101
1.07 -0.010101
1.075 -0.010101
1.08 -0.010101
1.085 -0.010101
1.09 -0.010101
1.095 -0.010101
1.1 -0.010101
1.105 -0.010101
1.11 -0.010101
1.115 -0.010101
1.12 -0.010101
1.125 -0.010101
1.13 -0.010101
1.135 -0.010101
1.14 -0.010101
1.145 -0.010101
1.15 -0.010101
1.155 -0.010101
1.16 -0.010101
1.165 -0.010101
1.17 -0.010101
1.175 -0.010101
1.18 -0.010101
1.185 -0.010101
1.19 -0.010101
1.195 -0.010101
1.2 -0.010101
1.205 -0.010101
1.21 -0.010101
1.215 -0.010101
1.22 -0.010101
1.225 -0.010101
1.23 -0.010101
1.235 -0.010101
1.24 -0.010101
1.245 -0.010101
1.25 -0.010101
1.255 -0.010101
1.26 -0.010101
1.265 -0.010101
1.27 -0.010101
1.275 -0.010101
1.28 -0.010101
1.285 -0.010101
1.29 -0.010101
1.295 -0.010101
1.3 -0.010101
1.305 -0.010101
1.31 -0.010101
1.315 -0.010101
1.32 -0.010101
1.325 -0.010101
1.33 -0.010101
1.335 -0.010101
1.34 -0.010101
1.345 -0.010101
1.35 -0.010101
1.355 -0.010101
1.36 -0.010101
1.365 -0.010101
1.37 -0.010101
1.375 -0.010101
1.38 -0.010101
1.385 -0.010101
1.39 -0.010101
1.395 -0.010101
1.4 -0.010101
1.405 -0.010101
1.41 -0.010101
1.415 -0.010101
1.42 -0.010101
1.425 -0.010101
1.43 -0.010101
1.435 -0.010101
1.44 -0.010101
1.445 -0.010101
1.45 -0.010101
1.455 -0.010101
1.46 -0.010101
1.465 -0.010101
1.47 -0.010101
1.475 -0.010101
1.48 -0.010101
1.485 -0.010101
1.49 -0.010101
1.495 -0.010101
1.5 -0.010101
1.505 -0.010101
1.51 -0.010101
1.515 -0.010101
1.52 -0.010101
1.525 -0.010101
1.53 -0.010101
1.535 -0.010101
1.54 -0.010101
1.545 -0.010101
1.55 -0.010101
1.555 -0.010101
1.56 -0.010101
1.565 -0.010101
1.57 -0.010101
1.575 -0.010101
1.58 -0.010101
1.585 -0.010101
1.59 -0.010101
1.595 -0.010101
1.6 -0.010101
1.605 -0.010101
1.61 -0.010101
1.615 -0.010101
1.62 -0.010101
1.625 -0.010101
1.63 -0.010101
1.635 -0.010101
1.64 -0.010101
1.645 -0.010101
1.65 -0.010101
1.655 -0.010101
1.66 -0.010101
1.665 -0.010101
1.67 -0.010101
1.675 -0.010101
1.68 -0.010101
1.685 -0.010101
1.69 -0.010101
1.695 -0.010101
1.7 -0.010101
1.705 -0.010101
1.71 -0.010101
1.715 -0.010101
1.72 -0.010101
1.725 -0.010101
1.73 -0.010101
1.735 -0.010101
1.74 -0.010101
1.745 -0.010101
1.75 -0.010101
1.755 -0.010101
1.76 -0.010101
1.765 -0.010101
1.77 -0.010101
1.775 -0.010101
1.78 -0.010101
1.785 -0.010101
1.79 -0.010101
1.795 -0.010101
1.8 -0.010101
1.805 -0.010101
1.81 -0.010101
1.815 -0.010101
1.82 -0.010101
1.825 -0.010101
1.83 -0.010101
1.835 -0.010101
1.84 -0.010101
1.845 -0.010101
1.85 -0.010101
1.855 -0.010101
1.86 -0.010101
1.865 -0.010101
1.87 -0.010101
1.875 -0.010101
1.88 -0.010101
1.885 -0.010101
1.89 -0.010101
1.895 -0.010101
1.9 -0.010101
1.905 -0.010101
1.91 -0.010101
1.915 -0.010101
1.92 -0.0101011
1.925 -0.0101009
1.93 -0.0101011
1.935 -0.0101009
1.94 -0.0101012
1.945 -0.0101007
1.95 -0.0101015
1.955 -0.0101003
1.96 -0.0101022
1.965 -0.0100988
1.97 -0.0101055
1.975 -0.0100897
1.98 -0.0101408
1.985 -0.00977665
1.99 0.494955
1.995 0.999661
2 1.00008
2.005 0.999661
2.01 0.494955
2.015 -0.00977665
2.02 -0.0101408
2.025 -0.0100897
2.03 -0.0101055
2.035 -0.0100988
2.04 -0.0101022
2.045 -0.0101003
2.05 -0.0101015
2.055 -0.0101007
2.06 -0.0101012
2.065 -0.0101009
2.07 -0.0101011
2.075 -0.0101009
2.08 -0.0101011
2.085 -0.010101
2.09 -0.010101
2.095 -0.010101
2.1 -0.010101
2.105 -0.010101
2.11 -0.010101
2.115 -0.010101
2.12 -0.010101
2.125 -0.010101
2.13 -0.010101
2.135 -0.010101
2.14 -0.010101
2.145 -0.010101
2.15 -0.010101
2.155 -0.010101
2.16 -0.010101
2.165 -0.010101
2.17 -0.010101
2.175 -0.010101
2.18 -0.010101
2.185 -0.010101
2.19 -0.010101
2.195 -0.010101
2.2 -0.010101
2.205 -0.010101
2.21 -0.010101
2.215 -0.010101
2.22 -0.010101
2.225 -0.010101
2.23 -0.010101
2.235 -0.010101
2.24 -0.010101
2.245 -0.010101
2.25 -0.010101
2.255 -0.010101
2.26 -0.010101
2.265 -0.010101
2.27 -0.010101
2.275 -0.010101
2.28 -0.010101
2.285 -0.010101
2.29 -0.010101
2.295 -0.010101
2.3 -0.010101
2.305 -0.010101
2.31 -0.010101
2.315 -0.010101
2.32 -0.010101
2.325 -0.010101
2.33 -0.010101
2.335 -0.010101
2.34 -0.010101
2.345 -0.010101
2.35 -0.010101
2.355 -0.010101
2.36 -0.010101
2.365 -0.010101
2.37 -0.010101
2.375 -0.010101
2.38 -0.010101
2.385 -0.010101
2.39 -0.010101
2.395 -0.010101
2.4 -0.010101
2.405 -0.010101
2.41 -0.010101
2.415 -0.010101
2.42 -0.010101
2.425 -0.010101
2.43 -0.010101
2.435 -0.010101
2.44 -0.010101
2.445 -0.010101
2.45 -0.010101
2.455 -0.010101
2.46 -0.010101
2.465 -0.010101
2.47 -0.010101
2.475 -0.010101
2.48 -0.010101
2.485 -0.010101
2.49 -0.010101
2.495 -0.010101
2.5 -0.010101
2.505 -0.010101
2.51 -0.010101
2.515 -0.010101
2.52 -0.010101
2.525 -0.010101
2.53 -0.010101
2.535 -0.010101
2.54 -0.010101
2.545 -0.010101
2.55 -0.010101
2.555 -0.010101
2.56 -0.010101
2.565 -0.010101
2.57 -0.010101
2.575 -0.010101
2.58 -0.010101
2.585 -0.010101
2.59 -0.010101
2.595 -0.010101
2.6 -0.010101
2.605 -0.010101
2.61 -0.010101
2.615 -0.010101
2.62 -0.010101
2.625 -0.010101
2.63 -0.010101
2.635 -0.010101
2.64 -0.010101
2.645 -0.010101
2.65 -0.010101
2.655 -0.010101
2.66 -0.010101
2.665 -0.010101
2.67 -0.010101
2.675 -0.010101
2.68 -0.010101
2.685 -0.010101
2.69 -0.010101
2.695 -0.010101
2.7 -0.010101
2.705 -0.010101
2.71 -0.010101
2.715 -0.010101
2.72 -0.010101
2.725 -0.010101
2.73 -0.010101
2.735 -0.010101
2.74 -0.010101
2.745 -0.010101
2.75 -0.010101
2.755 -0.010101
2.76 -0.010101
2.765 -0.010101
2.77 -0.010101
2.775 -0.010101
2.78 -0.010101
2.785 -0.010101
2.79 -0.010101
2.795 -0.010101
2.8 -0.010101
2.805 -0.010101
2.81 -0.010101
2.815 -0.010101
2.82 -0.010101
2.825 -0.010101
2.83 -0.010101
2.835 -0.010101
2.84 -0.010101
2.845 -0.010101
2.85 -0.010101
2.855 -0.010101
2.86 -0.010101
2.865 -0.010101
2.87 -0.010101
2.875 -0.010101
2.88 -0.010101
2.885 -0.010101
2.89 -0.010101
2.895 -0.010101
2.9 -0.010101
2.905 -0.010101
2.91 -0.010101
2.915 -0.010101
2.92 -0.010101
2.925 -0.010101
2.93 -0.010101
2.935 -0.010101
2.94 -0.010101
2.945 -0.010101
2.95 -0.010101
2.955 -0.010101
2.96 -0.010101
2.965 -0.010101
2.97 -0.010101
2.975 -0.010101
2.98 -0.010101
2.985 -0.010101
2.99 -0.010101
2.995 -0.010101
3 -0.010101
3.005 -0.010101
3.01 -0.010101
3.015 -0.010101
3.02 -0.010101
3.025 -0.010101
3.03 -0.010101
3.035 -0.010101
3.04 -0.010101
3.045 -0.010101
3.05 -0.010101
3.055 -0.010101
3.06 -0.010101
3.065 -0.010101
3.07 -0.010101
3.075 -0.010101
3.08 -0.010101
3.085 -0.010101
3.09 -0.010101
3.095 -0.010101
3.1 -0.010101
3.105 -0.010101
3.11 -0.010101
3.115 -0.010101
3.12 -0.010101
3.125 -0.010101
3.13 -0.010101
3.135 -0.010101
3.14 -0.010101
3.145 -0.010101
3.15 -0.010101
3.155 -0.010101
3.16 -0.010101
3.165 -0.010101
3.17 -0.010101
3.175 -0.010101
3.18 -0.010101
3.185 -0.010101
3.19 -0.010101
3.195 -0.010101
3.2 -0.010101
3.205 -0.010101
3.21 -0.010101
3.215 -0.010101
3.22 -0.010101
3.225 -0.010101
3.23 -0.010101
3.235 -0.010101
3.24 -0.010101
3.245 -0.010101
3.25 -0.010101
3.255 -0.010101
3.26 -0.010101
3.265 -0.010101
3.27 -0.010101
3.275 -0.010101
3.28 -0.010101
3.285 -0.010101
3.29 -0.010101
3.295 -0.010101
3.3 -0.010101
3.305 -0.010101
3.31 -0.010101
3.315 -0.010101
3.32 -0.010101
3.325 -0.010101
3.33 -0.010101
3.335 -0.010101
3.34 -0.010101
3.345 -0.010101
3.35 -0.010101
3.355 -0.010101
3.36 -0.010101
3.365 -0.010101
3.37 -0.010101
3.375 -0.010101
3.38 -0.010101
3.385 -0.010101
3.39 -0.010101
3.395 -0.010101
3.4 -0.010101
3.405 -0.010101
3.41 -0.010101
3.415 -0.010101
3.42 -0.010101
3.425 -0.010101
3.43 -0.010101
3.435 -0.010101
3.44 -0.010101
3.445 -0.010101
3.45 -0.010101
3.455 -0.010101
3.46 -0.010101
3.465 -0.010101
3.47 -0.010101
3.475 -0.010101
3.48 -0.010101
3.485 -0.010101
3.49 -0.010101
3.495 -0.010101
3.5 -0.010101
3.505 -0.010101
3.51 -0.010101
3.515 -0.010101
3.52 -0.010101
3.525 -0.010101
3.53 -0.010101
3.535 -0.010101
3.54 -0.010101
3.545 -0.010101
3.55 -0.010101
3.555 -0.010101
3.56 -0.010101
3.565 -0.010101
3.57 -0.010101
3.575 -0.010101
3.58 -0.010101
3.585 -0.010101
3.59 -0.010101
3.595 -0.010101
3.6 -0.010101
3.605 -0.010101
3.61 -0.010101
3.615 -0.010101
3.62 -0.010101
3.625 -0.010101
3.63 -0.010101
3.635 -0.010101
3.64 -0.010101
3.645 -0.010101
3.65 -0.010101
3.655 -0.010101
3.66 -0.010101
3.665 -0.010101
3.67 -0.010101
3.675 -0.010101
3.68 -0.010101
3.685 -0.010101
3.69 -0.010101
3.695 -0.010101
3.7 -0.010101
3.705 -0.010101
3.71 -0.010101
3.715 -0.010101
3.72 -0.010101
3.725 -0.010101
3.73 -0.010101
3.735 -0.010101
3.74 -0.010101
3.745 -0.010101
3.75 -0.010101
3.755 -0.010101
3.76 -0.010101
3.765 -0.010101
3.77 -0.010101
3.775 -0.010101
3.78 -0.010101
3.785 -0.010101
3.79 -0.010101
3.795 -0.010101
3.8 -0.010101
3.805 -0.010101
3.81 -0.010101
3.815 -0.010101
3.82 -0.010101
3.825 -0.010101
3.83 -0.010101
3.835 -0.010101
3.84 -0.010101
3.845 -0.010101
3.85 -0.010101
3.855 -0.010101
3.86 -0.010101
3.865 -0.010101
3.87 -0.010101
3.875 -0.010101
3.88 -0.010101
3.885 -0.010101
3.89 -0.010101
3.895 -0.010101
3.9 -0.010101
3.905 -0.010101
3.91 -0.010101
3.915 -0.010101
3.92 -0.0101011
3.925 -0.0101009
3.93 -0.0101011
3.935 -0.0101009
3.94 -0.0101012
3.945 -0.0101007
3.95 -0.0101015
3.955 -0.0101003
3.96 -0.0101022
3.965 -0.0100988
3.97 -0.0101055
3.975 -0.0100897
3.98 -0.0101408
3.985 -0.00977665
3.99 0.494955
3.995 0.999661
4 1.00008
4.005 0.999661
4.01 0.494955
4.015 -0.00977665
4.02 -0.0101408
4.025 -0.0100897
4.03 -0.0101055
4.035 -0.0100988
4.04 -0.0101022
4.045 -0.0101003
4.05 -0.0101015
4.055 -0.0101007
4.06 -0.0101012
4.065 -0.0101009
4.07 -0.0101011
4.075 -0.0101009
4.08 -0.0101011
4.085 -0.010101
4.09 -0.010101
4.095 -0.010101
4.1 -0.010101
4.105 -0.010101
4.11 -0.010101
4.115 -0.010101
4.12 -0.010101
4.125 -0.010101
4.13 -0.010101
4.135 -0.010101
4.14 -0.010101
4.145 -0.010101
4.15 -0.010101
4.155 -0.010101
4.16 -0.010101
4.165 -0.010101
4.17 -0.010101
4.175 -0.010101
4.18 -0.010101
4.185 -0.010101
4.19 -0.010101
4.195 -0.010101
4.2 -0.010101
4.205 -0.010101
4.21 -0.010101
4.215 -0.010101
4.22 -0.010101
4.225 -0.010101
4.23 -0.010101
4.235 -0.010101
4.24 -0.010101
4.245 -0.010101
4.25 -0.010101
4.255 -0.010101
4.26 -0.010101
4.265 -0.010101
4.27 -0.010101
4.275 -0.010101
4.28 -0.010101
4.285 -0.010101
4.29 -0.010101
4.295 -0.010101
4.3 -0.010101
4.305 -0.010101
4.31 -0.010101
4.315 -0.010101
4.32 -0.010101
4.325 -0.010101
4.33 -0.010101
4.335 -0.010101
4.34 -0.010101
4.345 -0.010101
4.35 -0.010101
4.355 -0.010101
4.36 -0.010101
4.365 -0.010101
4.37 -0.010101
4.375 -0.010101
4.38 -0.010101
4.385 -0.010101
4.39 -0.010101
4.395 -0.010101
4.4 -0.010101
4.405 -0.010101
4.41 -0.010101
4.415 -0.010101
4.42 -0.010101
4.425 -0.010101
4.43 -0.010101
4.435 -0.010101
4.44 -0.010101
4.445 -0.010101
4.45 -0.010101
4.455 -0.010101
4.46 -0.010101
4.465 -0.010101
4.47 -0.010101
4.475 -0.010101
4.48 -0.010101
4.485 -0.010101
4.49 -0.010101
4.495 -0.010101
4.5 -0.010101
4.505 -0.010101
4.51 -0.010101
4.515 -0.010101
4.52 -0.010101
4.525 -0.010101
4.53 -0.010101
4.535 -0.010101
4.54 -0.010101
4.545 -0.010101
4.55 -0.010101
4.555 -0.010101
4.56 -0.010101
4.565 -0.010101
4.57 -0.010101
4.575 -0.010101
4.58 -0.010101
4.585 -0.010101
4.59 -0.010101
4.595 -0.010101
4.6 -0.010101
4.605 -0.010101
4.61 -0.010101
4.615 -0.010101
4.62 -0.010101
4.625 -0.010101
4.63 -0.010101
4.635 -0.010101
4.64 -0.010101
4.645 -0.010101
4.65 -0.010101
4.655 -0.010101
4.66 -0.010101
4.665 -0.010101
4.67 -0.010101
4.675 -0.010101
4.68 -0.010101
4.685 -0.010101
4.69 -0.010101
4.695 -0.010101
4.7 -0.010101
4.705 -0.010101
4.71 -0.010101
4.715 -0.010101
4.72 -0.010101
4.725 -0.010101
4.73 -0.010101
4.735 -0.010101
4.74 -0.010101
4.745 -0.010101
4.75 -0.010101
4.755 -0.010101
4.76 -0.010101
4.765 -0.010101
4.77 -0.010101
4.775 -0.010101
4.78 -0.010101
4.785 -0.010101
4.79 -0.010101
4.795 -0.010101
4.8 -0.010101
4.805 -0.010101
4.81 -0.010101
4.815 -0.010101
4.82 -0.010101
4.825 -0.010101
4.83 -0.010101
4.835 -0.010101
4.84 -0.010101
4.845 -0.010101
4.85 -0.010101
4.855 -0.010101
4.86 -0.010101
4.865 -0.010101
4.87 -0.010101
4.875 -0.010101
4.88 -0.010101
4.885 -0.010101
4.89 -0.010101
4.895 -0.010101
4.9 -0.010101
4.905 -0.010101
4.91 -0.010101
4.915 -0.010101
4.92 -0.010101
4.925 -0.010101
4.93 -0.010101
4.935 -0.010101
4.94 -0.010101
4.945 -0.010101
4.95 -0.010101
4.955 -0.010101
4.96 -0.010101
4.965 -0.010101
4.97 -0.010101
4.975 -0.010101
4.98 -0.010101
4.985 -0.010101
4.99 -0.010101
4.995 -0.010101
5 -0.010101
5.005 -0.010101
5.01 -0.010101
5.015 -0.010101
5.02 -0.010101
5.025 -0.010101
5.03 -0.010101
5.035 -0.010101
5.04 -0.010101
5.045 -0.010101
5.05 -0.010101
5.055 -0.010101
5.06 -0.010101
5.065 -0.010101
5.07 -0.010101
5.075 -0.010101
5.08 -0.010101
5.085 -0.010101
5.09 -0.010101
5.095 -0.010101
5.1 -0.010101
5.105 -0.010101
5.11 -0.010101
5.115 -0.010101
5.12 -0.010101
5.125 -0.010101
5.13 -0.010101
5.135 -0.010101
5.14 -0.010101
5.145 -0.010101
5.15 -0.010101
5.155 -0.010101
5.16 -0.010101
5.165 -0.010101
5.17 -0.010101
5.175 -0.010101
5.18 -0.010101
5.185 -0.010101
5.19 -0.010101
5.195 -0.010101
5.2 -0.010101
5.205 -0.010101
5.21 -0.010101
5.215 -0.010101
5.22 -0.010101
5.225 -0.010101
5.23 -0.010101
5.235 -0.010101
5.24 -0.010101
5.245 -0.010101
5.25 -0.010101
5.255 -0.010101
5.26 -0.010101
5.265 -0.010101
5.27 -0.010101
5.275 -0.010101
5.28 -0.010101
5.285 -0.010101
5.29 -0.010101
5.295 -0.010101
5.3 -0.010101
5.305 -0.010101
5.31 -0.010101
5.315 -0.010101
5.32 -0.010101
5.325 -0.010101
5.33 -0.010101
5.335 -0.010101
5.34 -0.010101
5.345 -0.010101
5.35 -0.010101
5.355 -0.010101
5.36 -0.010101
5.365 -0.010101
5.37 -0.010101
5.375 -0.010101
5.38 -0.010101
5.385 -0.010101
5.39 -0.010101
5.395 -0.010101
5.4 -0.010101
5.405 -0.010101
5.41 -0.010101
5.415 -0.010101
5.42 -0.010101
5.425 -0.010101
5.43 -0.010101
5.435 -0.010101
5.44 -0.010101
5.445 -0.010101
5.45 -0.010101
5.455 -0.010101
5.46 -0.010101
5.465 -0.010101
5.47 -0.010101
5.475 -0.010101
5.48 -0.010101
5.485 -0.010101
5.49 -0.010101
5.495 -0.010101
5.5 -0.010101
5.505 -0.010101
5.51 -0.010101
5.515 -0.010101
5.52 -0.010101
5.525 -0.010101
5.53 -0.010101
5.535 -0.010101
5.54 -0.010101
5.545 -0.010101
5.55 -0.010101
5.555 -0.010101
5.56 -0.010101
5.565 -0.010101
5.57 -0.010101
5.575 -0.010101
5.58 -0.010101
5.585 -0.010101
5.59 -0.010101
5.595 -0.010101
5.6 -0.010101
5.605 -0.010101
5.61 -0.010101
5.615 -0.010101
5.62 -0.010101
5.625 -0.010101
5.63 -0.010101
5.635 -0.010101
5.64 -0.010101
5.645 -0.010101
5.65 -0.010101
5.655 -0.010101
5.66 -0.010101
5.665 -0.010101
5.67 -0.010101
5.675 -0.010101
5.68 -0.010101
5.685 -0.010101
5.69 -0.010101
5.695 -0.010101
5.7 -0.010101
5.705 -0.010101
5.71 -0.010101
5.715 -0.010101
5.72 -0.010101
5.725 -0.010101
5.73 -0.010101
5.735 -0.010101
5.74 -0.010101
5.745 -0.010101
5.75 -0.010101
5.755 -0.010101
5.76 -0.010101
5.765 -0.010101
5.77 -0.010101
5.775 -0.010101
5.78 -0.010101
5.785 -0.010101
5.79 -0.010101
5.795 -0.010101
5.8 -0.010101
5.805 -0.010101
5.81 -0.010101
5.815 -0.010101
5.82 -0.010101
5.825 -0.010101
5.83 -0.010101
5.835 -0.010101
5.84 -0.010101
5.845 -0.010101
5.85 -0.010101
5.855 -0.010101
5.86 -0.010101
5.865 -0.010101
5.87 -0.010101
5.875 -0.010101
5.88 -0.010101
5.885 -0.010101
5.89 -0.010101
5.895 -0.010101
5.9 -0.010101
5.905 -0.010101
5.91 -0.010101
5.915 -0.010101
5.92 -0.0101011
5.925 -0.0101009
5.93 -0.0101011
5.935 -0.0101009
5.94 -0.0101012
5.945 -0.0101007
5.95 -0.0101015
5.955 -0.0101003
5.96 -0.0101022
5.965 -0.0100988
5.97 -0.0101055
5.975 -0.0100897
5.98 -0.0101408
5.985 -0.00977665
5.99 0.494955
5.995 0.999661
6 1.00008
6.005 0.999661
6.01 0.494955
6.015 -0.00977665
6.02 -0.0101408
6.025 -0.0100897
6.03 -0.0101055
6.035 -0.0100988
6.04 -0.0101022
6.045 -0.0101003
6.05 -0.0101015
6.055 -0.0101007
6.06 -0.0101012
6.065 -0.0101009
6.07 -0.0101011
6.075 -0.0101009
6.08 -0.0101011
6.085 -0.010101
6.09 -0.010101
6.095 -0.010101
6.1 -0.010101
6.105 -0.010101
6.11 -0.010101
6.115 -0.010101
6.12 -0.010101
6.125 -0.010101
6.13 -0.010101
6.135 -0.010101
6.14 -0.010101
6.145 -0.010101
6.15 -0.010101
6.155 -0.010101
6.16 -0.010101
6.165 -0.010101
6.17 -0.010101
6.175 -0.010101
6.18 -0.010101
6.185 -0.010101
6.19 -0.010101
6.195 -0.010101
6.2 -0.010101
6.205 -0.010101
6.21 -0.010101
6.215 -0.010101
6.22 -0.010101
6.225 -0.010101
6.23 -0.010101
6.235 -0.010101
6.24 -0.010101
6.245 -0.010101
6.25 -0.010101
6.255 -0.010101
6.26 -0.010101
6.265 -0.010101
6.27 -0.010101
6.275 -0.010101
6.28 -0.010101
6.285 -0.010101
6.29 -0.010101
6.295 -0.010101
6.3 -0.010101
6.305 -0.010101
6.31 -0.010101
6.315 -0.010101
6.32 -0.010101
6.325 -0.010101
6.33 -0.010101
6.335 -0.010101
6.34 -0.010101
6.345 -0.010101
6.35 -0.010101
6.355 -0.010101
6.36 -0.010101
6.365 -0.010101
6.37 -0.010101
6.375 -0.010101
6.38 -0.010101
6.385 -0.010101
6.39 -0.010101
6.395 -0.010101
6.4 -0.010101
6.405 -0.010101
6.41 -0.010101
6.415 -0.010101
6.42 -0.010101
6.425 -0.010101
6.43 -0.010101
6.435 -0.010101
6.44 -0.010101
6.445 -0.010101
6.45 -0.010101
6.455 -0.010101
6.46 -0.010101
6.465 -0.010101
6.47 -0.010101
6.475 -0.010101
6.48 -0.010101
6.485 -0.010101
6.49 -0.010101
6.495 -0.010101
6.5 -0.010101
6.505 -0.010101
6.51 -0.010101
6.515 -0.010101
6.52 -0.010101
6.525 -0.010101
6.53 -0.010101
6.535 -0.010101
6.54 -0.010101
6.545 -0.010101
6.55 -0.010101
6.555 -0.010101
6.56 -0.010101
6.565 -0.010101
6.57 -0.010101
6.575 -0.010101
6.58 -0.010101
6.585 -0.010101
6.59 -0.010101
6.595 -0.010101
6.6 -0.010101
6.605 -0.010101
6.61 -0.010101
6.615 -0.010101
6.62 -0.010101
6.625 -0.010101
6.63 -0.010101
6.635 -0.010101
6.64 -0.010101
6.645 -0.010101
6.65 -0.010101
6.655 -0.010101
6.66 -0.010101
6.665 -0.010101
6.67 -0.010101
6.675 -0.010101
6.68 -0.010101
6.685 -0.010101
6.69 -0.010101
6.695 -0.010101
6.7 -0.010101
6.705 -0.010101
6.71 -0.010101
6.715 -0.010101
6.72 -0.010101
6.725 -0.010101
6.73 -0.010101
6.735 -0.010101
6.74 -0.010101
6.745 -0.010101
6.75 -0.010101
6.755 -0.010101
6.76 -0.010101
6.765 -0.010101
6.77 -0.010101
6.775 -0.010101
6.78 -0.010101
6.785 -0.010101
6.79 -0.010101
6.795 -0.010101
6.8 -0.010101
6.805 -0.010101
6.81 -0.010101
6.815 -0.010101
6.82 -0.010101
6.825 -0.010101
6.83 -0.010101
6.835 -0.010101
6.84 -0.010101
6.845 -0.010101
6.85 -0.010101
6.855 -0.010101
6.86 -0.010101
6.865 -0.010101
6.87 -0.010101
6.875 -0.010101
6.88 -0.010101
6.885 -0.010101
6.89 -0.010101
6.895 -0.010101
6.9 -0.010101
6.905 -0.010101
6.91 -0.010101
6.915 -0.010101
6.92 -0.010101
6.925 -0.010101
6.93 -0.010101
6.935 -0.010101
6.94 -0.010101
6.945 -0.010101
6.95 -0.010101
6.955 -0.010101
6.96 -0.010101
6.965 -0.010101
6.97 -0.010101
6.975 -0.010101
6.98 -0.010101
6.985 -0.010101
6.99 -0.010101
6.995 -0.010101
7 -0.010101
7.005 -0.010101
7.01 -0.010101
7.015 -0.010101
7.02 -0.010101
7.025 -0.010101
7.03 -0.010101
7.035 -0.010101
7.04 -0.010101
7.045 -0.010101
7.05 -0.010101
7.055 -0.010101
7.06 -0.010101
7.065 -0.010101
7.07 -0.010101
7.075 -0.010101
7.08 -0.010101
7.085 -0.010101
7.09 -0.010101
7.095 -0.010101
7.1 -0.010101
7.105 -0.010101
7.11 -0.010101
7.115 -0.010101
7.12 -0.010101
7.125 -0.010101
7.13 -0.010101
7.135 -0.010101
7.14 -0.010101
7.145 -0.010101
7.15 -0.010101
7.155 -0.010101
7.16 -0.010101
7.165 -0.010101
7.17 -0.010101
7.175 -0.010101
7.18 -0.010101
7.185 -0.010101
7.19 -0.010101
7.195 -0.010101
7.2 -0.010101
7.205 -0.010101
7.21 -0.010101
7.215 -0.010101
7.22 -0.010101
7.225 -0.010101
7.23 -0.010101
7.235 -0.010101
7.24 -0.010101
7.245 -0.010101
7.25 -0.010101
7.255 -0.010101
7.26 -0.010101
7.265 -0.010101
7.27 -0.010101
7.275 -0.010101
7.28 -0.010101
7.285 -0.010101
7.29 -0.010101
7.295 -0.010101
7.3 -0.010101
7.305 -0.010101
7.31 -0.010101
7.315 -0.010101
7.32 -0.010101
7.325 -0.010101
7.33 -0.010101
7.335 -0.010101
7.34 -0.010101
7.345 -0.010101
7.35 -0.010101
7.355 -0.010101
7.36 -0.010101
7.365 -0.010101
7.37 -0.010101
7.375 -0.010101
7.38 -0.010101
7.385 -0.010101
7.39 -0.010101
7.395 -0.010101
7.4 -0.010101
7.405 -0.010101
7.41 -0.010101
7.415 -0.010101
7.42 -0.010101
7.425 -0.010101
7.43 -0.010101
7.435 -0.010101
7.44 -0.010101
7.445 -0.010101
7.45 -0.010101
7.455 -0.010101
7.46 -0.010101
7.465 -0.010101
7.47 -0.010101
7.475 -0.010101
7.48 -0.010101
7.485 -0.010101
7.49 -0.010101
7.495 -0.010101
7.5 -0.010101
7.505 -0.010101
7.51 -0.010101
7.515 -0.010101
7.52 -0.010101
7.525 -0.010101
7.53 -0.010101
7.535 -0.010101
7.54 -0.010101
7.545 -0.010101
7.55 -0.010101
7.555 -0.010101
7.56 -0.010101
7.565 -0.010101
7.57 -0.010101
7.575 -0.010101
7.58 -0.010101
7.585 -0.010101
7.59 -0.010101
7.595 -0.010101
7.6 -0.010101
7.605 -0.010101
7.61 -0.010101
7.615 -0.010101
7.62 -0.010101
7.625 -0.010101
7.63 -0.010101
7.635 -0.010101
7.64 -0.010101
7.645 -0.010101
7.65 -0.010101
7.655 -0.010101
7.66 -0.010101
7.665 -0.010101
7.67 -0.010101
7.675 -0.010101
7.68 -0.010101
7.685 -0.010101
7.69 -0.010101
7.695 -0.010101
7.7 -0.010101
7.705 -0.010101
7.71 -0.010101
7.715 -0.010101
7.72 -0.010101
7.725 -0.010101
7.73 -0.010101
7.735 -0.010101
7.74 -0.010101
7.745 -0.010101
7.75 -0.010101
7.755 -0.010101
7.76 -0.010101
7.765 -0.010101
7.77 -0.010101
7.775 -0.010101
7.78 -0.010101
7.785 -0.010101
7.79 -0.010101
7.795 -0.010101
7.8 -0.010101
7.805 -0.010101
7.81 -0.010101
7.815 -0.010101
7.82 -0.010101
7.825 -0.010101
7.83 -0.010101
7.835 -0.010101
7.84 -0.010101
7.845 -0.010101
7.85 -0.010101
7.855 -0.010101
7.86 -0.010101
7.865 -0.010101
7.87 -0.010101
7.875 -0.010101
7.88 -0.010101
7.885 -0.010101
7.89 -0.010101
7.895 -0.010101
7.9 -0.010101
7.905 -0.010101
7.91 -0.010101
7.915 -0.010101
7.92 -0.0101011
7.925 -0.0101009
7.93 -0.0101011
7.935 -0.0101009
7.94 -0.0101012
7.945 -0.0101007
7.95 -0.0101015
7.955 -0.0101003
7.96 -0.0101022
7.965 -0.0100988
7.97 -0.0101055
7.975 -0.0100897
7.98 -0.0101408
7.985 -0.00977665
7.99 0.494955
7.995 0.999661
8 1.00008
8.005 0.999661
8.01 0.494955
8.015 -0.00977665
8.02 -0.0101408
8.025 -0.0100897
8.03 -0.0101055
8.035 -0.0100988
8.04 -0.0101022
8.045 -0.0101003
8.05 -0.0101015
8.055 -0.0101007
8.06 -0.0101012
8.065 -0.0101009
8.07 -0.0101011
8.075 -0.0101009
8.08 -0.0101011
8.085 -0.010101
8.09 -0.010101
8.095 -0.010101
8.1 -0.010101
8.105 -0.010101
8.11 -0.010101
8.115 -0.010101
8.12 -0.010101
8.125 -0.010101
8.13 -0.010101
8.135 -0.010101
8.14 -0.010101
8.145 -0.010101
8.15 -0.010101
8.155 -0.010101
8.16 -0.010101
8.165 -0.010101
8.17 -0.010101
8.175 -0.010101
8.18 -0.010101
8.185 -0.010101
8.19 -0.010101
8.195 -0.010101
8.2 -0.010101
8.205 -0.010101
8.21 -0.010101
8.215 -0.010101
8.22 -0.010101
8.225 -0.010101
8.23 -0.010101
8.235 -0.010101
8.24 -0.010101
8.245 -0.010101
8.25 -0.010101
8.255 -0.010101
8.26 -0.010101
8.265 -0.010101
8.27 -0.010101
8.275 -0.010101
8.28 -0.010101
8.285 -0.010101
8.29 -0.010101
8.295 -0.010101
8.3 -0.010101
8.305 -0.010101
8.31 -0.010101
8.315 -0.010101
8.32 -0.010101
8.325 -0.010101
8.33 -0.010101
8.335 -0.010101
8.34 -0.010101
8.345 -0.010101
8.35 -0.010101
8.355 -0.010101
8.36 -0.010101
8.365 -0.010101
8.37 -0.010101
8.375 -0.010101
8.38 -0.010101
8.385 -0.010101
8.39 -0.010101
8.395 -0.010101
8.4 -0.010101
8.405 -0.010101
8.41 -0.010101
8.415 -0.010101
8.42 -0.010101
8.425 -0.010101
8.43 -0.010101
8.435 -0.010101
8.44 -0.010101
8.445 -0.010101
8.45 -0.010101
8.455 -0.010101
8.46 -0.010101
8.465 -0.010101
8.47 -0.010101
8.475 -0.010101
8.48 -0.010101
8.485 -0.010101
8.49 -0.010101
8.495 -0.010101
8.5 -0.010101
8.505 -0.010101
8.51 -0.010101
8.515 -0.010101
8.52 -0.010101
8.525 -0.010101
8.53 -0.010101
8.535 -0.010101
8.54 -0.010101
8.545 -0.010101
8.55 -0.010101
8.555 -0.010101
8.56 -0.010101
8.565 -0.010101
8.57 -0.010101
8.575 -0.010101
8.58 -0.010101
8.585 -0.010101
8.59 -0.010101
8.595 -0.010101
8.6 -0.010101
8.605 -0.010101
8.61 -0.010101
8.615 -0.010101
8.62 -0.010101
8.625 -0.010101
8.63 -0.010101
8.635 -0.010101
8.64 -0.010101
8.645 -0.010101
8.65 -0.010101
8.655 -0.010101
8.66 -0.010101
8.665 -0.010101
8.67 -0.010101
8.675 -0.010101
8.68 -0.010101
8.685 -0.010101
8.69 -0.010101
8.695 -0.010101
8.7 -0.010101
8.705 -0.010101
8.71 -0.010101
8.715 -0.010101
8.72 -0.010101
8.725 -0.010101
8.73 -0.010101
8.735 -0.010101
8.74 -0.010101
8.745 -0.010101
8.75 -0.010101
8.755 -0.010101
8.76 -0.010101
8.765 -0.010101
8.77 -0.010101
8.775 -0.010101
8.78 -0.010101
8.785 -0.010101
8.79 -0.010101
8.795 -0.010101
8.8 -0.010101
8.805 -0.010101
8.81 -0.010101
8.815 -0.010101
8.82 -0.010101
8.825 -0.010101
8.83 -0.010101
8.835 -0.010101
8.84 -0.010101
8.845 -0.010101
8.85 -0.010101
8.855 -0.010101
8.86 -0.010101
8.865 -0.010101
8.87 -0.010101
8.875 -0.010101
8.88 -0.010101
8.885 -0.010101
8.89 -0.010101
8.895 -0.010101
8.9 -0.010101
8.905 -0.010101
8.91 -0.010101
8.915 -0.010101
8.92 -0.010101
8.925 -0.010101
8.93 -0.010101
8.935 -0.010101
8.94 -0.010101
8.945 -0.010101
8.95 -0.010101
8.955 -0.010101
8.96 -0.010101
8.965 -0.010101
8.97 -0.010101
8.975 -0.010101
8.98 -0.010101
8.985 -0.010101
8.99 -0.010101
8.995 -0.010101
9 -0.010101
9.005 -0.010101
9.01 -0.010101
9.015 -0.010101
9.02 -0.010101
9.025 -0.010101
9.03 -0.010101
9.035 -0.010101
9.04 -0.010101
9.045 -0.010101
9.05 -0.010101
9.055 -0.010101
9.06 -0.010101
9.065 -0.010101
9.07 -0.010101
9.075 -0.010101
9.08 -0.010101
9.085 -0.010101
9.09 -0.010101
9.095 -0.010101
9.1 -0.010101
9.105 -0.010101
9.11 -0.010101
9.115 -0.010101
9.12 -0.010101
9.125 -0.010101
9.13 -0.010101
9.135 -0.010101
9.14 -0.010101
9.145 -0.010101
9.15 -0.010101
9.155 -0.010101
9.16 -0.010101
9.165 -0.010101
9.17 -0.010101
9.175 -0.010101
9.18 -0.010101
9.185 -0.010101
9.19 -0.010101
9.195 -0.010101
9.2 -0.010101
9.205 -0.010101
9.21 -0.010101
9.215 -0.010101
9.22 -0.010101
9.225 -0.010101
9.23 -0.010101
9.235 -0.010101
9.24 -0.010101
9.245 -0.010101
9.25 -0.010101
9.255 -0.010101
9.26 -0.010101
9.265 -0.010101
9.27 -0.010101
9.275 -0.010101
9.28 -0.010101
9.285 -0.010101
9.29 -0.010101
9.295 -0.010101
9.3 -0.010101
9.305 -0.010101
9.31 -0.010101
9.315 -0.010101
9.32 -0.010101
9.325 -0.010101
9.33 -0.010101
9.335 -0.010101
9.34 -0.010101
9.345 -0.010101
9.35 -0.010101
9.355 -0.010101
9.36 -0.010101
9.365 -0.010101
9.37 -0.010101
9.375 -0.010101
9.38 -0.010101
9.385 -0.010101
9.39 -0.010101
9.395 -0.010101
9.4 -0.010101
9.405 -0.010101
9.41 -0.010101
9.415 -0.010101
9.42 -0.010101
9.425 -0.010101
9.43 -0.010101
9.435 -0.010101
9.44 -0.010101
9.445 -0.010101
9.45 -0.010101
9.455 -0.010101
9.46 -0.010101
9.465 -0.010101
9.47 -0.010101
9.475 -0.010101
9.48 -0.010101
9.485 -0.010101
9.49 -0.010101
9.495 -0.010101
9.5 -0.010101
9.505 -0.010101
9.51 -0.010101
9.515 -0.010101
9.52 -0.010101
9.525 -0.010101
9.53 -0.010101
9.535 -0.010101
9.54 -0.010101
9.545 -0.010101
9.55 -0.010101
9.555 -0.010101
9.56 -0.010101
9.565 -0.010101
9.57 -0.010101
9.575 -0.010101
9.58 -0.010101
9.585 -0.010101
9.59 -0.010101
9.595 -0.010101
9.6 -0.010101
9.605 -0.010101
9.61 -0.010101
9.615 -0.010101
9.62 -0.010101
9.625 -0.010101
9.63 -0.010101
9.635 -0.010101
9.64 -0.010101
9.645 -0.010101
9.65 -0.010101
9.655 -0.010101
9.66 -0.010101
9.665 -0.010101
9.67 -0.010101
9.675 -0.010101
9.68 -0.010101
9.685 -0.010101
9.69 -0.010101
9.695 -0.010101
9.7 -0.010101
9.705 -0.010101
9.71 -0.010101
9.715 -0.010101
9.72 -0.010101
9.725 -0.010101
9.73 -0.010101
9.735 -0.010101
9.74 -0.010101
9.745 -0.010101
9.75 -0.010101
9.755 -0.010101
9.76 -0.010101
9.765 -0.010101
9.77 -0.010101
9.775 -0.010101
9.78 -0.010101
9.785 -0.010101
9.79 -0.010101
9.795 -0.010101
9.8 -0.010101
9.805 -0.010101
9.81 -0.010101
9.815 -0.010101
9.82 -0.010101
9.825 -0.010101
9.83 -0.010101
9.835 -0.010101
9.84 -0.010101
9.845 -0.010101
9.85 -0.010101
9.855 -0.010101
9.86 -0.010101
9.865 -0.010101
9.87 -0.010101
9.875 -0.010101
9.88 -0.010101
9.885 -0.010101
9.89 -0.010101
9.895 -0.010101
9.9 -0.010101
9.905 -0.010101
9.91 -0.010101
9.915 -0.010101
9.92 -0.0101011
9.925 -0.0101009
9.93 -0.0101011
9.935 -0.0101009
9.94 -0.0101012
9.945 -0.0101007
9.95 -0.0101015
9.955 -0.0101003
9.96 -0.0101022
9.965 -0.0100988
9.97 -0.0101055
9.975 -0.0100897
9.98 -0.0101408
9.985 -0.00977665
9.99 0.494955
9.995 0.999661
10 1.00008
