0.005 0.0666667
0.01 0.0666667
0.015 0.0666667
0.02 0.0666667
0.025 0.0666667
0.03 0.0666667
0.035 0.0666667
0.04 0.0666667
0.045 0.0666667
0.05 0.0666667
0.055 0.0666667
0.06 0.0666667
0.065 0.0666667
0.07 0.0666667
0.075 0.0666667
0.08 0.0666667
0.085 0.0666667
0.09 0.0666667
0.095 0.0666666
0.1 0.0666667
0.105 0.0666666
0.11 0.0666667
0.115 0.0666666
0.12 0.0666668
0.125 0.0666665
0.13 0.0666671
0.135 0.0666657
0.14 0.0666699
0.145 0.0666413
0.15 0.027451
0.155 -0.0117393
0.16 -0.0117679
0.165 -0.0117638
0.17 -0.0117651
0.175 -0.0117645
0.18 -0.0117648
0.185 -0.0117646
0.19 -0.0117648
0.195 -0.0117647
0.2 -0.0117647
0.205 -0.0117647
0.21 -0.0117647
0.215 -0.0117647
0.22 -0.0117647
0.225 -0.0117647
0.23 -0.0117647
0.235 -0.0117647
0.24 -0.0117647
0.245 -0.0117647
0.25 -0.0117647
0.255 -0.0117647
0.26 -0.0117647
0.265 -0.0117647
0.27 -0.0117647
0.275 -0.0117647
0.28 -0.0117647
0.285 -0.0117647
0.29 -0.0117647
0.295 -0.0117647
0.3 -0.0117647
0.305 -0.0117647
0.31 -0.0117647
0.315 -0.0117647
0.32 -0.0117647
0.325 -0.0117647
0.33 -0.0117647
0.335 -0.0117647
0.34 -0.0117647
0.345 -0.0117647
0.35 -0.0117647
0.355 -0.0117647
0.36 -0.0117647
0.365 -0.0117647
0.37 -0.0117647
0.375 -0.0117647
0.38 -0.0117647
0.385 -0.0117647
0.39 -0.0117647
0.395 -0.0117647
0.4 -0.0117647
0.405 -0.0117647
0.41 -0.0117647
0.415 -0.0117647
0.42 -0.0117647
0.425 -0.0117647
0.43 -0.0117647
0.435 -0.0117647
0.44 -0.0117647
0.445 -0.0117647
0.45 -0.0117647
0.455 -0.0117647
0.46 -0.0117647
0.465 -0.0117647
0.47 -0.0117647
0.475 -0.0117647
0.48 -0.0117647
0.485 -0.0117647
0.49 -0.0117647
0.495 -0.0117647
0.5 -0.0117647
0.505 -0.0117647
0.51 -0.0117647
0.515 -0.0117647
0.52 -0.0117647
0.525 -0.0117647
0.53 -0.0117647
0.535 -0.0117647
0.54 -0.0117647
0.545 -0.0117647
0.55 -0.0117647
0.555 -0.0117647
0.56 -0.0117647
0.565 -0.0117647
0.57 -0.0117647
0.575 -0.0117647
0.58 -0.0117647
0.585 -0.0117647
0.59 -0.0117647
0.595 -0.0117647
0.6 -0.0117647
0.605 -0.0117647
0.61 -0.0117647
0.615 -0.0117647
0.62 -0.0117647
0.625 -0.0117647
0.63 -0.0117647
0.635 -0.0117647
0.64 -0.0117647
0.645 -0.0117647
0.65 -0.0117647
0.655 -0.0117647
0.66 -0.0117647
0.665 -0.0117647
0.67 -0.0117647
0.675 -0.0117647
0.68 -0.0117647
0.685 -0.0117647
0.69 -0.0117647
0.695 -0.0117647
0.7 -0.0117647
0.705 -0.0117647
0.71 -0.0117647
0.715 -0.0117647
0.72 -0.0117647
0.725 -0.0117647
0.73 -0.0117647
0.735 -0.0117647
0.74 -0.0117647
0.745 -0.0117647
0.75 -0.0117647
0.755 -0.0117647
0.76 -0.0117647
0.765 -0.0117647
0.77 -0.0117647
0.775 -0.0117647
0.78 -0.0117647
0.785 -0.0117647
0.79 -0.0117647
0.795 -0.0117647
0.8 -0.0117647
0.805 -0.0117647
0.81 -0.0117647
0.815 -0.0117647
0.82 -0.0117647
0.825 -0.0117647
0.83 -0.0117647
0.835 -0.0117647
0.84 -0.0117647
0.845 -0.0117647
0.85 -0.0117647
0.855 -0.0117647
0.86 -0.0117647
0.865 -0.0117647
0.87 -0.0117647
0.875 -0.0117647
0.88 -0.0117647
0.885 -0.0117647
0.89 -0.0117647
0.895 -0.0117647
0.9 -0.0117647
0.905 -0.0117647
0.91 -0.0117647
0.915 -0.0117647
0.92 -0.0117647
0.925 -0.0117647
0.93 -0.0117647
0.935 -0.0117647
0.94 -0.0117647
0.945 -0.0117647
0.95 -0.0117647
0.955 -0.0117647
0.96 -0.0117647
0.965 -0.0117647
0.97 -0.0117647
0.975 -0.0117647
0.98 -0.0117647
0.985 -0.0117647
0.99 -0.0117647
0.995 -0.0117647
1 -0.0117647
1.005 -0.0117647
1.01 -0.0117647
1.015 -0.0117647
1.02 -0.0117647
1.025 -0.0117647
1.03 -0.0117647
1.035 -0.0117647
1.04 -0.0117647
1.045 -0.0117647
1.05 -0.0117647
1.055 -0.0117647
1.06 -0.0117647
1.065 -0.0117647
1.07 -0.0117647
1.075 -0.0117647
1.08 -0.0117647
1.085 -0.0117647
1.09 -0.0117647
1.095 -0.0117647
1.1 -0.0117647
1.105 -0.0117647
1.11 -0.0117647
1.115 -0.0117647
1.12 -0.0117647
1.125 -0.0117647
1.13 -0.0117647
1.135 -0.0117647
1.14 -0.0117647
1.145 -0.0117647
1.15 -0.0117647
1.155 -0.0117647
1.16 -0.0117647
1.165 -0.0117647
1.17 -0.0117647
1.175 -0.0117647
1.18 -0.0117647
1.185 -0.0117647
1.19 -0.0117647
1.195 -0.0117647
1.2 -0.0117647
1.205 -0.0117647
1.21 -0.0117647
1.215 -0.0117647
1.22 -0.0117647
1.225 -0.0117647
1.23 -0.0117647
1.235 -0.0117647
1.24 -0.0117647
1.245 -0.0117647
1.25 -0.0117647
1.255 -0.0117647
1.26 -0.0117647
1.265 -0.0117647
1.27 -0.0117647
1.275 -0.0117647
1.28 -0.0117647
1.285 -0.0117647
1.29 -0.0117647
1.295 -0.0117647
1.3 -0.0117647
1.305 -0.0117647
1.31 -0.0117647
1.315 -0.0117647
1.32 -0.0117647
1.325 -0.0117647
1.33 -0.0117647
1.335 -0.0117647
1.34 -0.0117647
1.345 -0.0117647
1.35 -0.0117647
1.355 -0.0117647
1.36 -0.0117647
1.365 -0.0117647
1.37 -0.0117647
1.375 -0.0117647
1.38 -0.0117647
1.385 -0.0117647
1.39 -0.0117647
1.395 -0.0117647
1.4 -0.0117647
1.405 -0.0117647
1.41 -0.0117647
1.415 -0.0117647
1.42 -0.0117647
1.425 -0.0117647
1.43 -0.0117647
1.435 -0.0117647
1.44 -0.0117647
1.445 -0.0117647
1.45 -0.0117647
1.455 -0.0117647
1.46 -0.0117647
1.465 -0.0117647
1.47 -0.0117647
1.475 -0.0117647
1.48 -0.0117647
1.485 -0.0117647
1.49 -0.0117647
1.495 -0.0117647
1.5 -0.0117647
1.505 -0.0117647
1.51 -0.0117647
1.515 -0.0117647
1.52 -0.0117647
1.525 -0.0117647
1.53 -0.0117647
1.535 -0.0117647
1.54 -0.0117647
1.545 -0.0117647
1.55 -0.0117647
1.555 -0.0117647
1.56 -0.0117647
1.565 -0.0117647
1.57 -0.0117647
1.575 -0.0117647
1.58 -0.0117647
1.585 -0.0117647
1.59 -0.0117647
1.595 -0.0117647
1.6 -0.0117647
1.605 -0.0117647
1.61 -0.0117647
1.615 -0.0117647
1.62 -0.0117647
1.625 -0.0117647
1.63 -0.0117647
1.635 -0.0117647
1.64 -0.0117647
1.645 -0.0117647
1.65 -0.0117647
1.655 -0.0117647
1.66 -0.0117647
1.665 -0.0117647
1.67 -0.0117647
1.675 -0.0117647
1.68 -0.0117647
1.685 -0.0117647
1.69 -0.0117647
1.695 -0.0117647
1.7 -0.0117647
1.705 -0.0117647
1.71 -0.0117647
1.715 -0.0117647
1.72 -0.0117647
1.725 -0.0117647
1.73 -0.0117647
1.735 -0.0117647
1.74 -0.0117647
1.745 -0.0117647
1.75 -0.0117647
1.755 -0.0117647
1.76 -0.0117647
1.765 -0.0117647
1.77 -0.0117647
1.775 -0.0117647
1.78 -0.0117647
1.785 -0.0117647
1.79 -0.0117647
1.795 -0.0117647
1.8 -0.0117647
1.805 -0.0117647
1.81 -0.0117648
1.815 -0.0117646
1.82 -0.0117648
1.825 -0.0117645
1.83 -0.0117651
1.835 -0.0117638
1.84 -0.0117679
1.845 -0.0117393
1.85 0.027451
1.855 0.0666413
1.86 0.0666699
1.865 0.0666657
1.87 0.0666671
1.875 0.0666665
1.88 0.0666668
1.885 0.0666666
1.89 0.0666667
1.895 0.0666666
1.9 0.0666667
1.905 0.0666666
1.91 0.0666667
1.915 0.0666667
1.92 0.0666667
1.925 0.0666667
1.93 0.0666667
1.935 0.0666667
1.94 0.0666667
1.945 0.0666667
1.95 0.0666667
1.955 0.0666667
1.96 0.0666667
1.965 0.0666667
1.97 0.0666667
1.975 0.0666667
1.98 0.0666667
1.985 0.0666667
1.99 0.0666667
1.995 0.0666667
2 0.0666667
2.005 0.0666667
2.01 0.0666667
2.015 0.0666667
2.02 0.0666667
2.025 0.0666667
2.03 0.0666667
2.035 0.0666667
2.04 0.0666667
2.045 0.0666667
2.05 0.0666667
2.055 0.0666667
2.06 0.0666667
2.065 0.0666667
2.07 0.0666667
2.075 0.0666667
2.08 0.0666667
2.085 0.0666667
2.09 0.0666667
2.095 0.0666666
2.1 0.0666667
2.105 0.0666666
2.11 0.0666667
2.115 0.0666666
2.12 0.0666668
2.125 0.0666665
2.13 0.0666671
2.135 0.0666657
2.14 0.0666699
2.145 0.0666413
2.15 0.027451
2.155 -0.0117393
2.16 -0.0117679
2.165 -0.0117638
2.17 -0.0117651
2.175 -0.0117645
2.18 -0.0117648
2.185 -0.0117646
2.19 -0.0117648
2.195 -0.0117647
2.2 -0.0117647
2.205 -0.0117647
2.21 -0.0117647
2.215 -0.0117647
2.22 -0.0117647
2.225 -0.0117647
2.23 -0.0117647
2.235 -0.0117647
2.24 -0.0117647
2.245 -0.0117647
2.25 -0.0117647
2.255 -0.0117647
2.26 -0.0117647
2.265 -0.0117647
2.27 -0.0117647
2.275 -0.0117647
2.28 -0.0117647
2.285 -0.0117647
2.29 -0.0117647
2.295 -0.0117647
2.3 -0.0117647
2.305 -0.0117647
2.31 -0.0117647
2.315 -0.0117647
2.32 -0.0117647
2.325 -0.0117647
2.33 -0.0117647
2.335 -0.0117647
2.34 -0.0117647
2.345 -0.0117647
2.35 -0.0117647
2.355 -0.0117647
2.36 -0.0117647
2.365 -0.0117647
2.37 -0.0117647
2.375 -0.0117647
2.38 -0.0117647
2.385 -0.0117647
2.39 -0.0117647
2.395 -0.0117647
2.4 -0.0117647
2.405 -0.0117647
2.41 -0.0117647
2.415 -0.0117647
2.42 -0.0117647
2.425 -0.0117647
2.43 -0.0117647
2.435 -0.0117647
2.44 -0.0117647
2.445 -0.0117647
2.45 -0.0117647
2.455 -0.0117647
2.46 -0.0117647
2.465 -0.0117647
2.47 -0.0117647
2.475 -0.0117647
2.48 -0.0117647
2.485 -0.0117647
2.49 -0.0117647
2.495 -0.0117647
2.5 -0.0117647
2.505 -0.0117647
2.51 -0.0117647
2.515 -0.0117647
2.52 -0.0117647
2.525 -0.0117647
2.53 -0.0117647
2.535 -0.0117647
2.54 -0.0117647
2.545 -0.0117647
2.55 -0.0117647
2.555 -0.0117647
2.56 -0.0117647
2.565 -0.0117647
2.57 -0.0117647
2.575 -0.0117647
2.58 -0.0117647
2.585 -0.0117647
2.59 -0.0117647
2.595 -0.0117647
2.6 -0.0117647
2.605 -0.0117647
2.61 -0.0117647
2.615 -0.0117647
2.62 -0.0117647
2.625 -0.0117647
2.63 -0.0117647
2.635 -0.0117647
2.64 -0.0117647
2.645 -0.0117647
2.65 -0.0117647
2.655 -0.0117647
2.66 -0.0117647
2.665 -0.0117647
2.67 -0.0117647
2.675 -0.0117647
2.68 -0.0117647
2.685 -0.0117647
2.69 -0.0117647
2.695 -0.0117647
2.7 -0.0117647
2.705 -0.0117647
2.71 -0.0117647
2.715 -0.0117647
2.72 -0.0117647
2.725 -0.0117647
2.73 -0.0117647
2.735 -0.0117647
2.74 -0.0117647
2.745 -0.0117647
2.75 -0.0117647
2.755 -0.0117647
2.76 -0.0117647
2.765 -0.0117647
2.77 -0.0117647
2.775 -0.0117647
2.78 -0.0117647
2.785 -0.0117647
2.79 -0.0117647
2.795 -0.0117647
2.8 -0.0117647
2.805 -0.0117647
2.81 -0.0117647
2.815 -0.0117647
2.82 -0.0117647
2.825 -0.0117647
2.83 -0.0117647
2.835 -0.0117647
2.84 -0.0117647
2.845 -0.0117647
2.85 -0.0117647
2.855 -0.0117647
2.86 -0.0117647
2.865 -0.0117647
2.87 -0.0117647
2.875 -0.0117647
2.88 -0.0117647
2.885 -0.0117647
2.89 -0.0117647
2.895 -0.0117647
2.9 -0.0117647
2.905 -0.0117647
2.91 -0.0117647
2.915 -0.0117647
2.92 -0.0117647
2.925 -0.0117647
2.93 -0.0117647
2.935 -0.0117647
2.94 -0.0117647
2.945 -0.0117647
2.95 -0.0117647
2.955 -0.0117647
2.96 -0.0117647
2.965 -0.0117647
2.97 -0.0117647
2.975 -0.0117647
2.98 -0.0117647
2.985 -0.0117647
2.99 -0.0117647
2.995 -0.0117647
3 -0.0117647
3.005 -0.0117647
3.01 -0.0117647
3.015 -0.0117647
3.02 -0.0117647
3.025 -0.0117647
3.03 -0.0117647
3.035 -0.0117647
3.04 -0.0117647
3.045 -0.0117647
3.05 -0.0117647
3.055 -0.0117647
3.06 -0.0117647
3.065 -0.0117647
3.07 -0.0117647
3.075 -0.0117647
3.08 -0.0117647
3.085 -0.0117647
3.09 -0.0117647
3.095 -0.0117647
3.1 -0.0117647
3.105 -0.0117647
3.11 -0.0117647
3.115 -0.0117647
3.12 -0.0117647
3.125 -0.0117647
3.13 -0.0117647
3.135 -0.0117647
3.14 -0.0117647
3.145 -0.0117647
3.15 -0.0117647
3.155 -0.0117647
3.16 -0.0117647
3.165 -0.0117647
3.17 -0.0117647
3.175 -0.0117647
3.18 -0.0117647
3.185 -0.0117647
3.19 -0.0117647
3.195 -0.0117647
3.2 -0.0117647
3.205 -0.0117647
3.21 -0.0117647
3.215 -0.0117647
3.22 -0.0117647
3.225 -0.0117647
3.23 -0.0117647
3.235 -0.0117647
3.24 -0.0117647
3.245 -0.0117647
3.25 -0.0117647
3.255 -0.0117647
3.26 -0.0117647
3.265 -0.0117647
3.27 -0.0117647
3.275 -0.0117647
3.28 -0.0117647
3.285 -0.0117647
3.29 -0.0117647
3.295 -0.0117647
3.3 -0.0117647
3.305 -0.0117647
3.31 -0.0117647
3.315 -0.0117647
3.32 -0.0117647
3.325 -0.0117647
3.33 -0.0117647
3.335 -0.0117647
3.34 -0.0117647
3.345 -0.0117647
3.35 -0.0117647
3.355 -0.0117647
3.36 -0.0117647
3.365 -0.0117647
3.37 -0.0117647
3.375 -0.0117647
3.38 -0.0117647
3.385 -0.0117647
3.39 -0.0117647
3.395 -0.0117647
3.4 -0.0117647
3.405 -0.0117647
3.41 -0.0117647
3.415 -0.0117647
3.42 -0.0117647
3.425 -0.0117647
3.43 -0.0117647
3.435 -0.0117647
3.44 -0.0117647
3.445 -0.0117647
3.45 -0.0117647
3.455 -0.0117647
3.46 -0.0117647
3.465 -0.0117647
3.47 -0.0117647
3.475 -0.0117647
3.48 -0.0117647
3.485 -0.0117647
3.49 -0.0117647
3.495 -0.0117647
3.5 -0.0117647
3.505 -0.0117647
3.51 -0.0117647
3.515 -0.0117647
3.52 -0.0117647
3.525 -0.0117647
3.53 -0.0117647
3.535 -0.0117647
3.54 -0.0117647
3.545 -0.0117647
3.55 -0.0117647
3.555 -0.0117647
3.56 -0.0117647
3.565 -0.0117647
3.57 -0.0117647
3.575 -0.0117647
3.58 -0.0117647
3.585 -0.0117647
3.59 -0.0117647
3.595 -0.0117647
3.6 -0.0117647
3.605 -0.0117647
3.61 -0.0117647
3.615 -0.0117647
3.62 -0.0117647
3.625 -0.0117647
3.63 -0.0117647
3.635 -0.0117647
3.64 -0.0117647
3.645 -0.0117647
3.65 -0.0117647
3.655 -0.0117647
3.66 -0.0117647
3.665 -0.0117647
3.67 -0.0117647
3.675 -0.0117647
3.68 -0.0117647
3.685 -0.0117647
3.69 -0.0117647
3.695 -0.0117647
3.7 -0.0117647
3.705 -0.0117647
3.71 -0.0117647
3.715 -0.0117647
3.72 -0.0117647
3.725 -0.0117647
3.73 -0.0117647
3.735 -0.0117647
3.74 -0.0117647
3.745 -0.0117647
3.75 -0.0117647
3.755 -0.0117647
3.76 -0.0117647
3.765 -0.0117647
3.77 -0.0117647
3.775 -0.0117647
3.78 -0.0117647
3.785 -0.0117647
3.79 -0.0117647
3.795 -0.0117647
3.8 -0.0117647
3.805 -0.0117647
3.81 -0.0117648
3.815 -0.0117646
3.82 -0.0117648
3.825 -0.0117645
3.83 -0.0117651
3.835 -0.0117638
3.84 -0.0117679
3.845 -0.0117393
3.85 0.027451
3.855 0.0666413
3.86 0.0666699
3.865 0.0666657
3.87 0.0666671
3.875 0.0666665
3.88 0.0666668
3.885 0.0666666
3.89 0.0666667
3.895 0.0666666
3.9 0.0666667
3.905 0.0666666
3.91 0.0666667
3.915 0.0666667
3.92 0.0666667
3.925 0.0666667
3.93 0.0666667
3.935 0.0666667
3.94 0.0666667
3.945 0.0666667
3.95 0.0666667
3.955 0.0666667
3.96 0.0666667
3.965 0.0666667
3.97 0.0666667
3.975 0.0666667
3.98 0.0666667
3.985 0.0666667
3.99 0.0666667
3.995 0.0666667
4 0.0666667
4.005 0.0666667
4.01 0.0666667
4.015 0.0666667
4.02 0.0666667
4.025 0.0666667
4.03 0.0666667
4.035 0.0666667
4.04 0.0666667
4.045 0.0666667
4.05 0.0666667
4.055 0.0666667
4.06 0.0666667
4.065 0.0666667
4.07 0.0666667
4.075 0.0666667
4.08 0.0666667
4.085 0.0666667
4.09 0.0666667
4.095 0.0666666
4.1 0.0666667
4.105 0.0666666
4.11 0.0666667
4.115 0.0666666
4.12 0.0666668
4.125 0.0666665
4.13 0.0666671
4.135 0.0666657
4.14 0.0666699
4.145 0.0666413
4.15 0.027451
4.155 -0.0117393
4.16 -0.0117679
4.165 -0.0117638
4.17 -0.0117651
4.175 -0.0117645
4.18 -0.0117648
4.185 -0.0117646
4.19 -0.0117648
4.195 -0.0117647
4.2 -0.0117647
4.205 -0.0117647
4.21 -0.0117647
4.215 -0.0117647
4.22 -0.0117647
4.225 -0.0117647
4.23 -0.0117647
4.235 -0.0117647
4.24 -0.0117647
4.245 -0.0117647
4.25 -0.0117647
4.255 -0.0117647
4.26 -0.0117647
4.265 -0.0117647
4.27 -0.0117647
4.275 -0.0117647
4.28 -0.0117647
4.285 -0.0117647
4.29 -0.0117647
4.295 -0.0117647
4.3 -0.0117647
4.305 -0.0117647
4.31 -0.0117647
4.315 -0.0117647
4.32 -0.0117647
4.325 -0.0117647
4.33 -0.0117647
4.335 -0.0117647
4.34 -0.0117647
4.345 -0.0117647
4.35 -0.0117647
4.355 -0.0117647
4.36 -0.0117647
4.365 -0.0117647
4.37 -0.0117647
4.375 -0.0117647
4.38 -0.0117647
4.385 -0.0117647
4.39 -0.0117647
4.395 -0.0117647
4.4 -0.0117647
4.405 -0.0117647
4.41 -0.0117647
4.415 -0.0117647
4.42 -0.0117647
4.425 -0.0117647
4.43 -0.0117647
4.435 -0.0117647
4.44 -0.0117647
4.445 -0.0117647
4.45 -0.0117647
4.455 -0.0117647
4.46 -0.0117647
4.465 -0.0117647
4.47 -0.0117647
4.475 -0.0117647
4.48 -0.0117647
4.485 -0.0117647
4.49 -0.0117647
4.495 -0.0117647
4.5 -0.0117647
4.505 -0.0117647
4.51 -0.0117647
4.515 -0.0117647
4.52 -0.0117647
4.525 -0.0117647
4.53 -0.0117647
4.535 -0.0117647
4.54 -0.0117647
4.545 -0.0117647
4.55 -0.0117647
4.555 -0.0117647
4.56 -0.0117647
4.565 -0.0117647
4.57 -0.0117647
4.575 -0.0117647
4.58 -0.0117647
4.585 -0.0117647
4.59 -0.0117647
4.595 -0.0117647
4.6 -0.0117647
4.605 -0.0117647
4.61 -0.0117647
4.615 -0.0117647
4.62 -0.0117647
4.625 -0.0117647
4.63 -0.0117647
4.635 -0.0117647
4.64 -0.0117647
4.645 -0.0117647
4.65 -0.0117647
4.655 -0.0117647
4.66 -0.0117647
4.665 -0.0117647
4.67 -0.0117647
4.675 -0.0117647
4.68 -0.0117647
4.685 -0.0117647
4.69 -0.0117647
4.695 -0.0117647
4.7 -0.0117647
4.705 -0.0117647
4.71 -0.0117647
4.715 -0.0117647
4.72 -0.0117647
4.725 -0.0117647
4.73 -0.0117647
4.735 -0.0117647
4.74 -0.0117647
4.745 -0.0117647
4.75 -0.0117647
4.755 -0.0117647
4.76 -0.0117647
4.765 -0.0117647
4.77 -0.0117647
4.775 -0.0117647
4.78 -0.0117647
4.785 -0.0117647
4.79 -0.0117647
4.795 -0.0117647
4.8 -0.0117647
4.805 -0.0117647
4.81 -0.0117647
4.815 -0.0117647
4.82 -0.0117647
4.825 -0.0117647
4.83 -0.0117647
4.835 -0.0117647
4.84 -0.0117647
4.845 -0.0117647
4.85 -0.0117647
4.855 -0.0117647
4.86 -0.0117647
4.865 -0.0117647
4.87 -0.0117647
4.875 -0.0117647
4.88 -0.0117647
4.885 -0.0117647
4.89 -0.0117647
4.895 -0.0117647
4.9 -0.0117647
4.905 -0.0117647
4.91 -0.0117647
4.915 -0.0117647
4.92 -0.0117647
4.925 -0.0117647
4.93 -0.0117647
4.935 -0.0117647
4.94 -0.0117647
4.945 -0.0117647
4.95 -0.0117647
4.955 -0.0117647
4.96 -0.0117647
4.965 -0.0117647
4.97 -0.0117647
4.975 -0.0117647
4.98 -0.0117647
4.985 -0.0117647
4.99 -0.0117647
4.995 -0.0117647
5 -0.0117647
5.005 -0.0117647
5.01 -0.0117647
5.015 -0.0117647
5.02 -0.0117647
5.025 -0.0117647
5.03 -0.0117647
5.035 -0.0117647
5.04 -0.0117647
5.045 -0.0117647
5.05 -0.0117647
5.055 -0.0117647
5.06 -0.0117647
5.065 -0.0117647
5.07 -0.0117647
5.075 -0.0117647
5.08 -0.0117647
5.085 -0.0117647
5.09 -0.0117647
5.095 -0.0117647
5.1 -0.0117647
5.105 -0.0117647
5.11 -0.0117647
5.115 -0.0117647
5.12 -0.0117647
5.125 -0.0117647
5.13 -0.0117647
5.135 -0.0117647
5.14 -0.0117647
5.145 -0.0117647
5.15 -0.0117647
5.155 -0.0117647
5.16 -0.0117647
5.165 -0.0117647
5.17 -0.0117647
5.175 -0.0117647
5.18 -0.0117647
5.185 -0.0117647
5.19 -0.0117647
5.195 -0.0117647
5.2 -0.0117647
5.205 -0.0117647
5.21 -0.0117647
5.215 -0.0117647
5.22 -0.0117647
5.225 -0.0117647
5.23 -0.0117647
5.235 -0.0117647
5.24 -0.0117647
5.245 -0.0117647
5.25 -0.0117647
5.255 -0.0117647
5.26 -0.0117647
5.265 -0.0117647
5.27 -0.0117647
5.275 -0.0117647
5.28 -0.0117647
5.285 -0.0117647
5.29 -0.0117647
5.295 -0.0117647
5.3 -0.0117647
5.305 -0.0117647
5.31 -0.0117647
5.315 -0.0117647
5.32 -0.0117647
5.325 -0.0117647
5.33 -0.0117647
5.335 -0.0117647
5.34 -0.0117647
5.345 -0.0117647
5.35 -0.0117647
5.355 -0.0117647
5.36 -0.0117647
5.365 -0.0117647
5.37 -0.0117647
5.375 -0.0117647
5.38 -0.0117647
5.385 -0.0117647
5.39 -0.0117647
5.395 -0.0117647
5.4 -0.0117647
5.405 -0.0117647
5.41 -0.0117647
5.415 -0.0117647
5.42 -0.0117647
5.425 -0.0117647
5.43 -0.0117647
5.435 -0.0117647
5.44 -0.0117647
5.445 -0.0117647
5.45 -0.0117647
5.455 -0.0117647
5.46 -0.0117647
5.465 -0.0117647
5.47 -0.0117647
5.475 -0.0117647
5.48 -0.0117647
5.485 -0.0117647
5.49 -0.0117647
5.495 -0.0117647
5.5 -0.0117647
5.505 -0.0117647
5.51 -0.0117647
5.515 -0.0117647
5.52 -0.0117647
5.525 -0.0117647
5.53 -0.0117647
5.535 -0.0117647
5.54 -0.0117647
5.545 -0.0117647
5.55 -0.0117647
5.555 -0.0117647
5.56 -0.0117647
5.565 -0.0117647
5.57 -0.0117647
5.575 -0.0117647
5.58 -0.0117647
5.585 -0.0117647
5.59 -0.0117647
5.595 -0.0117647
5.6 -0.0117647
5.605 -0.0117647
5.61 -0.0117647
5.615 -0.0117647
5.62 -0.0117647
5.625 -0.0117647
5.63 -0.0117647
5.635 -0.0117647
5.64 -0.0117647
5.645 -0.0117647
5.65 -0.0117647
5.655 -0.0117647
5.66 -0.0117647
5.665 -0.0117647
5.67 -0.0117647
5.675 -0.0117647
5.68 -0.0117647
5.685 -0.0117647
5.69 -0.0117647
5.695 -0.0117647
5.7 -0.0117647
5.705 -0.0117647
5.71 -0.0117647
5.715 -0.0117647
5.72 -0.0117647
5.725 -0.0117647
5.73 -0.0117647
5.735 -0.0117647
5.74 -0.0117647
5.745 -0.0117647
5.75 -0.0117647
5.755 -0.0117647
5.76 -0.0117647
5.765 -0.0117647
5.77 -0.0117647
5.775 -0.0117647
5.78 -0.0117647
5.785 -0.0117647
5.79 -0.0117647
5.795 -0.0117647
5.8 -0.0117647
5.805 -0.0117647
5.81 -0.0117648
5.815 -0.0117646
5.82 -0.0117648
5.825 -0.0117645
5.83 -0.0117651
5.835 -0.0117638
5.84 -0.0117679
5.845 -0.0117393
5.85 0.027451
5.855 0.0666413
5.86 0.0666699
5.865 0.0666657
5.87 0.0666671
5.875 0.0666665
5.88 0.0666668
5.885 0.0666666
5.89 0.0666667
5.895 0.0666666
5.9 0.0666667
5.905 0.0666666
5.91 0.0666667
5.915 0.0666667
5.92 0.0666667
5.925 0.0666667
5.93 0.0666667
5.935 0.0666667
5.94 0.0666667
5.945 0.0666667
5.95 0.0666667
5.955 0.0666667
5.96 0.0666667
5.965 0.0666667
5.97 0.0666667
5.975 0.0666667
5.98 0.0666667
5.985 0.0666667
5.99 0.0666667
5.995 0.0666667
6 0.0666667
6.005 0.0666667
6.01 0.0666667
6.015 0.0666667
6.02 0.0666667
6.025 0.0666667
6.03 0.0666667
6.035 0.0666667
6.04 0.0666667
6.045 0.0666667
6.05 0.0666667
6.055 0.0666667
6.06 0.0666667
6.065 0.0666667
6.07 0.0666667
6.075 0.0666667
6.08 0.0666667
6.085 0.0666667
6.09 0.0666667
6.095 0.0666666
6.1 0.0666667
6.105 0.0666666
6.11 0.0666667
6.115 0.0666666
6.12 0.0666668
6.125 0.0666665
6.13 0.0666671
6.135 0.0666657
6.14 0.0666699
6.145 0.0666413
6.15 0.027451
6.155 -0.0117393
6.16 -0.0117679
6.165 -0.0117638
6.17 -0.0117651
6.175 -0.0117645
6.18 -0.0117648
6.185 -0.0117646
6.19 -0.0117648
6.195 -0.0117647
6.2 -0.0117647
6.205 -0.0117647
6.21 -0.0117647
6.215 -0.0117647
6.22 -0.0117647
6.225 -0.0117647
6.23 -0.0117647
6.235 -0.0117647
6.24 -0.0117647
6.245 -0.0117647
6.25 -0.0117647
6.255 -0.0117647
6.26 -0.0117647
6.265 -0.0117647
6.27 -0.0117647
6.275 -0.0117647
6.28 -0.0117647
6.285 -0.0117647
6.29 -0.0117647
6.295 -0.0117647
6.3 -0.0117647
6.305 -0.0117647
6.31 -0.0117647
6.315 -0.0117647
6.32 -0.0117647
6.325 -0.0117647
6.33 -0.0117647
6.335 -0.0117647
6.34 -0.0117647
6.345 -0.0117647
6.35 -0.0117647
6.355 -0.0117647
6.36 -0.0117647
6.365 -0.0117647
6.37 -0.0117647
6.375 -0.0117647
6.38 -0.0117647
6.385 -0.0117647
6.39 -0.0117647
6.395 -0.0117647
6.4 -0.0117647
6.405 -0.0117647
6.41 -0.0117647
6.415 -0.0117647
6.42 -0.0117647
6.425 -0.0117647
6.43 -0.0117647
6.435 -0.0117647
6.44 -0.0117647
6.445 -0.0117647
6.45 -0.0117647
6.455 -0.0117647
6.46 -0.0117647
6.465 -0.0117647
6.47 -0.0117647
6.475 -0.0117647
6.48 -0.0117647
6.485 -0.0117647
6.49 -0.0117647
6.495 -0.0117647
6.5 -0.0117647
6.505 -0.0117647
6.51 -0.0117647
6.515 -0.0117647
6.52 -0.0117647
6.525 -0.0117647
6.53 -0.0117647
6.535 -0.0117647
6.54 -0.0117647
6.545 -0.0117647
6.55 -0.0117647
6.555 -0.0117647
6.56 -0.0117647
6.565 -0.0117647
6.57 -0.0117647
6.575 -0.0117647
6.58 -0.0117647
6.585 -0.0117647
6.59 -0.0117647
6.595 -0.0117647
6.6 -0.0117647
6.605 -0.0117647
6.61 -0.0117647
6.615 -0.0117647
6.62 -0.0117647
6.625 -0.0117647
6.63 -0.0117647
6.635 -0.0117647
6.64 -0.0117647
6.645 -0.0117647
6.65 -0.0117647
6.655 -0.0117647
6.66 -0.0117647
6.665 -0.0117647
6.67 -0.0117647
6.675 -0.0117647
6.68 -0.0117647
6.685 -0.0117647
6.69 -0.0117647
6.695 -0.0117647
6.7 -0.0117647
6.705 -0.0117647
6.71 -0.0117647
6.715 -0.0117647
6.72 -0.0117647
6.725 -0.0117647
6.73 -0.0117647
6.735 -0.0117647
6.74 -0.0117647
6.745 -0.0117647
6.75 -0.0117647
6.755 -0.0117647
6.76 -0.0117647
6.765 -0.0117647
6.77 -0.0117647
6.775 -0.0117647
6.78 -0.0117647
6.785 -0.0117647
6.79 -0.0117647
6.795 -0.0117647
6.8 -0.0117647
6.805 -0.0117647
6.81 -0.0117647
6.815 -0.0117647
6.82 -0.0117647
6.825 -0.0117647
6.83 -0.0117647
6.835 -0.0117647
6.84 -0.0117647
6.845 -0.0117647
6.85 -0.0117647
6.855 -0.0117647
6.86 -0.0117647
6.865 -0.0117647
6.87 -0.0117647
6.875 -0.0117647
6.88 -0.0117647
6.885 -0.0117647
6.89 -0.0117647
6.895 -0.0117647
6.9 -0.0117647
6.905 -0.0117647
6.91 -0.0117647
6.915 -0.0117647
6.92 -0.0117647
6.925 -0.0117647
6.93 -0.0117647
6.935 -0.0117647
6.94 -0.0117647
6.945 -0.0117647
6.95 -0.0117647
6.955 -0.0117647
6.96 -0.0117647
6.965 -0.0117647
6.97 -0.0117647
6.975 -0.0117647
6.98 -0.0117647
6.985 -0.0117647
6.99 -0.0117647
6.995 -0.0117647
7 -0.0117647
7.005 -0.0117647
7.01 -0.0117647
7.015 -0.0117647
7.02 -0.0117647
7.025 -0.0117647
7.03 -0.0117647
7.035 -0.0117647
7.04 -0.0117647
7.045 -0.0117647
7.05 -0.0117647
7.055 -0.0117647
7.06 -0.0117647
7.065 -0.0117647
7.07 -0.0117647
7.075 -0.0117647
7.08 -0.0117647
7.085 -0.0117647
7.09 -0.0117647
7.095 -0.0117647
7.1 -0.0117647
7.105 -0.0117647
7.11 -0.0117647
7.115 -0.0117647
7.12 -0.0117647
7.125 -0.0117647
7.13 -0.0117647
7.135 -0.0117647
7.14 -0.0117647
7.145 -0.0117647
7.15 -0.0117647
7.155 -0.0117647
7.16 -0.0117647
7.165 -0.0117647
7.17 -0.0117647
7.175 -0.0117647
7.18 -0.0117647
7.185 -0.0117647
7.19 -0.0117647
7.195 -0.0117647
7.2 -0.0117647
7.205 -0.0117647
7.21 -0.0117647
7.215 -0.0117647
7.22 -0.0117647
7.225 -0.0117647
7.23 -0.0117647
7.235 -0.0117647
7.24 -0.0117647
7.245 -0.0117647
7.25 -0.0117647
7.255 -0.0117647
7.26 -0.0117647
7.265 -0.0117647
7.27 -0.0117647
7.275 -0.0117647
7.28 -0.0117647
7.285 -0.0117647
7.29 -0.0117647
7.295 -0.0117647
7.3 -0.0117647
7.305 -0.0117647
7.31 -0.0117647
7.315 -0.0117647
7.32 -0.0117647
7.325 -0.0117647
7.33 -0.0117647
7.335 -0.0117647
7.34 -0.0117647
7.345 -0.0117647
7.35 -0.0117647
7.355 -0.0117647
7.36 -0.0117647
7.365 -0.0117647
7.37 -0.0117647
7.375 -0.0117647
7.38 -0.0117647
7.385 -0.0117647
7.39 -0.0117647
7.395 -0.0117647
7.4 -0.0117647
7.405 -0.0117647
7.41 -0.0117647
7.415 -0.0117647
7.42 -0.0117647
7.425 -0.0117647
7.43 -0.0117647
7.435 -0.0117647
7.44 -0.0117647
7.445 -0.0117647
7.45 -0.0117647
7.455 -0.0117647
7.46 -0.0117647
7.465 -0.0117647
7.47 -0.0117647
7.475 -0.0117647
7.48 -0.0117647
7.485 -0.0117647
7.49 -0.0117647
7.495 -0.0117647
7.5 -0.0117647
7.505 -0.0117647
7.51 -0.0117647
7.515 -0.0117647
7.52 -0.0117647
7.525 -0.0117647
7.53 -0.0117647
7.535 -0.0117647
7.54 -0.0117647
7.545 -0.0117647
7.55 -0.0117647
7.555 -0.0117647
7.56 -0.0117647
7.565 -0.0117647
7.57 -0.0117647
7.575 -0.0117647
7.58 -0.0117647
7.585 -0.0117647
7.59 -0.0117647
7.595 -0.0117647
7.6 -0.0117647
7.605 -0.0117647
7.61 -0.0117647
7.615 -0.0117647
7.62 -0.0117647
7.625 -0.0117647
7.63 -0.0117647
7.635 -0.0117647
7.64 -0.0117647
7.645 -0.0117647
7.65 -0.0117647
7.655 -0.0117647
7.66 -0.0117647
7.665 -0.0117647
7.67 -0.0117647
7.675 -0.0117647
7.68 -0.0117647
7.685 -0.0117647
7.69 -0.0117647
7.695 -0.0117647
7.7 -0.0117647
7.705 -0.0117647
7.71 -0.0117647
7.715 -0.0117647
7.72 -0.0117647
7.725 -0.0117647
7.73 -0.0117647
7.735 -0.0117647
7.74 -0.0117647
7.745 -0.0117647
7.75 -0.0117647
7.755 -0.0117647
7.76 -0.0117647
7.765 -0.0117647
7.77 -0.0117647
7.775 -0.0117647
7.78 -0.0117647
7.785 -0.0117647
7.79 -0.0117647
7.795 -0.0117647
7.8 -0.0117647
7.805 -0.0117647
7.81 -0.0117648
7.815 -0.0117646
7.82 -0.0117648
7.825 -0.0117645
7.83 -0.0117651
7.835 -0.0117638
7.84 -0.0117679
7.845 -0.0117393
7.85 0.027451
7.855 0.0666413
7.86 0.0666699
7.865 0.0666657
7.87 0.0666671
7.875 0.0666665
7.88 0.0666668
7.885 0.0666666
7.89 0.0666667
7.895 0.0666666
7.9 0.0666667
7.905 0.0666666
7.91 0.0666667
7.915 0.0666667
7.92 0.0666667
7.925 0.0666667
7.93 0.0666667
7.935 0.0666667
7.94 0.0666667
7.945 0.0666667
7.95 0.0666667
7.955 0.0666667
7.96 0.0666667
7.965 0.0666667
7.97 0.0666667
7.975 0.0666667
7.98 0.0666667
7.985 0.0666667
7.99 0.0666667
7.995 0.0666667
8 0.0666667
8.005 0.0666667
8.01 0.0666667
8.015 0.0666667
8.02 0.0666667
8.025 0.0666667
8.03 0.0666667
8.035 0.0666667
8.04 0.0666667
8.045 0.0666667
8.05 0.0666667
8.055 0.0666667
8.06 0.0666667
8.065 0.0666667
8.07 0.0666667
8.075 0.0666667
8.08 0.0666667
8.085 0.0666667
8.09 0.0666667
8.095 0.0666666
8.1 0.0666667
8.105 0.0666666
8.11 0.0666667
8.115 0.0666666
8.12 0.0666668
8.125 0.0666665
8.13 0.0666671
8.135 0.0666657
8.14 0.0666699
8.145 0.0666413
8.15 0.027451
8.155 -0.0117393
8.16 -0.0117679
8.165 -0.0117638
8.17 -0.0117651
8.175 -0.0117645
8.18 -0.0117648
8.185 -0.0117646
8.19 -0.0117648
8.195 -0.0117647
8.2 -0.0117647
8.205 -0.0117647
8.21 -0.0117647
8.215 -0.0117647
8.22 -0.0117647
8.225 -0.0117647
8.23 -0.0117647
8.235 -0.0117647
8.24 -0.0117647
8.245 -0.0117647
8.25 -0.0117647
8.255 -0.0117647
8.26 -0.0117647
8.265 -0.0117647
8.27 -0.0117647
8.275 -0.0117647
8.28 -0.0117647
8.285 -0.0117647
8.29 -0.0117647
8.295 -0.0117647
8.3 -0.0117647
8.305 -0.0117647
8.31 -0.0117647
8.315 -0.0117647
8.32 -0.0117647
8.325 -0.0117647
8.33 -0.0117647
8.335 -0.0117647
8.34 -0.0117647
8.345 -0.0117647
8.35 -0.0117647
8.355 -0.0117647
8.36 -0.0117647
8.365 -0.0117647
8.37 -0.0117647
8.375 -0.0117647
8.38 -0.0117647
8.385 -0.0117647
8.39 -0.0117647
8.395 -0.0117647
8.4 -0.0117647
8.405 -0.0117647
8.41 -0.0117647
8.415 -0.0117647
8.42 -0.0117647
8.425 -0.0117647
8.43 -0.0117647
8.435 -0.0117647
8.44 -0.0117647
8.445 -0.0117647
8.45 -0.0117647
8.455 -0.0117647
8.46 -0.0117647
8.465 -0.0117647
8.47 -0.0117647
8.475 -0.0117647
8.48 -0.0117647
8.485 -0.0117647
8.49 -0.0117647
8.495 -0.0117647
8.5 -0.0117647
8.505 -0.0117647
8.51 -0.0117647
8.515 -0.0117647
8.52 -0.0117647
8.525 -0.0117647
8.53 -0.0117647
8.535 -0.0117647
8.54 -0.0117647
8.545 -0.0117647
8.55 -0.0117647
8.555 -0.0117647
8.56 -0.0117647
8.565 -0.0117647
8.57 -0.0117647
8.575 -0.0117647
8.58 -0.0117647
8.585 -0.0117647
8.59 -0.0117647
8.595 -0.0117647
8.6 -0.0117647
8.605 -0.0117647
8.61 -0.0117647
8.615 -0.0117647
8.62 -0.0117647
8.625 -0.0117647
8.63 -0.0117647
8.635 -0.0117647
8.64 -0.0117647
8.645 -0.0117647
8.65 -0.0117647
8.655 -0.0117647
8.66 -0.0117647
8.665 -0.0117647
8.67 -0.0117647
8.675 -0.0117647
8.68 -0.0117647
8.685 -0.0117647
8.69 -0.0117647
8.695 -0.0117647
8.7 -0.0117647
8.705 -0.0117647
8.71 -0.0117647
8.715 -0.0117647
8.72 -0.0117647
8.725 -0.0117647
8.73 -0.0117647
8.735 -0.0117647
8.74 -0.0117647
8.745 -0.0117647
8.75 -0.0117647
8.755 -0.0117647
8.76 -0.0117647
8.765 -0.0117647
8.77 -0.0117647
8.775 -0.0117647
8.78 -0.0117647
8.785 -0.0117647
8.79 -0.0117647
8.795 -0.0117647
8.8 -0.0117647
8.805 -0.0117647
8.81 -0.0117647
8.815 -0.0117647
8.82 -0.0117647
8.825 -0.0117647
8.83 -0.0117647
8.835 -0.0117647
8.84 -0.0117647
8.845 -0.0117647
8.85 -0.0117647
8.855 -0.0117647
8.86 -0.0117647
8.865 -0.0117647
8.87 -0.0117647
8.875 -0.0117647
8.88 -0.0117647
8.885 -0.0117647
8.89 -0.0117647
8.895 -0.0117647
8.9 -0.0117647
8.905 -0.0117647
8.91 -0.0117647
8.915 -0.0117647
8.92 -0.0117647
8.925 -0.0117647
8.93 -0.0117647
8.935 -0.0117647
8.94 -0.0117647
8.945 -0.0117647
8.95 -0.0117647
8.955 -0.0117647
8.96 -0.0117647
8.965 -0.0117647
8.97 -0.0117647
8.975 -0.0117647
8.98 -0.0117647
8.985 -0.0117647
8.99 -0.0117647
8.995 -0.0117647
9 -0.0117647
9.005 -0.0117647
9.01 -0.0117647
9.015 -0.0117647
9.02 -0.0117647
9.025 -0.0117647
9.03 -0.0117647
9.035 -0.0117647
9.04 -0.0117647
9.045 -0.0117647
9.05 -0.0117647
9.055 -0.0117647
9.06 -0.0117647
9.065 -0.0117647
9.07 -0.0117647
9.075 -0.0117647
9.08 -0.0117647
9.085 -0.0117647
9.09 -0.0117647
9.095 -0.0117647
9.1 -0.0117647
9.105 -0.0117647
9.11 -0.0117647
9.115 -0.0117647
9.12 -0.0117647
9.125 -0.0117647
9.13 -0.0117647
9.135 -0.0117647
9.14 -0.0117647
9.145 -0.0117647
9.15 -0.0117647
9.155 -0.0117647
9.16 -0.0117647
9.165 -0.0117647
9.17 -0.0117647
9.175 -0.0117647
9.18 -0.0117647
9.185 -0.0117647
9.19 -0.0117647
9.195 -0.0117647
9.2 -0.0117647
9.205 -0.0117647
9.21 -0.0117647
9.215 -0.0117647
9.22 -0.0117647
9.225 -0.0117647
9.23 -0.0117647
9.235 -0.0117647
9.24 -0.0117647
9.245 -0.0117647
9.25 -0.0117647
9.255 -0.0117647
9.26 -0.0117647
9.265 -0.0117647
9.27 -0.0117647
9.275 -0.0117647
9.28 -0.0117647
9.285 -0.0117647
9.29 -0.0117647
9.295 -0.0117647
9.3 -0.0117647
9.305 -0.0117647
9.31 -0.0117647
9.315 -0.0117647
9.32 -0.0117647
9.325 -0.0117647
9.33 -0.0117647
9.335 -0.0117647
9.34 -0.0117647
9.345 -0.0117647
9.35 -0.0117647
9.355 -0.0117647
9.36 -0.0117647
9.365 -0.0117647
9.37 -0.0117647
9.375 -0.0117647
9.38 -0.0117647
9.385 -0.0117647
9.39 -0.0117647
9.395 -0.0117647
9.4 -0.0117647
9.405 -0.0117647
9.41 -0.0117647
9.415 -0.0117647
9.42 -0.0117647
9.425 -0.0117647
9.43 -0.0117647
9.435 -0.0117647
9.44 -0.0117647
9.445 -0.0117647
9.45 -0.0117647
9.455 -0.0117647
9.46 -0.0117647
9.465 -0.0117647
9.47 -0.0117647
9.475 -0.0117647
9.48 -0.0117647
9.485 -0.0117647
9.49 -0.0117647
9.495 -0.0117647
9.5 -0.0117647
9.505 -0.0117647
9.51 -0.0117647
9.515 -0.0117647
9.52 -0.0117647
9.525 -0.0117647
9.53 -0.0117647
9.535 -0.0117647
9.54 -0.0117647
9.545 -0.0117647
9.55 -0.0117647
9.555 -0.0117647
9.56 -0.0117647
9.565 -0.0117647
9.57 -0.0117647
9.575 -0.0117647
9.58 -0.0117647
9.585 -0.0117647
9.59 -0.0117647
9.595 -0.0117647
9.6 -0.0117647
9.605 -0.0117647
9.61 -0.0117647
9.615 -0.0117647
9.62 -0.0117647
9.625 -0.0117647
9.63 -0.0117647
9.635 -0.0117647
9.64 -0.0117647
9.645 -0.0117647
9.65 -0.0117647
9.655 -0.0117647
9.66 -0.0117647
9.665 -0.0117647
9.67 -0.0117647
9.675 -0.0117647
9.68 -0.0117647
9.685 -0.0117647
9.69 -0.0117647
9.695 -0.0117647
9.7 -0.0117647
9.705 -0.0117647
9.71 -0.0117647
9.715 -0.0117647
9.72 -0.0117647
9.725 -0.0117647
9.73 -0.0117647
9.735 -0.0117647
9.74 -0.0117647
9.745 -0.0117647
9.75 -0.0117647
9.755 -0.0117647
9.76 -0.0117647
9.765 -0.0117647
9.77 -0.0117647
9.775 -0.0117647
9.78 -0.0117647
9.785 -0.0117647
9.79 -0.0117647
9.795 -0.0117647
9.8 -0.0117647
9.805 -0.0117647
9.81 -0.0117648
9.815 -0.0117646
9.82 -0.0117648
9.825 -0.0117645
9.83 -0.0117651
9.835 -0.0117638
9.84 -0.0117679
9.845 -0.0117393
9.85 0.027451
9.855 0.0666413
9.86 0.0666699
9.865 0.0666657
9.87 0.0666671
9.875 0.0666665
9.88 0.0666668
9.885 0.0666666
9.89 0.0666667
9.895 0.0666666
9.9 0.0666667
9.905 0.0666666
9.91 0.0666667
9.915 0.0666667
9.92 0.0666667
9.925 0.0666667
9.93 0.0666667
9.935 0.0666667
9.94 0.0666667
9.945 0.0666667
9.95 0.0666667
9.955 0.0666667
9.96 0.0666667
9.965 0.0666667
9.97 0.0666667
9.975 0.0666667
9.98 0.0666667
9.985 0.0666667
9.99 0.0666667
9.995 0.0666667
10 0.0666667
