0 0
0.0628319 0.0623384
0.125664 0.123459
0.188496 0.183143
0.251327 0.241181
0.314159 0.297377
0.376991 0.351547
0.439823 0.403521
0.502655 0.453144
0.565487 0.500276
0.628319 0.544792
0.69115 0.586582
0.753982 0.62555
0.816814 0.661614
0.879646 0.694707
0.942478 0.724775
1.00531 0.751774
1.06814 0.775675
1.13097 0.796459
1.19381 0.814116
1.25664 0.828648
1.31947 0.840065
1.3823 0.848384
1.44513 0.853633
1.50796 0.855847
1.5708 0.855066
1.63363 0.85134
1.69646 0.844724
1.75929 0.83528
1.82212 0.823078
1.88496 0.808192
1.94779 0.790704
2.01062 0.770703
2.07345 0.748283
2.13628 0.723547
2.19911 0.696601
2.26195 0.667561
2.32478 0.636547
2.38761 0.603688
2.45044 0.569115
2.51327 0.53297
2.57611 0.495398
2.63894 0.456548
2.70177 0.416576
2.7646 0.375642
2.82743 0.333908
2.89027 0.291541
2.9531 0.248709
3.01593 0.20558
3.07876 0.162324
3.14159 0.11911
3.20442 0.0761045
3.26726 0.0334723
3.33009 -0.00862556
3.39292 -0.0500324
3.45575 -0.0905967
3.51858 -0.130173
3.58142 -0.168622
3.64425 -0.205814
3.70708 -0.241623
3.76991 -0.275936
3.83274 -0.308644
3.89557 -0.339651
3.95841 -0.368868
4.02124 -0.396215
4.08407 -0.421622
4.1469 -0.445028
4.20973 -0.466382
4.27257 -0.485639
4.3354 -0.502766
4.39823 -0.517736
4.46106 -0.530532
4.52389 -0.541146
4.58673 -0.549574
4.64956 -0.555823
4.71239 -0.559906
4.77522 -0.561843
4.83805 -0.561662
4.90088 -0.559396
4.96372 -0.555085
5.02655 -0.548775
5.08938 -0.540518
5.15221 -0.530373
5.21504 -0.518404
5.27788 -0.504679
5.34071 -0.489272
5.40354 -0.472264
5.46637 -0.453738
5.5292 -0.433782
5.59203 -0.412491
5.65487 -0.38996
5.7177 -0.36629
5.78053 -0.341585
5.84336 -0.315953
5.90619 -0.289503
5.96903 -0.262347
6.03186 -0.234598
6.09469 -0.20637
6.15752 -0.17778
6.22035 -0.148943
6.28319 -0.119974
6.34602 -0.0909885
6.40885 -0.062099
6.47168 -0.0334172
6.53451 -0.00505214
6.59734 0.0228899
6.66018 0.0503059
6.72301 0.0770968
6.78584 0.103168
6.84867 0.128427
6.9115 0.152791
6.97434 0.176177
7.03717 0.198511
7.1 0.219723
7.16283 0.23975
7.22566 0.258533
7.28849 0.27602
7.35133 0.292166
7.41416 0.306931
7.47699 0.32028
7.53982 0.332187
7.60265 0.34263
7.66549 0.351592
7.72832 0.359064
7.79115 0.365042
7.85398 0.369527
7.91681 0.372526
7.97965 0.374052
8.04248 0.374121
8.10531 0.372756
8.16814 0.369984
8.23097 0.365839
8.2938 0.360355
8.35664 0.353575
8.41947 0.345543
8.4823 0.336309
8.54513 0.325925
8.60796 0.314448
8.6708 0.301937
8.73363 0.288456
8.79646 0.27407
8.85929 0.258847
8.92212 0.242859
8.98495 0.226177
9.04779 0.208876
9.11062 0.191033
9.17345 0.172724
9.23628 0.154026
9.29911 0.13502
9.36195 0.115782
9.42478 0.0963911
9.48761 0.0769259
9.55044 0.0574634
9.61327 0.0380795
9.67611 0.0188489
9.73894 -0.000155341
9.80177 -0.0188623
9.8646 -0.0372032
9.92743 -0.055112
9.99026 -0.0725252
10.0531 -0.0893825
10.1159 -0.105627
10.1788 -0.121204
10.2416 -0.136064
10.3044 -0.15016
10.3673 -0.163449
10.4301 -0.175894
10.4929 -0.187457
10.5558 -0.19811
10.6186 -0.207824
10.6814 -0.216579
10.7442 -0.224353
10.8071 -0.231135
10.8699 -0.236912
10.9327 -0.241679
10.9956 -0.245433
11.0584 -0.248176
11.1212 -0.249913
11.1841 -0.250653
11.2469 -0.250409
11.3097 -0.249198
11.3726 -0.247038
11.4354 -0.243954
11.4982 -0.23997
11.5611 -0.235117
11.6239 -0.229427
11.6867 -0.222934
11.7496 -0.215675
11.8124 -0.20769
11.8752 -0.199022
11.9381 -0.189714
12.0009 -0.179812
12.0637 -0.169363
12.1265 -0.158416
12.1894 -0.147022
12.2522 -0.135232
12.315 -0.123096
12.3779 -0.110669
12.4407 -0.0980033
12.5035 -0.0851513
12.5664 -0.0721665
12.6292 -0.0591017
12.692 -0.0460093
12.7549 -0.032941
12.8177 -0.0199476
12.8805 -0.00707876
12.9434 0.00561689
13.0062 0.0180923
13.069 0.030302
13.1319 0.0422024
13.1947 0.0537515
13.2575 0.0649097
13.3204 0.0756394
13.3832 0.0859053
13.446 0.0956745
13.5088 0.104917
13.5717 0.113604
13.6345 0.121711
13.6973 0.129216
13.7602 0.136098
13.823 0.142341
13.8858 0.14793
13.9487 0.152854
14.0115 0.157105
14.0743 0.160675
14.1372 0.163562
14.2 0.165766
14.2628 0.167289
14.3257 0.168135
14.3885 0.168312
14.4513 0.167829
14.5142 0.166699
14.577 0.164936
14.6398 0.162556
14.7027 0.15958
14.7655 0.156027
14.8283 0.151919
14.8911 0.147283
14.954 0.142144
15.0168 0.13653
15.0796 0.130469
15.1425 0.123993
15.2053 0.117134
15.2681 0.109923
15.331 0.102395
15.3938 0.094583
15.4566 0.0865231
15.5195 0.0782503
15.5823 0.0698001
15.6451 0.0612084
15.708 0.052511
15.7708 0.0437435
15.8336 0.0349416
15.8965 0.02614
15.9593 0.0173734
16.0221 0.00867551
16.085 7.94191e-05
16.1478 -0.00838279
16.2106 -0.01668
16.2734 -0.0247823
16.3363 -0.032661
16.3991 -0.0402886
16.4619 -0.0476392
16.5248 -0.0546884
16.5876 -0.0614132
16.6504 -0.0677924
16.7133 -0.0738064
16.7761 -0.0794374
16.8389 -0.0846694
16.9018 -0.0894881
16.9646 -0.0938812
17.0274 -0.0978382
17.0903 -0.10135
17.1531 -0.104411
17.2159 -0.107015
17.2788 -0.10916
17.3416 -0.110844
17.4044 -0.112069
17.4673 -0.112835
17.5301 -0.113149
17.5929 -0.113014
17.6558 -0.11244
17.7186 -0.111435
17.7814 -0.110009
17.8442 -0.108175
17.9071 -0.105947
17.9699 -0.103338
18.0327 -0.100366
18.0956 -0.0970479
18.1584 -0.0934013
18.2212 -0.089446
18.2841 -0.0852022
18.3469 -0.080691
18.4097 -0.0759343
18.4726 -0.0709543
18.5354 -0.0657742
18.5982 -0.0604172
18.6611 -0.0549071
18.7239 -0.0492678
18.7867 -0.0435236
18.8496 -0.0376984
18.9124 -0.0318163
18.9752 -0.0259014
19.0381 -0.0199773
19.1009 -0.0140673
19.1637 -0.00819449
19.2265 -0.00238121
19.2894 0.00335066
19.3522 0.0089799
19.415 0.0144861
19.4779 0.0198495
19.5407 0.0250513
19.6035 0.0300737
19.6664 0.0348999
19.7292 0.0395139
19.792 0.0439009
19.8549 0.0480474
19.9177 0.0519409
19.9805 0.05557
20.0434 0.0589247
20.1062 0.0619962
20.169 0.0647768
20.2319 0.0672601
20.2947 0.0694412
20.3575 0.0713162
20.4204 0.0728826
20.4832 0.074139
20.546 0.0750854
20.6088 0.0757229
20.6717 0.0760538
20.7345 0.0760817
20.7973 0.0758111
20.8602 0.0752478
20.923 0.0743985
20.9858 0.0732711
21.0487 0.0718743
21.1115 0.0702177
21.1743 0.0683119
21.2372 0.0661682
21.3 0.0637988
21.3628 0.0612163
21.4257 0.0584344
21.4885 0.0554669
21.5513 0.0523283
21.6142 0.0490337
21.677 0.0455983
21.7398 0.0420379
21.8027 0.0383683
21.8655 0.0346056
21.9283 0.0307659
21.9911 0.0268656
22.054 0.0229209
22.1168 0.0189479
22.1796 0.0149626
22.2425 0.0109809
22.3053 0.00701829
22.3681 0.00309003
22.431 -0.000789014
22.4938 -0.00460441
22.5566 -0.00834218
22.6195 -0.0119889
22.6823 -0.0155317
22.7451 -0.0189583
22.808 -0.022257
22.8708 -0.025417
22.9336 -0.028428
22.9965 -0.0312806
23.0593 -0.033966
23.1221 -0.0364764
23.185 -0.0388046
23.2478 -0.0409443
23.3106 -0.0428901
23.3734 -0.0446375
23.4363 -0.0461826
23.4991 -0.0475226
23.5619 -0.0486554
23.6248 -0.0495798
23.6876 -0.0502955
23.7504 -0.0508029
23.8133 -0.0511033
23.8761 -0.0511988
23.9389 -0.0510921
24.0018 -0.0507868
24.0646 -0.0502872
24.1274 -0.0495984
24.1903 -0.048726
24.2531 -0.0476762
24.3159 -0.0464559
24.3788 -0.0450726
24.4416 -0.0435343
24.5044 -0.0418493
24.5673 -0.0400266
24.6301 -0.0380755
24.6929 -0.0360056
24.7558 -0.0338268
24.8186 -0.0315495
24.8814 -0.029184
24.9442 -0.0267411
25.0071 -0.0242315
25.0699 -0.0216661
25.1327 -0.0190557
25.1956 -0.0164114
25.2584 -0.0137441
25.3212 -0.0110645
25.3841 -0.00838338
25.4469 -0.00571124
25.5097 -0.00305842
25.5726 -0.000435021
25.6354 0.00214913
25.6982 0.0046845
25.7611 0.00716193
25.8239 0.00957261
25.8867 0.0119081
25.9496 0.0141605
26.0124 0.0163222
26.0752 0.0183861
26.1381 0.0203457
26.2009 0.022195
26.2637 0.0239284
26.3265 0.0255409
26.3894 0.0270281
26.4522 0.0283862
26.515 0.0296117
26.5779 0.0307021
26.6407 0.0316551
26.7035 0.0324691
26.7664 0.0331431
26.8292 0.0336767
26.892 0.0340699
26.9549 0.0343234
27.0177 0.0344385
27.0805 0.0344167
27.1434 0.0342604
27.2062 0.0339722
27.269 0.0335553
27.3319 0.0330134
27.3947 0.0323506
27.4575 0.0315713
27.5204 0.0306804
27.5832 0.0296831
27.646 0.028585
27.7088 0.027392
27.7717 0.0261103
27.8345 0.0247462
27.8973 0.0233064
27.9602 0.0217977
28.023 0.0202271
28.0858 0.0186017
28.1487 0.0169288
28.2115 0.0152156
28.2743 0.0134695
28.3372 0.0116979
28.4 0.00990803
28.4628 0.00810728
28.5257 0.00630286
28.5885 0.00450189
28.6513 0.00271139
28.7142 0.000938209
28.777 -0.000810967
28.8398 -0.00252966
28.9027 -0.00421159
28.9655 -0.00585076
29.0283 -0.0074414
29.0911 -0.00897803
29.154 -0.0104555
29.2168 -0.0118689
29.2796 -0.0132136
29.3425 -0.0144856
29.4053 -0.015681
29.4681 -0.0167962
29.531 -0.0178281
29.5938 -0.018774
29.6566 -0.0196316
29.7195 -0.0203988
29.7823 -0.021074
29.8451 -0.0216561
29.908 -0.0221442
29.9708 -0.0225379
30.0336 -0.0228371
30.0965 -0.023042
30.1593 -0.0231535
30.2221 -0.0231724
30.285 -0.0231002
30.3478 -0.0229385
30.4106 -0.0226895
30.4734 -0.0223553
30.5363 -0.0219388
30.5991 -0.0214428
30.6619 -0.0208704
30.7248 -0.0202251
30.7876 -0.0195106
30.8504 -0.0187308
30.9133 -0.0178898
30.9761 -0.0169917
31.0389 -0.016041
31.1018 -0.0150423
31.1646 -0.0140002
31.2274 -0.0129195
31.2903 -0.0118049
31.3531 -0.0106616
31.4159 -0.00949421
31.4788 -0.00830787
31.5416 -0.00710748
31.6044 -0.00589796
31.6673 -0.0046842
31.7301 -0.00347103
31.7929 -0.00226318
31.8557 -0.00106532
31.9186 0.000118018
31.9814 0.00128242
32.0442 0.00242362
32.1071 0.00353749
32.1699 0.00462011
32.2327 0.00566771
32.2956 0.00667674
32.3584 0.00764383
32.4212 0.00856586
32.4841 0.00943991
32.5469 0.0102633
32.6097 0.0110336
32.6726 0.0117486
32.7354 0.0124064
32.7982 0.0130053
32.8611 0.0135438
32.9239 0.0140209
32.9867 0.0144355
33.0496 0.014787
33.1124 0.0150751
33.1752 0.0152996
33.2381 0.0154606
33.3009 0.0155585
33.3637 0.0155938
33.4265 0.0155675
33.4894 0.0154805
33.5522 0.0153342
33.615 0.0151301
33.6779 0.0148698
33.7407 0.0145553
33.8035 0.0141886
33.8664 0.0137721
33.9292 0.013308
33.992 0.012799
34.0549 0.0122478
34.1177 0.0116572
34.1805 0.0110301
34.2434 0.0103695
34.3062 0.00967858
34.369 0.00896051
34.4319 0.00821852
34.4947 0.00745588
34.5575 0.00667592
34.6204 0.00588197
34.6832 0.00507734
34.746 0.00426537
34.8088 0.00344936
34.8717 0.00263256
34.9345 0.00181819
34.9973 0.0010094
35.0602 0.000209285
35.123 -0.00057916
35.1858 -0.00135303
35.2487 -0.00210951
35.3115 -0.00284591
35.3743 -0.00355965
35.4372 -0.0042483
35.5 -0.00490953
35.5628 -0.0055412
35.6257 -0.00614128
35.6885 -0.00670791
35.7513 -0.0072394
35.8142 -0.00773421
35.877 -0.00819096
35.9398 -0.00860848
36.0027 -0.00898572
36.0655 -0.00932184
36.1283 -0.00961617
36.1911 -0.00986821
36.254 -0.0100776
36.3168 -0.0102442
36.3796 -0.0103681
36.4425 -0.0104494
36.5053 -0.0104884
36.5681 -0.0104857
36.631 -0.010442
36.6938 -0.010358
36.7566 -0.0102346
36.8195 -0.0100731
36.8823 -0.00987464
36.9451 -0.00964054
37.008 -0.00937229
37.0708 -0.00907149
37.1336 -0.00873981
37.1965 -0.00837905
37.2593 -0.00799107
37.3221 -0.00757781
37.385 -0.0071413
37.4478 -0.0066836
37.5106 -0.00620684
37.5734 -0.00571319
37.6363 -0.00520485
37.6991 -0.00468404
37.7619 -0.00415299
37.8248 -0.00361395
37.8876 -0.00306916
37.9504 -0.00252084
38.0133 -0.00197119
38.0761 -0.0014224
38.1389 -0.000876598
38.2018 -0.000335881
38.2646 0.000197712
38.3274 0.0007222
38.3903 0.00123567
38.4531 0.00173627
38.5159 0.00222226
38.5788 0.00269194
38.6416 0.00314374
38.7044 0.00357616
38.7673 0.00398781
38.8301 0.00437739
38.8929 0.00474373
38.9557 0.00508575
39.0186 0.0054025
39.0814 0.00569311
39.1442 0.00595687
39.2071 0.00619316
39.2699 0.00640147
39.3327 0.00658143
39.3956 0.00673279
39.4584 0.00685538
39.5212 0.00694918
39.5841 0.00701427
39.6469 0.00705084
39.7097 0.0070592
39.7726 0.00703974
39.8354 0.006993
39.8982 0.00691956
39.9611 0.00682014
40.0239 0.00669554
40.0867 0.00654663
40.1496 0.00637437
40.2124 0.00617982
40.2752 0.00596407
40.338 0.0057283
40.4009 0.00547376
40.4637 0.00520173
40.5265 0.00491355
40.5894 0.00461061
40.6522 0.00429432
40.715 0.00396613
40.7779 0.00362751
40.8407 0.00327996
40.9035 0.00292498
40.9664 0.00256406
41.0292 0.00219873
41.092 0.00183049
41.1549 0.00146081
41.2177 0.00109118
41.2805 0.000723038
41.3434 0.000357811
41.4062 -3.11693e-06
41.469 -0.000358398
41.5319 -0.000706728
41.5947 -0.00104685
41.6575 -0.00137755
41.7204 -0.0016977
41.7832 -0.00200619
41.846 -0.00230199
41.9088 -0.00258415
41.9717 -0.00285178
42.0345 -0.00310405
42.0973 -0.00334021
42.1602 -0.00355958
42.223 -0.00376158
42.2858 -0.00394567
42.3487 -0.00411142
42.4115 -0.00425846
42.4743 -0.00438651
42.5372 -0.00449536
42.6 -0.00458489
42.6628 -0.00465505
42.7257 -0.00470586
42.7885 -0.00473742
42.8513 -0.00474992
42.9142 -0.0047436
42.977 -0.00471878
43.0398 -0.00467584
43.1027 -0.00461525
43.1655 -0.0045375
43.2283 -0.00444318
43.2911 -0.00433291
43.354 -0.00420738
43.4168 -0.0040673
43.4796 -0.00391347
43.5425 -0.0037467
43.6053 -0.00356784
43.6681 -0.00337778
43.731 -0.00317745
43.7938 -0.00296778
43.8566 -0.00274976
43.9195 -0.00252435
43.9823 -0.00229257
44.0451 -0.00205542
44.108 -0.00181391
44.1708 -0.00156906
44.2336 -0.00132189
44.2965 -0.00107338
44.3593 -0.000824551
44.4221 -0.000576371
44.485 -0.000329806
44.5478 -8.57972e-05
44.6106 0.000154739
44.6734 0.000390913
44.7363 0.000621867
44.7991 0.000846777
44.8619 0.00106486
44.9248 0.00127536
44.9876 0.00147757
45.0504 0.00167083
45.1133 0.00185453
45.1761 0.00202808
45.2389 0.00219098
45.3018 0.00234274
45.3646 0.00248295
45.4274 0.00261123
45.4903 0.00272727
45.5531 0.00283081
45.6159 0.00292163
45.6788 0.00299958
45.7416 0.00306456
45.8044 0.0031165
45.8673 0.00315541
45.9301 0.00318135
45.9929 0.0031944
46.0557 0.00319473
46.1186 0.00318253
46.1814 0.00315804
46.2442 0.00312155
46.3071 0.00307339
46.3699 0.00301393
46.4327 0.00294359
46.4956 0.0028628
46.5584 0.00277205
46.6212 0.00267185
46.6841 0.00256273
46.7469 0.00244527
46.8097 0.00232006
46.8726 0.00218771
46.9354 0.00204884
46.9982 0.00190411
47.0611 0.00175418
47.1239 0.0015997
47.1867 0.00144137
47.2496 0.00127986
47.3124 0.00111585
47.3752 0.000950027
47.438 0.000783067
47.5009 0.000615644
47.5637 0.000448421
47.6265 0.00028205
47.6894 0.000117171
47.7522 -4.55933e-05
47.815 -0.000205638
47.8779 -0.000362378
47.9407 -0.00051525
48.0035 -0.000663715
48.0664 -0.000807261
48.1292 -0.0009454
48.192 -0.00107768
48.2549 -0.00120366
48.3177 -0.00132296
48.3805 -0.00143521
48.4434 -0.00154008
48.5062 -0.00163728
48.569 -0.00172654
48.6319 -0.00180763
48.6947 -0.00188037
48.7575 -0.00194461
48.8203 -0.00200022
48.8832 -0.00204711
48.946 -0.00208525
49.0088 -0.00211462
49.0717 -0.00213524
49.1345 -0.00214716
49.1973 -0.00215048
49.2602 -0.00214532
49.323 -0.00213182
49.3858 -0.00211018
49.4487 -0.00208061
49.5115 -0.00204333
49.5743 -0.00199863
49.6372 -0.00194679
49.7 -0.00188813
49.7628 -0.00182297
49.8257 -0.00175169
49.8885 -0.00167466
49.9513 -0.00159226
50.0142 -0.0015049
50.077 -0.00141301
50.1398 -0.00131701
50.2027 -0.00121735
50.2655 -0.00111447
50.3283 -0.00100882
50.3911 -0.000900875
50.454 -0.000791079
50.5168 -0.000679895
50.5796 -0.000567781
50.6425 -0.000455192
50.7053 -0.000342575
50.7681 -0.000230374
50.831 -0.000119021
50.8938 -8.93968e-06
50.9566 9.94581e-05
51.0195 0.000205774
51.0823 0.000309623
51.1451 0.000410636
51.208 0.000508463
51.2708 0.000602769
51.3336 0.00069324
51.3965 0.00077958
51.4593 0.000861515
51.5221 0.000938794
51.585 0.00101119
51.6478 0.00107848
51.7106 0.0011405
51.7734 0.00119708
51.8363 0.00124808
51.8991 0.00129339
51.9619 0.00133292
52.0248 0.00136661
52.0876 0.00139442
52.1504 0.00141632
52.2133 0.00143233
52.2761 0.00144248
52.3389 0.00144681
52.4018 0.0014454
52.4646 0.00143834
52.5274 0.00142576
52.5903 0.00140778
52.6531 0.00138456
52.7159 0.00135628
52.7788 0.00132312
52.8416 0.00128529
52.9044 0.00124301
52.9673 0.00119652
53.0301 0.00114607
53.0929 0.00109191
53.1557 0.00103431
53.2186 0.000973554
53.2814 0.000909931
53.3442 0.000843735
53.4071 0.000775263
53.4699 0.000704822
53.5327 0.000632716
53.5956 0.000559255
53.6584 0.000484749
53.7212 0.000409505
53.7841 0.00033383
53.8469 0.000258028
53.9097 0.000182397
53.9726 0.000107233
54.0354 3.28207e-05
54.0982 -4.05581e-05
54.1611 -0.000112632
54.2239 -0.00018314
54.2867 -0.000251829
54.3496 -0.000318457
54.4124 -0.000382798
54.4752 -0.000444633
54.538 -0.000503759
54.6009 -0.000559987
54.6637 -0.000613142
54.7265 -0.000663062
54.7894 -0.000709604
54.8522 -0.000752637
54.915 -0.000792048
54.9779 -0.000827738
55.0407 -0.000859625
55.1035 -0.000887644
55.1664 -0.000911745
55.2292 -0.000931896
55.292 -0.000948078
55.3549 -0.00096029
55.4177 -0.000968547
55.4805 -0.000972877
55.5434 -0.000973325
55.6062 -0.000969951
55.669 -0.000962826
55.7319 -0.000952037
55.7947 -0.000937684
55.8575 -0.000919878
55.9203 -0.000898744
55.9832 -0.000874417
56.046 -0.00084704
56.1088 -0.00081677
56.1717 -0.000783771
56.2345 -0.000748213
56.2973 -0.000710277
56.3602 -0.000670149
56.423 -0.000628019
56.4858 -0.000584085
56.5487 -0.000538547
56.6115 -0.000491608
56.6743 -0.000443475
56.7372 -0.000394354
56.8 -0.000344454
56.8628 -0.000293982
56.9257 -0.000243146
56.9885 -0.00019215
57.0513 -0.000141197
57.1142 -9.04857e-05
57.177 -4.02113e-05
57.2398 9.4358e-06
57.3027 5.82709e-05
57.3655 0.000106115
57.4283 0.000152796
57.4911 0.00019815
57.554 0.000242018
57.6168 0.000284253
57.6796 0.000324714
57.7425 0.00036327
57.8053 0.0003998
57.8681 0.000434192
57.931 0.000466345
57.9938 0.000496167
58.0566 0.000523578
58.1195 0.000548509
58.1823 0.0005709
58.2451 0.000590703
58.308 0.000607881
58.3708 0.000622408
58.4336 0.000634267
58.4965 0.000643454
58.5593 0.000649976
58.6221 0.000653847
58.685 0.000655094
58.7478 0.000653753
58.8106 0.000649869
58.8734 0.000643499
58.9363 0.000634705
58.9991 0.00062356
59.0619 0.000610144
59.1248 0.000594545
59.1876 0.000576858
59.2504 0.000557186
59.3133 0.000535637
59.3761 0.000512324
59.4389 0.000487366
59.5018 0.000460887
59.5646 0.000433014
59.6274 0.000403879
59.6903 0.000373615
59.7531 0.000342359
59.8159 0.000310248
59.8788 0.000277423
59.9416 0.000244022
60.0044 0.000210186
60.0673 0.000176053
60.1301 0.000141764
60.1929 0.000107454
60.2557 7.32584e-05
60.3186 3.93094e-05
60.3814 5.73624e-06
60.4442 -2.73352e-05
60.5071 -5.97833e-05
60.5699 -9.14903e-05
60.6327 -0.000122344
60.6956 -0.000152236
60.7584 -0.000181064
60.8212 -0.000208733
60.8841 -0.000235151
60.9469 -0.000260234
61.0097 -0.000283906
61.0726 -0.000306095
61.1354 -0.000326738
61.1982 -0.000345777
61.2611 -0.000363164
61.3239 -0.000378855
61.3867 -0.000392816
61.4496 -0.000405018
61.5124 -0.000415442
61.5752 -0.000424075
61.638 -0.00043091
61.7009 -0.000435949
61.7637 -0.0004392
61.8265 -0.000440678
61.8894 -0.000440406
61.9522 -0.000438411
62.015 -0.000434728
62.0779 -0.000429398
62.1407 -0.000422468
62.2035 -0.00041399
62.2664 -0.000404021
62.3292 -0.000392624
62.392 -0.000379865
62.4549 -0.000365816
62.5177 -0.000350552
62.5805 -0.000334152
62.6434 -0.000316697
62.7062 -0.000298274
62.769 -0.000278969
62.8319 -0.000258871
