0.01 0.998027 0.996678 0.998339 0.998339 0.998339
0.02 0.992115 0.990041 0.993358 0.993358 0.993361
0.03 0.982287 0.980104 0.985067 0.985067 0.985075
0.04 0.968583 0.966887 0.973485 0.973485 0.9735
0.05 0.951057 0.950421 0.958636 0.958636 0.958662
0.06 0.929776 0.930743 0.940555 0.940555 0.940593
0.07 0.904827 0.907899 0.919283 0.919282 0.919335
0.08 0.876307 0.881942 0.894869 0.894868 0.894939
0.09 0.844328 0.852938 0.867374 0.867373 0.867464
0.1 0.809017 0.820961 0.836865 0.836864 0.836978
0.11 0.770513 0.786094 0.803424 0.803422 0.803562
0.12 0.728969 0.748434 0.767139 0.767137 0.767305
0.13 0.684547 0.708088 0.728112 0.728108 0.728308
0.14 0.637424 0.665174 0.686456 0.686451 0.686684
0.15 0.587785 0.619823 0.642295 0.642289 0.642559
0.16 0.535827 0.572179 0.595768 0.59576 0.596069
0.17 0.481754 0.522398 0.547024 0.547014 0.547364
0.18 0.425779 0.470646 0.496224 0.496212 0.496605
0.19 0.368125 0.417105 0.443543 0.443528 0.443966
0.2 0.309017 0.361964 0.389166 0.389148 0.389632
0.21 0.24869 0.305425 0.333289 0.333269 0.3338
0.22 0.187381 0.247699 0.27612 0.276096 0.276675
0.23 0.125333 0.189005 0.217873 0.217846 0.218472
0.24 0.0627905 0.129569 0.158771 0.158741 0.159414
0.25 -1.03412e-13 0.0696234 0.0990451 0.0990117 0.0997295
0.26 -0.0627905 0.00940299 0.0389278 0.038891 0.0396524
0.27 -0.125333 -0.0508545 -0.0213435 -0.0213836 -0.0205811
0.28 -0.187381 -0.110911 -0.0815307 -0.081574 -0.0807334
0.29 -0.24869 -0.170531 -0.141396 -0.141443 -0.140567
0.3 -0.309017 -0.229481 -0.200705 -0.200754 -0.199849
0.31 -0.368125 -0.287533 -0.259227 -0.259278 -0.258347
0.32 -0.425779 -0.344465 -0.316735 -0.316788 -0.315837
0.33 -0.481754 -0.400064 -0.373013 -0.373068 -0.372102
0.34 -0.535827 -0.454126 -0.427852 -0.427907 -0.426932
0.35 -0.587785 -0.506456 -0.481051 -0.481107 -0.480128
0.36 -0.637424 -0.55687 -0.532421 -0.532477 -0.531502
0.37 -0.684547 -0.605198 -0.581787 -0.581842 -0.580875
0.38 -0.728969 -0.651281 -0.628981 -0.629035 -0.628084
0.39 -0.770513 -0.694969 -0.673851 -0.673904 -0.672973
0.4 -0.809017 -0.73613 -0.716255 -0.716306 -0.715403
0.41 -0.844328 -0.77464 -0.756066 -0.756115 -0.755245
0.42 -0.876307 -0.810389 -0.793167 -0.793212 -0.792381
0.43 -0.904827 -0.843278 -0.827452 -0.827494 -0.826708
0.44 -0.929776 -0.873218 -0.858829 -0.858868 -0.858131
0.45 -0.951057 -0.900132 -0.887216 -0.88725 -0.886567
0.46 -0.968583 -0.923954 -0.912539 -0.91257 -0.911945
0.47 -0.982287 -0.944625 -0.934738 -0.934764 -0.934203
0.48 -0.992115 -0.962097 -0.953759 -0.953781 -0.953287
0.49 -0.998027 -0.976331 -0.969559 -0.969576 -0.969152
0.5 -1 -0.987294 -0.982101 -0.982113 -0.981764
0.51 -0.998027 -0.994963 -0.991359 -0.991365 -0.991094
0.52 -0.992115 -0.99932 -0.99731 -0.997313 -0.997121
0.53 -0.982287 -1.00036 -0.999944 -0.999942 -0.999833
0.54 -0.968583 -0.998071 -0.999255 -0.999247 -0.999225
0.55 -0.951057 -0.992467 -0.995243 -0.99523 -0.995296
0.56 -0.929776 -0.983557 -0.987918 -0.9879 -0.988056
0.57 -0.904827 -0.971361 -0.977294 -0.977272 -0.977521
0.58 -0.876307 -0.955905 -0.963397 -0.963369 -0.963713
0.59 -0.844328 -0.937224 -0.946255 -0.946223 -0.946663
0.6 -0.809017 -0.915362 -0.92591 -0.925873 -0.92641
0.61 -0.770513 -0.89037 -0.902407 -0.902365 -0.903002
0.62 -0.728969 -0.86231 -0.875804 -0.875758 -0.876495
0.63 -0.684547 -0.831251 -0.846167 -0.846116 -0.846955
0.64 -0.637424 -0.797276 -0.813572 -0.813516 -0.814457
0.65 -0.587785 -0.760477 -0.778106 -0.778045 -0.779089
0.66 -0.535827 -0.720956 -0.739867 -0.739801 -0.740949
0.67 -0.481754 -0.67883 -0.698964 -0.698894 -0.700144
0.68 -0.425779 -0.634224 -0.655519 -0.655444 -0.656797
0.69 -0.368125 -0.58728 -0.609665 -0.609585 -0.61104
0.7 -0.309017 -0.538148 -0.56155 -0.561465 -0.563019
0.71 -0.24869 -0.486992 -0.51133 -0.51124 -0.512893
0.72 -0.187381 -0.433989 -0.459176 -0.459081 -0.46083
0.73 -0.125333 -0.379326 -0.405271 -0.405171 -0.407012
0.74 -0.0627905 -0.323201 -0.349808 -0.349703 -0.351633
0.75 3.10679e-13 -0.265822 -0.29299 -0.292881 -0.294894
0.76 0.0627905 -0.207406 -0.235031 -0.234917 -0.237009
0.77 0.125333 -0.148177 -0.176152 -0.176033 -0.178197
0.78 0.187381 -0.0883655 -0.116579 -0.116457 -0.118686
0.79 0.24869 -0.0282054 -0.0565474 -0.0564212 -0.058708
0.8 0.309017 0.0320661 0.00370828 0.00383771 0.00150161
0.81 0.368125 0.092211 0.0639495 0.0640817 0.0617053
0.82 0.425779 0.151992 0.123938 0.124073 0.121666
0.83 0.481754 0.211176 0.183439 0.183575 0.181147
0.84 0.535827 0.269532 0.242219 0.242356 0.239918
0.85 0.587785 0.326837 0.300052 0.300189 0.297751
0.86 0.637424 0.382874 0.356716 0.356853 0.354427
0.87 0.684547 0.437437 0.412001 0.412137 0.409734
0.88 0.728969 0.490327 0.465704 0.465837 0.463468
0.89 0.770513 0.541358 0.517633 0.517763 0.515439
0.9 0.809017 0.590355 0.567607 0.567733 0.565464
0.91 0.844328 0.637154 0.615456 0.615579 0.613376
0.92 0.876307 0.681605 0.661025 0.661142 0.659016
0.93 0.904827 0.723568 0.704168 0.70428 0.702239
0.94 0.929776 0.762918 0.744754 0.744859 0.742914
0.95 0.951057 0.799539 0.782662 0.78276 0.780919
0.96 0.968583 0.83333 0.817784 0.817874 0.816146
0.97 0.982287 0.864198 0.850024 0.850106 0.848498
0.98 0.992115 0.892064 0.879296 0.87937 0.877888
0.99 0.998027 0.916858 0.905525 0.90559 0.904243
1 1 0.938517 0.928646 0.928702 0.927495
1.01 0.998027 0.956992 0.948604 0.948651 0.947589
1.02 0.992115 0.97224 0.965352 0.965389 0.964478
1.03 0.982287 0.984227 0.978853 0.97888 0.978124
1.04 0.968583 0.992925 0.989075 0.989092 0.988495
1.05 0.951057 0.998317 0.995997 0.996004 0.99557
1.06 0.929776 1.00039 0.999604 0.999601 0.999334
1.07 0.904827 0.99914 0.999888 0.999875 0.999777
1.08 0.876307 0.99457 0.996848 0.996825 0.996899
1.09 0.844328 0.98669 0.990491 0.990459 0.990707
1.1 0.809017 0.975517 0.980831 0.980789 0.981213
1.11 0.770513 0.961075 0.967889 0.967837 0.968438
1.12 0.728969 0.943396 0.951693 0.951631 0.952411
1.13 0.684547 0.922521 0.93228 0.932209 0.933168
1.14 0.637424 0.8985 0.909696 0.909615 0.910754
1.15 0.587785 0.871389 0.883993 0.883903 0.885221
1.16 0.535827 0.841258 0.855235 0.855136 0.856634
1.17 0.481754 0.808183 0.823496 0.823388 0.825065
1.18 0.425779 0.772255 0.788859 0.788742 0.790596
1.19 0.368125 0.733571 0.751419 0.751293 0.753322
1.2 0.309017 0.692244 0.711282 0.711147 0.713349
1.21 0.24869 0.648398 0.668565 0.668422 0.670793
1.22 0.187381 0.602167 0.6234 0.623248 0.625784
1.23 0.125333 0.553701 0.575927 0.575767 0.578464
1.24 0.0627905 0.503158 0.526303 0.526135 0.528987
1.25 -5.17502e-13 0.450712 0.474694 0.474518 0.477518
1.26 -0.0627905 0.396546 0.421279 0.421096 0.424235
1.27 -0.125333 0.340855 0.366247 0.366057 0.369329
1.28 -0.187381 0.283844 0.309801 0.309604 0.312998
1.29 -0.24869 0.225728 0.252149 0.251946 0.255453
1.3 -0.309017 0.166729 0.193512 0.193303 0.19691
1.31 -0.368125 0.107074 0.134114 0.133901 0.137596
1.32 -0.425779 0.0469969 0.0741874 0.0739701 0.0777404
1.33 -0.481754 -0.0132654 0.0139679 0.0137471 0.0175784
1.34 -0.535827 -0.0734753 -0.046307 -0.0465304 -0.0426529
1.35 -0.587785 -0.133395 -0.106399 -0.106624 -0.102716
1.36 -0.637424 -0.19279 -0.166072 -0.166298 -0.162375
1.37 -0.684547 -0.251429 -0.225092 -0.225317 -0.221395
1.38 -0.728969 -0.309085 -0.28323 -0.283454 -0.27955
1.39 -0.770513 -0.365541 -0.340264 -0.340486 -0.336615
1.4 -0.809017 -0.420585 -0.395979 -0.396198 -0.392378
1.41 -0.844328 -0.474018 -0.450171 -0.450384 -0.446631
1.42 -0.876307 -0.525648 -0.502643 -0.502851 -0.499181
1.43 -0.904827 -0.575298 -0.553212 -0.553413 -0.549841
1.44 -0.929776 -0.622799 -0.601705 -0.601899 -0.59844
1.45 -0.951057 -0.667998 -0.647962 -0.648147 -0.644816
1.46 -0.968583 -0.710751 -0.691834 -0.69201 -0.688819
1.47 -0.982287 -0.750929 -0.733186 -0.733351 -0.730315
1.48 -0.992115 -0.788413 -0.771894 -0.772048 -0.769178
1.49 -0.998027 -0.823098 -0.807846 -0.807988 -0.805296
1.5 -1 -0.854887 -0.840943 -0.841073 -0.838568
1.51 -0.998027 -0.883698 -0.871096 -0.871213 -0.868905
1.52 -0.992115 -0.909456 -0.898227 -0.89833 -0.896229
1.53 -0.982287 -0.9321 -0.922268 -0.922357 -0.92047
1.54 -0.968583 -0.951573 -0.943161 -0.943236 -0.941569
1.55 -0.951057 -0.967832 -0.960857 -0.960917 -0.959478
1.56 -0.929776 -0.980839 -0.975314 -0.97536 -0.974155
1.57 -0.904827 -0.990566 -0.986502 -0.986532 -0.985566
1.58 -0.876307 -0.99699 -0.994395 -0.99441 -0.993687
1.59 -0.844328 -1.0001 -0.998976 -0.998976 -0.998501
1.6 -0.809017 -0.999887 -1.00024 -1.00022 -0.999996
1.61 -0.770513 -0.996352 -0.998171 -0.998141 -0.99817
1.62 -0.728969 -0.989503 -0.992787 -0.992742 -0.993026
1.63 -0.684547 -0.979355 -0.984094 -0.984034 -0.984576
1.64 -0.637424 -0.965929 -0.972112 -0.972037 -0.972837
1.65 -0.587785 -0.949256 -0.956866 -0.956777 -0.957837
1.66 -0.535827 -0.929374 -0.938392 -0.938288 -0.939608
1.67 -0.481754 -0.906328 -0.916732 -0.916614 -0.918193
1.68 -0.425779 -0.880175 -0.891936 -0.891804 -0.893642
1.69 -0.368125 -0.850978 -0.864067 -0.863921 -0.866015
1.7 -0.309017 -0.818812 -0.833193 -0.833033 -0.835381
1.71 -0.24869 -0.783764 -0.799395 -0.799222 -0.801821
1.72 -0.187381 -0.745928 -0.762765 -0.762579 -0.765425
1.73 -0.125333 -0.705414 -0.723405 -0.723206 -0.726294
1.74 -0.0627905 -0.662339 -0.68143 -0.681218 -0.684543
1.75 7.24325e-13 -0.616837 -0.636966 -0.636743 -0.640296
1.76 0.0627905 -0.569052 -0.590152 -0.589917 -0.593692
1.77 0.125333 -0.519139 -0.541139 -0.540893 -0.54488
1.78 0.187381 -0.467267 -0.490091 -0.489835 -0.494024
1.79 0.24869 -0.413617 -0.437183 -0.436916 -0.441296
1.8 0.309017 -0.35838 -0.382602 -0.382326 -0.386883
1.81 0.368125 -0.301759 -0.326545 -0.32626 -0.330981
1.82 0.425779 -0.243964 -0.269221 -0.268928 -0.273797
1.83 0.481754 -0.185216 -0.210845 -0.210546 -0.215546
1.84 0.535827 -0.125741 -0.151642 -0.151337 -0.156451
1.85 0.587785 -0.0657703 -0.0918418 -0.0915316 -0.096742
1.86 0.637424 -0.00554045 -0.031679 -0.0313651 -0.0366515
1.87 0.684547 0.0547113 0.0286091 0.0289257 0.0235835
1.88 0.728969 0.114747 0.0887845 0.0891024 0.0837256
1.89 0.770513 0.174331 0.14861 0.148928 0.143538
1.9 0.809017 0.23323 0.20785 0.208167 0.202785
1.91 0.844328 0.291217 0.266275 0.266589 0.261239
1.92 0.876307 0.34807 0.323661 0.32397 0.318673
1.93 0.904827 0.403577 0.37979 0.380094 0.374871
1.94 0.929776 0.457533 0.434454 0.434751 0.429624
1.95 0.951057 0.509745 0.487455 0.487744 0.482733
1.96 0.968583 0.560031 0.538606 0.538885 0.534012
1.97 0.982287 0.60822 0.58773 0.587999 0.583281
1.98 0.992115 0.654153 0.634663 0.63492 0.630378
1.99 0.998027 0.697684 0.679254 0.679498 0.675148
2 1 0.738679 0.721363 0.721593 0.717452
2.01 0.998027 0.777015 0.760864 0.761077 0.757161
2.02 0.992115 0.812583 0.79764 0.797837 0.79416
2.03 0.982287 0.845285 0.831588 0.831769 0.828344
2.04 0.968583 0.875034 0.862618 0.862781 0.859619
2.05 0.951057 0.901752 0.890646 0.890791 0.887905
2.06 0.929776 0.925373 0.915604 0.91573 0.913129
2.07 0.904827 0.945841 0.93743 0.937536 0.93523
2.08 0.876307 0.963107 0.956071 0.956158 0.954154
2.09 0.844328 0.977132 0.971486 0.971553 0.969858
2.1 0.809017 0.987885 0.983639 0.983686 0.982307
2.11 0.770513 0.995341 0.992503 0.99253 0.991472
2.12 0.728969 0.999486 0.99806 0.998066 0.997335
2.13 0.684547 1.00031 1.0003 1.00028 0.999882
2.14 0.637424 0.997811 0.99921 0.999176 0.999107
2.15 0.587785 0.991995 0.994801 0.994746 0.995013
2.16 0.535827 0.982874 0.987079 0.987004 0.987609
2.17 0.481754 0.970468 0.976061 0.975967 0.97691
2.18 0.425779 0.954804 0.961771 0.961657 0.962939
2.19 0.368125 0.935918 0.944242 0.944108 0.945729
2.2 0.309017 0.913854 0.923512 0.923359 0.925317
2.21 0.24869 0.888664 0.899632 0.89946 0.901753
2.22 0.187381 0.860409 0.872658 0.872467 0.875093
2.23 0.125333 0.829161 0.842658 0.842448 0.845404
2.24 0.0627905 0.795002 0.809709 0.809482 0.812761
2.25 -9.32036e-13 0.758025 0.773899 0.773655 0.777253
2.26 -0.0627905 0.718334 0.735328 0.735067 0.738977
2.27 -0.125333 0.676044 0.694107 0.693829 0.698042
2.28 -0.187381 0.631285 0.650359 0.650065 0.654572
2.29 -0.24869 0.584195 0.604218 0.603909 0.608699
2.3 -0.309017 0.534929 0.555832 0.555509 0.560569
2.31 -0.368125 0.483649 0.505362 0.505024 0.510342
2.32 -0.425779 0.430534 0.452978 0.452628 0.458187
2.33 -0.481754 0.375771 0.398865 0.398503 0.404287
2.34 -0.535827 0.31956 0.343217 0.342844 0.348835
2.35 -0.587785 0.262108 0.286239 0.285856 0.292034
2.36 -0.637424 0.203633 0.228145 0.227754 0.234097
2.37 -0.684547 0.14436 0.169158 0.168759 0.175245
2.38 -0.728969 0.0845185 0.109504 0.1091 0.115705
2.39 -0.770513 0.0243441 0.049419 0.0490101 0.0557101
2.4 -0.809017 -0.0359263 -0.0108617 -0.0112735 -0.00450489
2.41 -0.844328 -0.096055 -0.0710998 -0.0715128 -0.0647021
2.42 -0.876307 -0.155805 -0.131057 -0.13147 -0.124644
2.43 -0.904827 -0.214943 -0.190499 -0.190909 -0.184096
2.44 -0.929776 -0.273238 -0.249192 -0.249599 -0.242825
2.45 -0.951057 -0.330468 -0.306911 -0.307312 -0.300606
2.46 -0.968583 -0.386417 -0.363437 -0.36383 -0.357218
2.47 -0.982287 -0.440878 -0.418557 -0.418942 -0.412451
2.48 -0.992115 -0.493655 -0.472073 -0.472446 -0.466102
2.49 -0.998027 -0.544561 -0.523791 -0.524152 -0.51798
2.5 -1 -0.593421 -0.573533 -0.573881 -0.567904
2.51 -0.998027 -0.640075 -0.621132 -0.621464 -0.615706
2.52 -0.992115 -0.68437 -0.666431 -0.666746 -0.661229
2.53 -0.982287 -0.726169 -0.709288 -0.709585 -0.704328
2.54 -0.968583 -0.765347 -0.749572 -0.74985 -0.744873
2.55 -0.951057 -0.80179 -0.787165 -0.787422 -0.782742
2.56 -0.929776 -0.835396 -0.821959 -0.822195 -0.817827
2.57 -0.904827 -0.866075 -0.853859 -0.854073 -0.850034
2.58 -0.876307 -0.893746 -0.882782 -0.882972 -0.879275
2.59 -0.844328 -0.91834 -0.908653 -0.90882 -0.905476
2.6 -0.809017 -0.939797 -0.931409 -0.931551 -0.928572
2.61 -0.770513 -0.958067 -0.950995 -0.951112 -0.948507
2.62 -0.728969 -0.973106 -0.967365 -0.967458 -0.965235
2.63 -0.684547 -0.984883 -0.980483 -0.98055 -0.978718
2.64 -0.637424 -0.99337 -0.99032 -0.990362 -0.988926
2.65 -0.587785 -0.998549 -0.996853 -0.996869 -0.995836
2.66 -0.535827 -1.00041 -1.00007 -1.00006 -0.999434
2.67 -0.481754 -0.998947 -0.999963 -0.999927 -0.999712
2.68 -0.425779 -0.994165 -0.996532 -0.996471 -0.996669
2.69 -0.368125 -0.986073 -0.989784 -0.989698 -0.990311
2.7 -0.309017 -0.974689 -0.979735 -0.979623 -0.980653
2.71 -0.24869 -0.960039 -0.966406 -0.966269 -0.967716
2.72 -0.187381 -0.942154 -0.949826 -0.949665 -0.951528
2.73 -0.125333 -0.921076 -0.930034 -0.929848 -0.932125
2.74 -0.0627905 -0.896854 -0.907075 -0.906865 -0.909554
2.75 1.13797e-12 -0.869548 -0.881005 -0.880771 -0.883868
2.76 0.0627905 -0.839226 -0.851887 -0.851631 -0.85513
2.77 0.125333 -0.805966 -0.819797 -0.819517 -0.823414
2.78 0.187381 -0.769857 -0.784818 -0.784517 -0.788803
2.79 0.24869 -0.731001 -0.747048 -0.746725 -0.751392
2.8 0.309017 -0.689509 -0.706593 -0.70625 -0.711287
2.81 0.368125 -0.645506 -0.663573 -0.66321 -0.668606
2.82 0.425779 -0.599127 -0.61812 -0.617737 -0.623479
2.83 0.481754 -0.550523 -0.570376 -0.569976 -0.576047
2.84 0.535827 -0.499853 -0.5205 -0.520082 -0.526466
2.85 0.587785 -0.44729 -0.468658 -0.468224 -0.474903
2.86 0.637424 -0.393021 -0.415031 -0.414582 -0.421535
2.87 0.684547 -0.337239 -0.35981 -0.359348 -0.366553
2.88 0.728969 -0.280151 -0.303199 -0.302724 -0.310157
2.89 0.770513 -0.221972 -0.245407 -0.244922 -0.252556
2.9 0.809017 -0.162923 -0.186655 -0.186161 -0.19397
2.91 0.844328 -0.103234 -0.127169 -0.126668 -0.134623
2.92 0.876307 -0.0431385 -0.0671817 -0.0666762 -0.0747466
2.93 0.904827 0.0171275 -0.00692914 -0.00642023 -0.0145756
2.94 0.929776 0.077326 0.0533511 0.0538613 0.045653
2.95 0.951057 0.137219 0.113421 0.11393 0.105701
2.96 0.968583 0.196573 0.173044 0.17355 0.165334
2.97 0.982287 0.255155 0.231986 0.232488 0.224317
2.98 0.992115 0.312741 0.29002 0.290515 0.282422
2.99 0.998027 0.369113 0.346925 0.34741 0.339428
3 1 0.42406 0.402486 0.40296 0.39512
3.01 0.998027 0.477382 0.456499 0.456961 0.449293
3.02 0.992115 0.528891 0.508771 0.509217 0.501753
3.03 0.982287 0.578408 0.559118 0.559548 0.552314
3.04 0.968583 0.625766 0.60737 0.607781 0.600806
3.05 0.951057 0.670812 0.653367 0.653757 0.647067
3.06 0.929776 0.713404 0.696962 0.69733 0.690948
3.07 0.904827 0.753413 0.738022 0.738366 0.732316
3.08 0.876307 0.790721 0.776423 0.776743 0.771044
3.09 0.844328 0.825222 0.812056 0.81235 0.807022
3.1 0.809017 0.856823 0.844822 0.84509 0.84015
3.11 0.770513 0.88544 0.874634 0.874874 0.870339
3.12 0.728969 0.911001 0.901415 0.901626 0.89751
3.13 0.684547 0.933443 0.925099 0.92528 0.921596
3.14 0.637424 0.952712 0.945627 0.945779 0.942538
3.15 0.587785 0.968763 0.962952 0.963074 0.960287
3.16 0.535827 0.981561 0.977035 0.977126 0.974801
3.17 0.481754 0.991076 0.987844 0.987904 0.986049
3.18 0.425779 0.997289 0.995355 0.995384 0.994006
3.19 0.368125 1.00019 0.999552 0.99955 0.998654
3.2 0.309017 0.99976 1.00043 1.00039 0.999983
3.21 0.24869 0.996012 0.997977 0.997913 0.997992
3.22 0.187381 0.988952 0.992207 0.992112 0.992683
3.23 0.125333 0.978593 0.983131 0.983005 0.984068
3.24 0.0627905 0.964958 0.970767 0.970611 0.972167
3.25 -1.34391e-12 0.948078 0.955143 0.954956 0.957004
3.26 -0.0627905 0.927991 0.936294 0.936078 0.938616
3.27 -0.125333 0.904745 0.914264 0.914018 0.917043
3.28 -0.187381 0.878394 0.889105 0.88883 0.892337
3.29 -0.24869 0.849005 0.860878 0.860576 0.864558
3.3 -0.309017 0.816652 0.829655 0.829325 0.833777
3.31 -0.368125 0.781422 0.795518 0.795161 0.800073
3.32 -0.425779 0.743412 0.75856 0.758176 0.763538
3.33 -0.481754 0.702729 0.718883 0.718475 0.724274
3.34 -0.535827 0.659495 0.676605 0.676172 0.682395
3.35 -0.587785 0.613842 0.631853 0.631397 0.638028
3.36 -0.637424 0.565915 0.584767 0.584289 0.59131
3.37 -0.684547 0.515872 0.5355 0.535002 0.542392
3.38 -0.728969 0.463881 0.484216 0.483699 0.491438
3.39 -0.770513 0.410123 0.431094 0.430558 0.438622
3.4 -0.809017 0.354792 0.376319 0.375768 0.38413
3.41 -0.844328 0.298089 0.320093 0.319527 0.328159
3.42 -0.876307 0.240226 0.262623 0.262044 0.270916
3.43 -0.904827 0.181424 0.204126 0.203537 0.212618
3.44 -0.929776 0.12191 0.144829 0.144231 0.153487
3.45 -0.951057 0.0619162 0.084961 0.0843571 0.0937535
3.46 -0.968583 0.00167782 0.0247574 0.0241495 0.0336502
3.47 -0.982287 -0.0585672 -0.0355443 -0.0361538 -0.0265858
3.48 -0.992115 -0.118581 -0.0957058 -0.0963145 -0.086717
3.49 -0.998027 -0.178128 -0.15549 -0.156095 -0.146507
3.5 -1 -0.236976 -0.214662 -0.215262 -0.20572
3.51 -0.998027 -0.294896 -0.272993 -0.273585 -0.264128
3.52 -0.992115 -0.351669 -0.330259 -0.330839 -0.321505
3.53 -0.982287 -0.407083 -0.386243 -0.386811 -0.377636
3.54 -0.968583 -0.460933 -0.440739 -0.441291 -0.432312
3.55 -0.951057 -0.513027 -0.493549 -0.494084 -0.485335
3.56 -0.929776 -0.563184 -0.544488 -0.545003 -0.536517
3.57 -0.904827 -0.611233 -0.59338 -0.593873 -0.585682
3.58 -0.876307 -0.657016 -0.640063 -0.640532 -0.632666
3.59 -0.844328 -0.700388 -0.684387 -0.68483 -0.677316
3.6 -0.809017 -0.741216 -0.726213 -0.726628 -0.719494
3.61 -0.770513 -0.779378 -0.765415 -0.765802 -0.759071
3.62 -0.728969 -0.814766 -0.80188 -0.802237 -0.795931
3.63 -0.684547 -0.847281 -0.835507 -0.835832 -0.829972
3.64 -0.637424 -0.876837 -0.866203 -0.866496 -0.861101
3.65 -0.587785 -0.903359 -0.89389 -0.894149 -0.889236
3.66 -0.535827 -0.92678 -0.918498 -0.918723 -0.914305
3.67 -0.481754 -0.947044 -0.939967 -0.940156 -0.936249
3.68 -0.425779 -0.964103 -0.958245 -0.958399 -0.955013
3.69 -0.368125 -0.977919 -0.973292 -0.97341 -0.970556
3.7 -0.309017 -0.988461 -0.985073 -0.985155 -0.982842
3.71 -0.24869 -0.995706 -0.993563 -0.993608 -0.991843
3.72 -0.187381 -0.999638 -0.998743 -0.998751 -0.99754
3.73 -0.125333 -1.00025 -1.0006 -1.00057 -0.999922
3.74 -0.0627905 -0.997538 -0.999135 -0.99907 -0.998982
3.75 1.55339e-12 -0.991509 -0.994346 -0.994245 -0.994723
3.76 0.0627905 -0.982177 -0.986246 -0.986109 -0.987153
3.77 0.125333 -0.969561 -0.974852 -0.974679 -0.97629
3.78 0.187381 -0.95369 -0.960189 -0.95998 -0.962157
3.79 0.24869 -0.934599 -0.942289 -0.942045 -0.944786
3.8 0.309017 -0.912333 -0.921194 -0.920915 -0.924217
3.81 0.368125 -0.886944 -0.896954 -0.896641 -0.900497
3.82 0.425779 -0.858495 -0.869626 -0.86928 -0.873684
3.83 0.481754 -0.827058 -0.83928 -0.838901 -0.843846
3.84 0.535827 -0.792716 -0.805995 -0.805584 -0.811058
3.85 0.587785 -0.755562 -0.769858 -0.769417 -0.775409
3.86 0.637424 -0.715701 -0.730972 -0.730501 -0.736998
3.87 0.684547 -0.673249 -0.689449 -0.688948 -0.695934
3.88 0.728969 -0.628336 -0.645412 -0.644884 -0.652341
3.89 0.770513 -0.581102 -0.598998 -0.598444 -0.606351
3.9 0.809017 -0.531701 -0.550357 -0.549778 -0.558114
3.91 0.844328 -0.480299 -0.499649 -0.499048 -0.507786
3.92 0.876307 -0.427072 -0.447047 -0.446425 -0.45554
3.93 0.904827 -0.372211 -0.392738 -0.392097 -0.401558
3.94 0.929776 -0.315913 -0.336916 -0.336257 -0.346033
3.95 0.951057 -0.258389 -0.279787 -0.279114 -0.289171
3.96 0.968583 -0.199856 -0.221567 -0.220881 -0.231183
3.97 0.982287 -0.14054 -0.162478 -0.161783 -0.172291
3.98 0.992115 -0.0806702 -0.10275 -0.102047 -0.112723
3.99 0.998027 -0.0204825 -0.0426168 -0.0419083 -0.0527115
4 1 0.039786 0.0176855 0.0183961 0.00750818
4.01 0.998027 0.0998975 0.077918 0.0786281 0.0676983
4.02 0.992115 0.159615 0.137843 0.13855 0.127621
4.03 0.982287 0.218706 0.197226 0.197926 0.187043
4.04 0.968583 0.276939 0.255834 0.256525 0.24573
4.05 0.951057 0.334094 0.313443 0.314122 0.303458
4.06 0.929776 0.389954 0.369833 0.370497 0.360006
4.07 0.904827 0.444313 0.424795 0.425442 0.415165
4.08 0.876307 0.496975 0.478129 0.478756 0.468732
4.09 0.844328 0.547755 0.529645 0.530249 0.520517
4.1 0.809017 0.596479 0.579165 0.579744 0.570339
4.11 0.770513 0.642985 0.626523 0.627074 0.618031
4.12 0.728969 0.687124 0.671564 0.672086 0.663436
4.13 0.684547 0.728759 0.714147 0.714638 0.706411
4.14 0.637424 0.767766 0.754142 0.7546 0.746825
4.15 0.587785 0.80403 0.791433 0.791856 0.784557
4.16 0.535827 0.837451 0.825913 0.8263 0.819502
4.17 0.481754 0.867939 0.857489 0.857839 0.851562
4.18 0.425779 0.895415 0.886078 0.886389 0.880653
4.19 0.368125 0.91981 0.911607 0.911879 0.906701
4.2 0.309017 0.941064 0.934014 0.934245 0.929641
4.21 0.24869 0.959128 0.953244 0.953435 0.949417
4.22 0.187381 0.973959 0.969254 0.969403 0.965984
4.23 0.125333 0.985526 0.982008 0.982115 0.979305
4.24 0.0627905 0.993801 0.991476 0.991541 0.989349
4.25 -1.75933e-12 0.998768 0.997639 0.997662 0.996094
4.26 -0.0627905 1.00042 1.00048 1.00046 0.999527
4.27 -0.125333 0.99874 1 0.999941 0.999639
4.28 -0.187381 0.993745 0.996199 0.996095 0.99643
4.29 -0.24869 0.985442 0.989079 0.988933 0.989908
4.3 -0.309017 0.973848 0.978659 0.978471 0.980086
4.31 -0.368125 0.958989 0.964961 0.964732 0.966986
4.32 -0.425779 0.940898 0.948017 0.947747 0.950636
4.33 -0.481754 0.919617 0.927863 0.927553 0.931075
4.34 -0.535827 0.895197 0.904549 0.904199 0.908347
4.35 -0.587785 0.867695 0.878128 0.87774 0.882507
4.36 -0.637424 0.837182 0.848668 0.848242 0.853619
4.37 -0.684547 0.803736 0.816243 0.81578 0.821757
4.38 -0.728969 0.767449 0.78094 0.780441 0.787004
4.39 -0.770513 0.72842 0.742856 0.742323 0.749456
4.4 -0.809017 0.686763 0.702099 0.701533 0.709219
4.41 -0.844328 0.642604 0.658791 0.658193 0.666413
4.42 -0.876307 0.596078 0.613065 0.612436 0.621167
4.43 -0.904827 0.547336 0.565064 0.564407 0.573625
4.44 -0.929776 0.496539 0.514948 0.514264 0.523941
4.45 -0.951057 0.443862 0.462886 0.462178 0.472284
4.46 -0.968583 0.38949 0.409059 0.408328 0.418831
4.47 -0.982287 0.333618 0.353661 0.35291 0.363773
4.48 -0.992115 0.276454 0.296894 0.296125 0.307312
4.49 -0.998027 0.218212 0.23897 0.238187 0.249657
4.5 -1 0.159115 0.180111 0.179316 0.191027
4.51 -0.998027 0.0993932 0.120544 0.119739 0.131649
4.52 -0.992115 0.0392794 0.0605011 0.0596904 0.071752
4.53 -0.982287 -0.0209894 0.000219314 -0.00059435 0.0115725
4.54 -0.968583 -0.0811754 -0.0600636 -0.060877 -0.0486527
4.55 -0.951057 -0.141041 -0.12011 -0.12092 -0.108686
4.56 -0.929776 -0.200352 -0.179682 -0.180485 -0.168291
4.57 -0.904827 -0.258877 -0.238549 -0.239342 -0.227236
4.58 -0.876307 -0.316392 -0.296482 -0.297262 -0.285292
4.59 -0.844328 -0.372678 -0.353261 -0.354025 -0.342237
4.6 -0.809017 -0.427527 -0.408673 -0.409417 -0.397858
4.61 -0.770513 -0.480739 -0.462515 -0.463237 -0.45195
4.62 -0.728969 -0.532125 -0.514594 -0.51529 -0.50432
4.63 -0.684547 -0.581509 -0.564728 -0.565397 -0.554782
4.64 -0.637424 -0.628724 -0.612748 -0.613386 -0.603166
4.65 -0.587785 -0.673617 -0.658496 -0.659101 -0.649312
4.66 -0.535827 -0.716047 -0.701826 -0.702396 -0.693071
4.67 -0.481754 -0.755886 -0.742606 -0.743138 -0.73431
4.68 -0.425779 -0.793017 -0.780714 -0.781207 -0.772904
4.69 -0.368125 -0.827335 -0.816042 -0.816495 -0.808742
4.7 -0.309017 -0.858747 -0.848492 -0.848903 -0.841726
4.71 -0.24869 -0.887171 -0.877979 -0.878346 -0.871766
4.72 -0.187381 -0.912534 -0.904426 -0.904748 -0.898785
4.73 -0.125333 -0.934773 -0.927767 -0.928044 -0.922715
4.74 -0.0627905 -0.953837 -0.947948 -0.948178 -0.943499
4.75 1.96526e-12 -0.969681 -0.96492 -0.965104 -0.961087
4.76 0.0627905 -0.982269 -0.978645 -0.978781 -0.975439
4.77 0.125333 -0.991574 -0.989093 -0.989181 -0.986524
4.78 0.187381 -0.997574 -0.99624 -0.996281 -0.994316
4.79 0.24869 -1.00026 -1.00007 -1.00006 -0.998799
4.8 0.309017 -0.999619 -1.00058 -1.00052 -0.999963
4.81 0.368125 -0.995659 -0.997763 -0.997659 -0.997805
4.82 0.425779 -0.988387 -0.991627 -0.991475 -0.992331
4.83 0.481754 -0.977817 -0.982185 -0.981986 -0.983552
4.84 0.535827 -0.963973 -0.969457 -0.969212 -0.971488
4.85 0.587785 -0.946887 -0.953473 -0.953181 -0.956164
4.86 0.637424 -0.926596 -0.934268 -0.93393 -0.937615
4.87 0.684547 -0.903149 -0.911886 -0.911502 -0.915885
4.88 0.728969 -0.876601 -0.88638 -0.885953 -0.891024
4.89 0.770513 -0.84702 -0.857814 -0.857343 -0.863094
4.9 0.809017 -0.81448 -0.82626 -0.825747 -0.832165
4.91 0.844328 -0.779069 -0.791801 -0.791247 -0.798318
4.92 0.876307 -0.740884 -0.75453 -0.753936 -0.761644
4.93 0.904827 -0.700034 -0.714553 -0.713921 -0.722247
4.94 0.929776 -0.656641 -0.671987 -0.671318 -0.680241
4.95 0.951057 -0.610838 -0.626961 -0.626258 -0.635753
4.96 0.968583 -0.56277 -0.579618 -0.578882 -0.588922
4.97 0.982287 -0.512597 -0.53011 -0.529343 -0.539899
4.98 0.992115 -0.460487 -0.478604 -0.477809 -0.488847
4.99 0.998027 -0.406623 -0.425278 -0.424457 -0.435943
5 1 -0.351197 -0.370322 -0.369478 -0.381373
5.01 0.998027 -0.294413 -0.313936 -0.313071 -0.325334
5.02 0.992115 -0.236484 -0.256329 -0.255447 -0.268033
5.03 0.982287 -0.17763 -0.19772 -0.196824 -0.209688
5.04 0.968583 -0.118078 -0.138335 -0.137428 -0.150522
5.05 0.951057 -0.0580612 -0.0784041 -0.0774897 -0.090764
5.06 0.929776 0.00218483 -0.0181638 -0.0172454 -0.0306485
5.07 0.904827 0.0624222 0.0421485 0.0430673 0.029588
5.08 0.876307 0.122413 0.102294 0.10321 0.0897077
5.09 0.844328 0.181922 0.162037 0.162946 0.149474
5.1 0.809017 0.240717 0.221143 0.222041 0.208653
5.11 0.770513 0.298571 0.279381 0.280265 0.267014
5.12 0.728969 0.355263 0.336531 0.337397 0.324335
5.13 0.684547 0.410582 0.392376 0.39322 0.380398
5.14 0.637424 0.464326 0.446709 0.44753 0.434996
5.15 0.587785 0.516301 0.499337 0.500129 0.487931
5.16 0.535827 0.566328 0.550072 0.550833 0.539017
5.17 0.481754 0.614236 0.598742 0.599469 0.588077
5.18 0.425779 0.659869 0.645185 0.645876 0.634948
5.19 0.368125 0.703082 0.689252 0.689905 0.679479
5.2 0.309017 0.743743 0.730807 0.731418 0.721529
5.21 0.24869 0.78173 0.769726 0.770293 0.760973
5.22 0.187381 0.816936 0.805894 0.806416 0.797696
5.23 0.125333 0.849265 0.839213 0.839688 0.831594
5.24 0.0627905 0.878629 0.869592 0.870019 0.862575
5.25 -2.17475e-12 0.904953 0.896953 0.89733 0.890559
5.26 -0.0627905 0.928174 0.921227 0.921553 0.915474
5.27 -0.125333 0.948233 0.942355 0.94263 0.93726
5.28 -0.187381 0.965086 0.960288 0.96051 0.955865
5.29 -0.24869 0.978693 0.974985 0.975154 0.971246
5.3 -0.309017 0.989025 0.986412 0.986527 0.983368
5.31 -0.368125 0.996058 0.994545 0.994606 0.992205
5.32 -0.425779 0.999777 0.999365 0.999373 0.997738
5.33 -0.481754 1.00018 1.00086 1.00082 0.999953
5.34 -0.535827 0.997251 0.999036 0.998936 0.998848
5.35 -0.587785 0.99101 0.993887 0.993733 0.994423
5.36 -0.637424 0.981467 0.985427 0.98522 0.986689
5.37 -0.684547 0.968642 0.973675 0.973415 0.975663
5.38 -0.728969 0.952563 0.958656 0.958344 0.961368
5.39 -0.770513 0.933267 0.940404 0.940041 0.943836
5.4 -0.809017 0.910799 0.918962 0.918547 0.923108
5.41 -0.844328 0.885212 0.894379 0.893914 0.899233
5.42 -0.876307 0.85657 0.866716 0.866202 0.872268
5.43 -0.904827 0.824944 0.836041 0.83548 0.84228
5.44 -0.929776 0.790419 0.802435 0.801828 0.809348
5.45 -0.951057 0.753088 0.765989 0.765337 0.773559
5.46 -0.968583 0.713057 0.726804 0.726108 0.735013
5.47 -0.982287 0.670444 0.684993 0.684256 0.69382
5.48 -0.992115 0.625377 0.640683 0.639907 0.650103
5.49 -0.998027 0.578 0.594011 0.593197 0.603999
5.5 -1 0.528466 0.545127 0.544279 0.555653
5.51 -0.998027 0.476941 0.494195 0.493314 0.505225
5.52 -0.992115 0.423604 0.441388 0.440478 0.452888
5.53 -0.982287 0.368644 0.386893 0.385956 0.398824
5.54 -0.968583 0.312262 0.330907 0.329947 0.343228
5.55 -0.951057 0.254666 0.273637 0.272657 0.286305
5.56 -0.929776 0.196077 0.215299 0.214302 0.228267
5.57 -0.904827 0.136718 0.156116 0.155106 0.169336
5.58 -0.876307 0.0768206 0.0963192 0.0952998 0.10974
5.59 -0.844328 0.0166206 0.0361417 0.035117 0.0497124
5.6 -0.809017 -0.043645 -0.0241788 -0.0252048 -0.0105115
5.61 -0.770513 -0.103738 -0.084404 -0.0854273 -0.0706939
5.62 -0.728969 -0.163423 -0.144296 -0.145313 -0.130598
5.63 -0.684547 -0.222465 -0.203621 -0.204626 -0.189988
5.64 -0.637424 -0.280636 -0.262146 -0.263137 -0.248632
5.65 -0.587785 -0.337714 -0.319648 -0.320619 -0.306306
5.66 -0.535827 -0.393484 -0.375908 -0.376857 -0.362791
5.67 -0.481754 -0.44774 -0.430717 -0.43164 -0.417874
5.68 -0.425779 -0.500287 -0.483877 -0.484769 -0.471357
5.69 -0.368125 -0.55094 -0.535199 -0.536058 -0.523048
5.7 -0.309017 -0.599527 -0.584506 -0.585328 -0.572768
5.71 -0.24869 -0.645886 -0.631633 -0.632415 -0.62035
5.72 -0.187381 -0.689869 -0.676427 -0.677166 -0.665637
5.73 -0.125333 -0.731339 -0.718748 -0.719442 -0.708487
5.74 -0.0627905 -0.770173 -0.758468 -0.759114 -0.74877
5.75 2.37713e-12 -0.806258 -0.795471 -0.796066 -0.786366
5.76 0.0627905 -0.839493 -0.829652 -0.830196 -0.821169
5.77 0.125333 -0.869791 -0.860919 -0.861409 -0.853083
5.78 0.187381 -0.897071 -0.889189 -0.889625 -0.882025
5.79 0.24869 -0.921266 -0.914393 -0.914772 -0.907919
5.8 0.309017 -0.942318 -0.936466 -0.936789 -0.930702
5.81 0.368125 -0.960175 -0.955359 -0.955623 -0.950319
5.82 0.425779 -0.974799 -0.971026 -0.971231 -0.966726
5.83 0.481754 -0.986155 -0.983432 -0.983578 -0.979883
5.84 0.535827 -0.994219 -0.99255 -0.992637 -0.989763
5.85 0.587785 -0.998973 -0.998361 -0.998388 -0.996344
5.86 0.637424 -1.00041 -1.00085 -1.00082 -0.999611
5.87 0.684547 -0.998519 -1.00002 -0.999923 -0.999557
5.88 0.728969 -0.993312 -0.995857 -0.995704 -0.996183
5.89 0.770513 -0.984797 -0.988383 -0.988171 -0.989496
5.9 0.809017 -0.972994 -0.97761 -0.977339 -0.97951
5.91 0.844328 -0.957926 -0.963562 -0.963233 -0.966247
5.92 0.876307 -0.93963 -0.94627 -0.945884 -0.949737
5.93 0.904827 -0.918146 -0.925774 -0.925331 -0.930016
5.94 0.929776 -0.893526 -0.902121 -0.901622 -0.907132
5.95 0.951057 -0.865829 -0.875368 -0.874815 -0.881139
5.96 0.968583 -0.835126 -0.845583 -0.844976 -0.8521
5.97 0.982287 -0.801495 -0.812841 -0.812182 -0.820092
5.98 0.992115 -0.765029 -0.777229 -0.77652 -0.785197
5.99 0.998027 -0.725828 -0.738848 -0.73809 -0.747513
6 1 -0.684007 -0.697805 -0.697001 -0.707145
6.01 0.998027 -0.639692 -0.654224 -0.653376 -0.664214
6.02 0.992115 -0.593019 -0.608239 -0.607349 -0.61885
6.03 0.982287 -0.544141 -0.559996 -0.559066 -0.571198
6.04 0.968583 -0.493218 -0.509653 -0.508687 -0.521411
6.05 0.951057 -0.440427 -0.457383 -0.456384 -0.46966
6.06 0.929776 -0.385952 -0.403368 -0.402338 -0.416122
6.07 0.904827 -0.329992 -0.347802 -0.346745 -0.36099
6.08 0.876307 -0.272752 -0.290889 -0.289809 -0.304464
6.09 0.844328 -0.214448 -0.232842 -0.231742 -0.246756
6.1 0.809017 -0.155305 -0.173883 -0.172768 -0.188083
6.11 0.770513 -0.0955505 -0.11424 -0.113114 -0.128673
6.12 0.728969 -0.0354197 -0.0541468 -0.0530141 -0.0687566
6.13 0.684547 0.024851 0.00616079 0.00729583 -0.00856917
6.14 0.637424 0.0850236 0.0664442 0.0675772 0.0516521
6.15 0.587785 0.144861 0.126466 0.127592 0.11167
6.16 0.535827 0.204128 0.185989 0.187104 0.171248
6.17 0.481754 0.262595 0.244781 0.245881 0.230153
6.18 0.425779 0.320038 0.302616 0.303696 0.288159
6.19 0.368125 0.376238 0.359274 0.36033 0.345043
6.2 0.309017 0.430988 0.414543 0.41557 0.400592
6.21 0.24869 0.484088 0.46822 0.469215 0.454603
6.22 0.187381 0.535352 0.520114 0.521073 0.506882
6.23 0.125333 0.584601 0.570045 0.570964 0.557245
6.24 0.0627905 0.631671 0.617843 0.618719 0.605521
6.25 -2.58662e-12 0.676411 0.663353 0.664182 0.651551
6.26 -0.0627905 0.718679 0.70643 0.70721 0.695188
6.27 -0.125333 0.758347 0.746943 0.747671 0.736297
6.28 -0.187381 0.795301 0.784772 0.785445 0.774756
6.29 -0.24869 0.829436 0.819809 0.820426 0.810455
6.3 -0.309017 0.860659 0.851958 0.852517 0.843294
6.31 -0.368125 0.888888 0.881135 0.881633 0.873185
6.32 -0.425779 0.914053 0.907263 0.907701 0.900051
6.33 -0.481754 0.936091 0.93028 0.930655 0.923826
6.34 -0.535827 0.954949 0.95013 0.950441 0.944452
6.35 -0.587785 0.970586 0.966766 0.967012 0.961879
6.36 -0.637424 0.982964 0.980151 0.980333 0.976069
6.37 -0.684547 0.992057 0.990256 0.990371 0.98699
6.38 -0.728969 0.997846 0.997058 0.997107 0.994618
6.39 -0.770513 1.00032 1.00054 1.00053 0.998935
6.4 -0.809017 0.999465 1.0007 1.00062 0.999934
6.41 -0.844328 0.995292 0.997535 0.997387 0.997611
6.42 -0.876307 0.987808 0.99105 0.990837 0.991972
6.43 -0.904827 0.977028 0.981261 0.980983 0.983029
6.44 -0.929776 0.962975 0.968189 0.967846 0.970801
6.45 -0.951057 0.945682 0.951862 0.951456 0.955315
6.46 -0.968583 0.925188 0.932318 0.931849 0.936607
6.47 -0.982287 0.90154 0.909602 0.909072 0.914719
6.48 -0.992115 0.874796 0.883768 0.883177 0.889704
6.49 -0.998027 0.845023 0.85488 0.85423 0.861622
6.5 -1 0.812296 0.823012 0.822304 0.830546
6.51 -0.998027 0.776704 0.788247 0.787483 0.796555
6.52 -0.992115 0.738345 0.75068 0.749862 0.759744
6.53 -0.982287 0.697328 0.710419 0.709549 0.720214
6.54 -0.968583 0.653777 0.66758 0.666661 0.678081
6.55 -0.951057 0.607824 0.622296 0.62133 0.633473
6.56 -0.929776 0.559617 0.574709 0.573699 0.586528
6.57 -0.904827 0.509314 0.524973 0.523922 0.5374
6.58 -0.876307 0.457086 0.473258 0.472169 0.486252
6.59 -0.844328 0.403116 0.419741 0.418618 0.43326
6.6 -0.809017 0.347597 0.364613 0.36346 0.378612
6.61 -0.770513 0.290734 0.308077 0.306897 0.322505
6.62 -0.728969 0.232738 0.250342 0.24914 0.265148
6.63 -0.684547 0.173832 0.191627 0.190407 0.206756
6.64 -0.637424 0.114244 0.13216 0.130927 0.147555
6.65 -0.587785 0.0542051 0.0721724 0.0709306 0.0877736
6.66 -0.535827 -0.00604745 0.0118992 0.0106536 0.0276464
6.67 -0.481754 -0.0662761 -0.0484212 -0.0496658 -0.0325898
6.68 -0.425779 -0.126243 -0.108551 -0.109789 -0.0926976
6.69 -0.368125 -0.185714 -0.168252 -0.16948 -0.15244
6.7 -0.309017 -0.244455 -0.227292 -0.228504 -0.211583
6.71 -0.24869 -0.30224 -0.285442 -0.286633 -0.269898
6.72 -0.187381 -0.358851 -0.342479 -0.343645 -0.327161
6.73 -0.125333 -0.414075 -0.39819 -0.399325 -0.383156
6.74 -0.0627905 -0.467711 -0.452368 -0.453469 -0.437676
6.75 2.79611e-12 -0.519567 -0.50482 -0.505882 -0.490523
6.76 0.0627905 -0.569463 -0.55536 -0.55638 -0.541512
6.77 0.125333 -0.61723 -0.603818 -0.604791 -0.590467
6.78 0.187381 -0.662712 -0.650032 -0.650956 -0.637225
6.79 0.24869 -0.705765 -0.693855 -0.694726 -0.681635
6.8 0.309017 -0.746258 -0.735152 -0.735966 -0.723558
6.81 0.368125 -0.78407 -0.773799 -0.774555 -0.762869
6.82 0.425779 -0.819095 -0.809686 -0.81038 -0.799453
6.83 0.481754 -0.851236 -0.842712 -0.843342 -0.833208
6.84 0.535827 -0.880407 -0.872789 -0.873354 -0.864042
6.85 0.587785 -0.906535 -0.89984 -0.900338 -0.891874
6.86 0.637424 -0.929554 -0.923796 -0.924227 -0.916634
6.87 0.684547 -0.94941 -0.944601 -0.944963 -0.938263
6.88 0.728969 -0.966056 -0.962206 -0.962497 -0.956708
6.89 0.770513 -0.979454 -0.976569 -0.976789 -0.971928
6.9 0.809017 -0.989575 -0.98766 -0.987808 -0.983887
6.91 0.844328 -0.996396 -0.995454 -0.99553 -0.992559
6.92 0.876307 -0.999902 -0.999933 -0.999937 -0.997927
6.93 0.904827 -1.00009 -1.00109 -1.00102 -0.999977
6.94 0.929776 -0.99695 -0.998919 -0.998779 -0.998706
6.95 0.951057 -0.990497 -0.993427 -0.993216 -0.994116
6.96 0.968583 -0.980743 -0.984626 -0.984343 -0.986218
6.97 0.982287 -0.967709 -0.972534 -0.972181 -0.975027
6.98 0.992115 -0.951423 -0.957178 -0.956755 -0.96057
6.99 0.998027 -0.931922 -0.938592 -0.9381 -0.942878
7 1 -0.909253 -0.91682 -0.91626 -0.921992
7.01 0.998027 -0.883468 -0.891913 -0.891286 -0.897961
7.02 0.992115 -0.854632 -0.863931 -0.86324 -0.870844
7.03 0.982287 -0.822818 -0.832945 -0.83219 -0.840708
7.04 0.968583 -0.78811 -0.799037 -0.79822 -0.807631
7.05 0.951057 -0.750602 -0.762296 -0.76142 -0.771702
7.06 0.929776 -0.710402 -0.722828 -0.721894 -0.733021
7.07 0.904827 -0.667628 -0.680746 -0.679758 -0.691699
7.08 0.876307 -0.622409 -0.636177 -0.635137 -0.64786
7.09 0.844328 -0.574889 -0.589261 -0.588172 -0.60164
7.1 0.809017 -0.525222 -0.540149 -0.539014 -0.553187
7.11 0.770513 -0.473576 -0.489005 -0.487828 -0.50266
7.12 0.728969 -0.420129 -0.436004 -0.434789 -0.450232
7.13 0.684547 -0.365072 -0.381335 -0.380085 -0.396087
7.14 0.637424 -0.308605 -0.325195 -0.323915 -0.34042
7.15 0.587785 -0.25094 -0.267792 -0.266487 -0.283436
7.16 0.535827 -0.192294 -0.209343 -0.208017 -0.225348
7.17 0.481754 -0.132893 -0.150073 -0.148732 -0.166379
7.18 0.425779 -0.0729697 -0.0902122 -0.0888599 -0.106756
7.19 0.368125 -0.0127584 -0.0299949 -0.0286371 -0.0467127
7.2 0.309017 0.0475033 0.0303412 0.0316992 0.0135147
7.21 0.24869 0.107577 0.0905576 0.0919104 0.0736888
7.22 0.187381 0.167228 0.150417 0.151759 0.133572
7.23 0.125333 0.226221 0.209684 0.21101 0.192931
7.24 0.0627905 0.284329 0.268129 0.269434 0.251532
7.25 -2.99849e-12 0.341329 0.325528 0.326806 0.309152
7.26 -0.0627905 0.397008 0.381663 0.38291 0.365571
7.27 -0.125333 0.45116 0.436326 0.437537 0.42058
7.28 -0.187381 0.503591 0.489319 0.490489 0.473978
7.29 -0.24869 0.554117 0.540456 0.54158 0.525575
7.3 -0.309017 0.602566 0.589559 0.590634 0.575192
7.31 -0.368125 0.648777 0.636466 0.637488 0.622663
7.32 -0.425779 0.692603 0.681025 0.68199 0.667832
7.33 -0.481754 0.733908 0.723097 0.724001 0.710557
7.34 -0.535827 0.772568 0.762554 0.763395 0.750709
7.35 -0.587785 0.808474 0.799283 0.800058 0.788168
7.36 -0.637424 0.841524 0.833179 0.833886 0.822829
7.37 -0.684547 0.87163 0.864152 0.864789 0.854597
7.38 -0.728969 0.898715 0.892121 0.892685 0.883388
7.39 -0.770513 0.92271 0.917014 0.917505 0.909129
7.4 -0.809017 0.943558 0.938773 0.939188 0.931755
7.41 -0.844328 0.96121 0.957344 0.957683 0.951214
7.42 -0.876307 0.975625 0.972685 0.972947 0.967459
7.43 -0.904827 0.98677 0.984762 0.984947 0.980454
7.44 -0.929776 0.994623 0.993548 0.993655 0.99017
7.45 -0.951057 0.999165 0.999024 0.999052 0.996585
7.46 -0.968583 1.00039 1.00118 1.00113 0.999687
7.47 -0.982287 0.998285 1.00001 0.999878 0.999468
7.48 -0.992115 0.992866 0.995511 0.995305 0.995928
7.49 -0.998027 0.98414 0.987701 0.987417 0.989076
7.5 -1 0.972126 0.976594 0.976233 0.978926
7.51 -0.998027 0.95685 0.962214 0.961777 0.965501
7.52 -0.992115 0.938348 0.944593 0.944081 0.948829
7.53 -0.982287 0.916662 0.923771 0.923185 0.92895
7.54 -0.968583 0.891843 0.899798 0.899139 0.905909
7.55 -0.951057 0.863951 0.87273 0.872 0.879762
7.56 -0.929776 0.833058 0.842637 0.841837 0.850574
7.57 -0.904827 0.799243 0.809595 0.808727 0.81842
7.58 -0.876307 0.762598 0.773692 0.772759 0.783384
7.59 -0.844328 0.723226 0.735029 0.734033 0.745563
7.6 -0.809017 0.681241 0.693716 0.69266 0.705065
7.61 -0.770513 0.63677 0.649877 0.648764 0.662009
7.62 -0.728969 0.589952 0.603647 0.60248 0.616528
7.63 -0.684547 0.540937 0.555174 0.553956 0.568765
7.64 -0.637424 0.48989 0.504619 0.503354 0.518877
7.65 -0.587785 0.436985 0.452153 0.450846 0.467032
7.66 -0.535827 0.382409 0.397961 0.396615 0.41341
7.67 -0.481754 0.32636 0.342237 0.340857 0.358203
7.68 -0.425779 0.269045 0.285186 0.283778 0.301613
7.69 -0.368125 0.210681 0.227024 0.225592 0.243851
7.7 -0.309017 0.151492 0.167972 0.166521 0.185137
7.71 -0.24869 0.0917063 0.10826 0.106796 0.125696
7.72 -0.187381 0.0315594 0.0481197 0.0466483 0.0657605
7.73 -0.125333 -0.0287121 -0.0122105 -0.0136835 0.00556574
7.74 -0.0627905 -0.0888703 -0.0724927 -0.0739616 -0.054651
7.75 3.20798e-12 -0.148678 -0.132489 -0.133948 -0.114652
7.76 0.0627905 -0.207901 -0.191963 -0.193406 -0.174202
7.77 0.125333 -0.266309 -0.250684 -0.252106 -0.233068
7.78 0.187381 -0.323678 -0.308425 -0.309819 -0.291023
7.79 0.24869 -0.379792 -0.364966 -0.366328 -0.347845
7.8 0.309017 -0.434442 -0.420097 -0.421421 -0.403323
7.81 0.368125 -0.48743 -0.473617 -0.474898 -0.457252
7.82 0.425779 -0.53857 -0.525335 -0.526568 -0.509439
7.83 0.481754 -0.587684 -0.575071 -0.576252 -0.559702
7.84 0.535827 -0.63461 -0.622659 -0.623782 -0.60787
7.85 0.587785 -0.679195 -0.667942 -0.669005 -0.653784
7.86 0.637424 -0.7213 -0.710779 -0.711778 -0.697298
7.87 0.684547 -0.760798 -0.751038 -0.751969 -0.738278
7.88 0.728969 -0.797574 -0.788601 -0.789462 -0.776602
7.89 0.770513 -0.831525 -0.823362 -0.824149 -0.81216
7.9 0.809017 -0.862558 -0.855225 -0.855937 -0.844854
7.91 0.844328 -0.890593 -0.884107 -0.884742 -0.874596
7.92 0.876307 -0.915559 -0.909934 -0.910489 -0.90131
7.93 0.904827 -0.937395 -0.932643 -0.933117 -0.924929
7.94 0.929776 -0.956048 -0.952178 -0.952571 -0.945396
7.95 0.951057 -0.971477 -0.968496 -0.968806 -0.962664
7.96 0.968583 -0.983646 -0.981559 -0.981785 -0.976692
7.97 0.982287 -0.992528 -0.991338 -0.99148 -0.987449
7.98 0.992115 -0.998104 -0.997812 -0.997869 -0.994911
7.99 0.998027 -1.00036 -1.00097 -1.00094 -0.999064
8 1 -0.999297 -1.0008 -1.00068 -0.999897
8.01 0.998027 -0.994912 -0.997299 -0.997102 -0.997408
8.02 0.992115 -0.987216 -0.990484 -0.990203 -0.991604
8.03 0.982287 -0.976225 -0.980366 -0.980002 -0.982497
8.04 0.968583 -0.961964 -0.966967 -0.96652 -0.970105
8.05 0.951057 -0.944464 -0.950317 -0.949788 -0.954458
8.06 0.929776 -0.923766 -0.930452 -0.929843 -0.93559
8.07 0.904827 -0.899919 -0.90742 -0.906731 -0.913545
8.08 0.876307 -0.872978 -0.881275 -0.880509 -0.888376
8.09 0.844328 -0.843013 -0.852082 -0.851241 -0.860143
8.1 0.809017 -0.8101 -0.819916 -0.819001 -0.828919
8.11 0.770513 -0.774328 -0.784862 -0.783876 -0.794786
8.12 0.728969 -0.735795 -0.747016 -0.74596 -0.757836
8.13 0.684547 -0.694612 -0.706485 -0.705364 -0.718174
8.14 0.637424 -0.650903 -0.66339 -0.662205 -0.675914
8.15 0.587785 -0.604801 -0.617862 -0.616618 -0.631186
8.16 0.535827 -0.556455 -0.570044 -0.568744 -0.58413
8.17 0.481754 -0.506023 -0.520094 -0.518743 -0.534897
8.18 0.425779 -0.453678 -0.468181 -0.466782 -0.483653
8.19 0.368125 -0.399603 -0.414484 -0.413042 -0.430574
8.2 0.309017 -0.343992 -0.359196 -0.357716 -0.375848
8.21 0.24869 -0.287049 -0.302518 -0.301006 -0.319673
8.22 0.187381 -0.228989 -0.244663 -0.243124 -0.262259
8.23 0.125333 -0.170032 -0.185851 -0.18429 -0.203822
8.24 0.0627905 -0.110408 -0.126308 -0.124731 -0.144586
8.25 -3.41747e-12 -0.0503482 -0.0662672 -0.0646809 -0.0847822
8.26 -0.0627905 0.00990997 -0.00596444 -0.00437479 -0.024644
8.27 -0.125333 0.070129 0.0543621 0.0559489 0.0355915
8.28 -0.187381 0.130071 0.114474 0.116052 0.0956866
8.29 -0.24869 0.189502 0.174135 0.175697 0.155405
8.3 -0.309017 0.248189 0.233112 0.234652 0.214512
8.31 -0.368125 0.305905 0.291175 0.292688 0.27278
8.32 -0.425779 0.362433 0.348105 0.349584 0.329984
8.33 -0.481754 0.417562 0.403687 0.405127 0.385911
8.34 -0.535827 0.471089 0.457717 0.459112 0.440352
8.35 -0.587785 0.522825 0.510001 0.511346 0.493111
8.36 -0.637424 0.572589 0.560356 0.561646 0.544002
8.37 -0.684547 0.620214 0.608612 0.609841 0.592851
8.38 -0.728969 0.665545 0.654608 0.655774 0.639495
8.39 -0.770513 0.708438 0.6982 0.699297 0.683785
8.4 -0.809017 0.748762 0.739251 0.740277 0.725581
8.41 -0.844328 0.786399 0.777641 0.778592 0.764759
8.42 -0.876307 0.821242 0.813259 0.814132 0.801204
8.43 -0.904827 0.853195 0.846007 0.8468 0.834815
8.44 -0.929776 0.882173 0.875798 0.876507 0.865501
8.45 -0.951057 0.908104 0.902555 0.903179 0.893181
8.46 -0.968583 0.930922 0.926211 0.926749 0.917787
8.47 -0.982287 0.950573 0.94671 0.94716 0.939258
8.48 -0.992115 0.967012 0.964003 0.964364 0.957544
8.49 -0.998027 0.980201 0.978051 0.978322 0.972601
8.5 -1 0.990111 0.988823 0.989004 0.984397
8.51 -0.998027 0.99672 0.996296 0.996385 0.992905
8.52 -0.992115 1.00001 1.00045 1.00045 0.998107
8.53 -0.982287 0.999986 1.00128 1.00119 0.999992
8.54 -0.968583 0.996636 0.998789 0.998605 0.998555
8.55 -0.951057 0.989971 0.992974 0.992699 0.9938
8.56 -0.929776 0.980006 0.983849 0.983484 0.985737
8.57 -0.904827 0.966762 0.971436 0.970982 0.974384
8.58 -0.876307 0.950269 0.955761 0.955218 0.959764
8.59 -0.844328 0.930564 0.936859 0.93623 0.941912
8.6 -0.809017 0.907693 0.914775 0.91406 0.920868
8.61 -0.770513 0.881711 0.889561 0.888762 0.896682
8.62 -0.728969 0.852682 0.861278 0.860397 0.869412
8.63 -0.684547 0.82068 0.829998 0.829037 0.839127
8.64 -0.637424 0.785789 0.795803 0.794764 0.805906
8.65 -0.587785 0.748106 0.758786 0.757672 0.769837
8.66 -0.535827 0.707737 0.71905 0.717864 0.731022
8.67 -0.481754 0.664802 0.676711 0.675457 0.689572
8.68 -0.425779 0.619432 0.631899 0.63058 0.645611
8.69 -0.368125 0.571769 0.584752 0.583372 0.599276
8.7 -0.309017 0.52197 0.535425 0.533988 0.550715
8.71 -0.24869 0.470203 0.484081 0.482592 0.50009
8.72 -0.187381 0.416647 0.430899 0.429362 0.447572
8.73 -0.125333 0.361494 0.376066 0.374486 0.393346
8.74 -0.0627905 0.304944 0.319781 0.318165 0.337609
8.75 3.61985e-12 0.247209 0.262254 0.260607 0.280564
8.76 0.0627905 0.188508 0.203702 0.20203 0.222427
8.77 0.125333 0.129067 0.144351 0.142661 0.16342
8.78 0.187381 0.0691177 0.0844307 0.0827284 0.10377
8.79 0.24869 0.008896 0.0241772 0.0224694 0.0437125
8.8 0.309017 -0.0513608 -0.0361721 -0.0378786 -0.0165179
8.81 0.368125 -0.111415 -0.0963787 -0.0980772 -0.0766831
8.82 0.425779 -0.17103 -0.156205 -0.157889 -0.136546
8.83 0.481754 -0.229973 -0.215417 -0.21708 -0.195872
8.84 0.535827 -0.288017 -0.273785 -0.275419 -0.25443
8.85 0.587785 -0.344939 -0.331084 -0.332684 -0.311995
8.86 0.637424 -0.400526 -0.387099 -0.388658 -0.368349
8.87 0.684547 -0.454574 -0.441623 -0.443135 -0.423282
8.88 0.728969 -0.506888 -0.494458 -0.495918 -0.476595
8.89 0.770513 -0.557286 -0.545418 -0.54682 -0.528097
8.9 0.809017 -0.605596 -0.594328 -0.595667 -0.577611
8.91 0.844328 -0.651658 -0.641026 -0.642298 -0.62497
8.92 0.876307 -0.695326 -0.685361 -0.686561 -0.670021
8.93 0.904827 -0.736465 -0.727196 -0.72832 -0.712621
8.94 0.929776 -0.774953 -0.766405 -0.767449 -0.752641
8.95 0.951057 -0.810678 -0.802873 -0.803835 -0.789963
8.96 0.968583 -0.843542 -0.8365 -0.837377 -0.824482
8.97 0.982287 -0.873457 -0.867195 -0.867983 -0.856104
8.98 0.992115 -0.900345 -0.894877 -0.895575 -0.884744
8.99 0.998027 -0.924141 -0.919478 -0.920083 -0.910331
9 1 -0.944785 -0.940937 -0.941449 -0.932801
9.01 0.998027 -0.962231 -0.959204 -0.95962 -0.9521
9.02 0.992115 -0.976437 -0.974237 -0.974557 -0.968184
9.03 0.982287 -0.987373 -0.986002 -0.986226 -0.981016
9.04 0.968583 -0.995013 -0.994474 -0.9946 -0.990568
9.05 0.951057 -0.999343 -0.999634 -0.999662 -0.996818
9.06 0.929776 -1.00035 -1.00147 -1.0014 -0.999755
9.07 0.904827 -0.998037 -0.99998 -0.999813 -0.99937
9.08 0.876307 -0.992406 -0.995166 -0.994902 -0.995665
9.09 0.844328 -0.983468 -0.987039 -0.986678 -0.988648
9.1 0.809017 -0.971244 -0.975616 -0.975159 -0.978334
9.11 0.770513 -0.955761 -0.960922 -0.96037 -0.964746
9.12 0.728969 -0.937054 -0.94299 -0.942344 -0.947914
9.13 0.684547 -0.915165 -0.921861 -0.921123 -0.927876
9.14 0.637424 -0.890147 -0.897585 -0.896756 -0.904679
9.15 0.587785 -0.862061 -0.87022 -0.869303 -0.878379
9.16 0.535827 -0.830978 -0.839836 -0.838832 -0.849041
9.17 0.481754 -0.796979 -0.80651 -0.805422 -0.81674
9.18 0.425779 -0.760156 -0.770332 -0.769163 -0.781563
9.19 0.368125 -0.720613 -0.731403 -0.730156 -0.743606
9.2 0.309017 -0.678465 -0.689836 -0.688514 -0.702978
9.21 0.24869 -0.633839 -0.645754 -0.644361 -0.659798
9.22 0.187381 -0.586875 -0.599294 -0.597834 -0.614199
9.23 0.125333 -0.537726 -0.550605 -0.549083 -0.566327
9.24 0.0627905 -0.486554 -0.499849 -0.498269 -0.516337
9.25 -3.82934e-12 -0.433536 -0.447199 -0.445567 -0.464399
9.26 -0.0627905 -0.37886 -0.39284 -0.391161 -0.410694
9.27 -0.125333 -0.322723 -0.336968 -0.335248 -0.355413
9.28 -0.187381 -0.265335 -0.279789 -0.278035 -0.29876
9.29 -0.24869 -0.206911 -0.221519 -0.219737 -0.240945
9.3 -0.309017 -0.147676 -0.162381 -0.160577 -0.182189
9.31 -0.368125 -0.0878606 -0.102603 -0.100784 -0.122718
9.32 -0.425779 -0.0276986 -0.0424211 -0.040594 -0.0627637
9.33 -0.481754 0.0325728 0.0179292 0.0197569 -0.00256218
9.34 -0.535827 0.0927156 0.0782089 0.08003 0.0576494
9.35 -0.587785 0.152493 0.13818 0.139987 0.117634
9.36 -0.637424 0.211671 0.197607 0.199393 0.177155
9.37 -0.684547 0.270019 0.256259 0.258017 0.235981
9.38 -0.728969 0.327314 0.313909 0.315632 0.293884
9.39 -0.770513 0.38334 0.370339 0.37202 0.350645
9.4 -0.809017 0.437889 0.425339 0.426972 0.40605
9.41 -0.844328 0.490764 0.478709 0.480288 0.459897
9.42 -0.876307 0.541779 0.530259 0.531778 0.511992
9.43 -0.904827 0.590758 0.579811 0.581264 0.562155
9.44 -0.929776 0.637538 0.627198 0.62858 0.610214
9.45 -0.951057 0.681968 0.672267 0.673573 0.656012
9.46 -0.968583 0.72391 0.714875 0.716102 0.699402
9.47 -0.982287 0.763237 0.754893 0.756036 0.740253
9.48 -0.992115 0.799835 0.792205 0.79326 0.778441
9.49 -0.998027 0.833602 0.826704 0.827669 0.813859
9.5 -1 0.864445 0.858297 0.859168 0.846408
9.51 -0.998027 0.892286 0.886901 0.887676 0.876
9.52 -0.992115 0.917053 0.912442 0.91312 0.902562
9.53 -0.982287 0.938686 0.934859 0.935437 0.926025
9.54 -0.968583 0.957134 0.954098 0.954575 0.946333
9.55 -0.951057 0.972355 0.970115 0.970489 0.96344
9.56 -0.929776 0.984314 0.982873 0.983144 0.977305
9.57 -0.904827 0.992984 0.992345 0.992511 0.987899
9.58 -0.876307 0.998348 0.998509 0.998571 0.995197
9.59 -0.844328 1.00039 1.00135 1.00131 0.999184
9.6 -0.809017 0.999116 1.00087 1.00072 0.999851
9.61 -0.770513 0.994518 0.99706 0.99681 0.997197
9.62 -0.728969 0.98661 0.989934 0.98958 0.991228
9.63 -0.684547 0.975409 0.979506 0.979049 0.981956
9.64 -0.637424 0.960939 0.965798 0.965239 0.969402
9.65 -0.587785 0.943234 0.948841 0.948182 0.953594
9.66 -0.535827 0.922332 0.928674 0.927915 0.934566
9.67 -0.481754 0.898284 0.905343 0.904487 0.912364
9.68 -0.425779 0.871148 0.878905 0.877954 0.88704
9.69 -0.368125 0.840992 0.849425 0.848381 0.858657
9.7 -0.309017 0.807893 0.816979 0.815844 0.827286
9.71 -0.24869 0.771941 0.781652 0.780429 0.79301
9.72 -0.187381 0.733234 0.743542 0.742235 0.755922
9.73 -0.125333 0.691886 0.702758 0.70137 0.716127
9.74 -0.0627905 0.648019 0.65942 0.657956 0.673742
9.75 4.03172e-12 0.601769 0.613662 0.612125 0.628894
9.76 0.0627905 0.553284 0.565628 0.564023 0.581725
9.77 0.125333 0.502725 0.515477 0.513808 0.532388
9.78 0.187381 0.450263 0.463377 0.461652 0.481048
9.79 0.24869 0.396083 0.409512 0.407734 0.427883
9.8 0.309017 0.340381 0.354072 0.352249 0.37308
9.81 0.368125 0.28336 0.297263 0.295401 0.316839
9.82 0.425779 0.225235 0.239296 0.237402 0.259368
9.83 0.481754 0.166229 0.180392 0.178473 0.200886
9.84 0.535827 0.10657 0.120779 0.118842 0.141616
9.85 0.587785 0.0464905 0.0606895 0.0587419 0.08179
9.86 0.637424 -0.0137723 0.00036013 -0.00159024 0.0216413
9.87 0.684547 -0.0739808 -0.0599709 -0.0619164 -0.0385928
9.88 0.728969 -0.133897 -0.120065 -0.121998 -0.0986747
9.89 0.770513 -0.193287 -0.179687 -0.181599 -0.158368
9.9 0.809017 -0.251918 -0.238602 -0.240487 -0.217439
9.91 0.844328 -0.309566 -0.296583 -0.298433 -0.275659
9.92 0.876307 -0.36601 -0.35341 -0.355217 -0.332805
9.93 0.904827 -0.421042 -0.40887 -0.410627 -0.388662
9.94 0.929776 -0.47446 -0.462759 -0.46446 -0.443023
9.95 0.951057 -0.526074 -0.514883 -0.516522 -0.495694
9.96 0.968583 -0.575706 -0.565063 -0.566633 -0.546487
9.97 0.982287 -0.623189 -0.613127 -0.614623 -0.59523
9.98 0.992115 -0.668368 -0.658917 -0.660335 -0.64176
9.99 0.998027 -0.7111 -0.702289 -0.703622 -0.685929
