0 1
1.01 1.00098
1.02 1.00194
1.03 1.00288
1.04 1.0038
1.05 1.00471
1.06 1.00559
1.07 1.00646
1.08 1.00731
1.09 1.00815
1.1 1.00897
1.11 1.00977
1.12 1.01055
1.13 1.01132
1.14 1.01208
1.15 1.01282
1.16 1.01354
1.17 1.01425
1.18 1.01495
1.19 1.01564
1.2 1.0163
1.21 1.01696
1.22 1.01761
1.23 1.01824
1.24 1.01886
1.25 1.01946
1.26 1.02006
1.27 1.02064
1.28 1.02121
1.29 1.02177
1.3 1.02232
1.31 1.02286
1.32 1.02339
1.33 1.02391
1.34 1.02441
1.35 1.02491
1.36 1.0254
1.37 1.02588
1.38 1.02635
1.39 1.02681
1.4 1.02726
1.41 1.0277
1.42 1.02813
1.43 1.02856
1.44 1.02898
1.45 1.02939
1.46 1.02979
1.47 1.03018
1.48 1.03056
1.49 1.03094
1.5 1.03131
1.51 1.03168
1.52 1.03203
1.53 1.03238
1.54 1.03273
1.55 1.03306
1.56 1.03339
1.57 1.03372
1.58 1.03403
1.59 1.03434
1.6 1.03465
1.61 1.03495
1.62 1.03524
1.63 1.03553
1.64 1.03581
1.65 1.03609
1.66 1.03636
1.67 1.03662
1.68 1.03688
1.69 1.03714
1.7 1.03739
1.71 1.03764
1.72 1.03788
1.73 1.03812
1.74 1.03835
1.75 1.03857
1.76 1.0388
1.77 1.03902
1.78 1.03923
1.79 1.03944
1.8 1.03965
1.81 1.03985
1.82 1.04005
1.83 1.04024
1.84 1.04044
1.85 1.04062
1.86 1.04081
1.87 1.04099
1.88 1.04116
1.89 1.04134
1.9 1.04151
1.91 1.04167
1.92 1.04184
1.93 1.042
1.94 1.04216
1.95 1.04231
1.96 1.04246
1.97 1.04261
1.98 1.04276
1.99 1.0429
2 1.04304
2.01 1.04318
2.02 1.04331
2.03 1.04344
2.04 1.04357
2.05 1.0437
2.06 1.04383
2.07 1.04395
2.08 1.04407
2.09 1.04419
2.1 1.0443
2.11 1.04441
2.12 1.04453
2.13 1.04463
2.14 1.04474
2.15 1.04485
2.16 1.04495
2.17 1.04505
2.18 1.04515
2.19 1.04525
2.2 1.04534
2.21 1.04543
2.22 1.04553
2.23 1.04562
2.24 1.0457
2.25 1.04579
2.26 1.04588
2.27 1.04596
2.28 1.04604
2.29 1.04612
2.3 1.0462
2.31 1.04628
2.32 1.04635
2.33 1.04643
2.34 1.0465
2.35 1.04657
2.36 1.04664
2.37 1.04671
2.38 1.04677
2.39 1.04684
2.4 1.04691
2.41 1.04697
2.42 1.04703
2.43 1.04709
2.44 1.04715
2.45 1.04721
2.46 1.04727
2.47 1.04732
2.48 1.04738
2.49 1.04743
2.5 1.04749
2.51 1.04754
2.52 1.04759
2.53 1.04764
2.54 1.04769
2.55 1.04774
2.56 1.04779
2.57 1.04783
2.58 1.04788
2.59 1.04792
2.6 1.04797
2.61 1.04801
2.62 1.04805
2.63 1.0481
2.64 1.04814
2.65 1.04818
2.66 1.04822
2.67 1.04825
2.68 1.04829
2.69 1.04833
2.7 1.04837
2.71 1.0484
2.72 1.04844
2.73 1.04847
2.74 1.0485
2.75 1.04854
2.76 1.04857
2.77 1.0486
2.78 1.04863
2.79 1.04866
2.8 1.04869
2.81 1.04872
2.82 1.04875
2.83 1.04878
2.84 1.04881
2.85 1.04883
2.86 1.04886
2.87 1.04889
2.88 1.04891
2.89 1.04894
2.9 1.04896
2.91 1.04899
2.92 1.04901
2.93 1.04903
2.94 1.04906
2.95 1.04908
2.96 1.0491
2.97 1.04912
2.98 1.04914
2.99 1.04916
3 1.04918
3.01 1.0492
3.02 1.04922
3.03 1.04924
3.04 1.04926
3.05 1.04928
3.06 1.0493
3.07 1.04932
3.08 1.04933
3.09 1.04935
3.1 1.04937
3.11 1.04938
3.12 1.0494
3.13 1.04942
3.14 1.04943
3.15 1.04945
3.16 1.04946
3.17 1.04948
3.18 1.04949
3.19 1.04951
3.2 1.04952
3.21 1.04953
3.22 1.04955
3.23 1.04956
3.24 1.04957
3.25 1.04958
3.26 1.0496
3.27 1.04961
3.28 1.04962
3.29 1.04963
3.3 1.04964
3.31 1.04966
3.32 1.04967
3.33 1.04968
3.34 1.04969
3.35 1.0497
3.36 1.04971
3.37 1.04972
3.38 1.04973
3.39 1.04974
3.4 1.04975
3.41 1.04976
3.42 1.04977
3.43 1.04977
3.44 1.04978
3.45 1.04979
3.46 1.0498
3.47 1.04981
3.48 1.04982
3.49 1.04982
3.5 1.04983
3.51 1.04984
3.52 1.04985
3.53 1.04985
3.54 1.04986
3.55 1.04987
3.56 1.04988
3.57 1.04988
3.58 1.04989
3.59 1.0499
3.6 1.0499
3.61 1.04991
3.62 1.04991
3.63 1.04992
3.64 1.04993
3.65 1.04993
3.66 1.04994
3.67 1.04994
3.68 1.04995
3.69 1.04995
3.7 1.04996
3.71 1.04997
3.72 1.04997
3.73 1.04998
3.74 1.04998
3.75 1.04999
3.76 1.04999
3.77 1.04999
3.78 1.05
3.79 1.05
3.8 1.05001
3.81 1.05001
3.82 1.05002
3.83 1.05002
3.84 1.05002
3.85 1.05003
3.86 1.05003
3.87 1.05004
3.88 1.05004
3.89 1.05004
3.9 1.05005
3.91 1.05005
3.92 1.05005
3.93 1.05006
3.94 1.05006
3.95 1.05006
3.96 1.05007
3.97 1.05007
3.98 1.05007
3.99 1.05008
4 1.05008


0 1
1.01 1.17333
1.02 1.3437
1.03 1.51154
1.04 1.67715
1.05 1.84079
1.06 2.00266
1.07 2.1629
1.08 2.32167
1.09 2.47906
1.1 2.63519
1.11 2.79013
1.12 2.94396
1.13 3.09675
1.14 3.24855
1.15 3.39942
1.16 3.54939
1.17 3.69853
1.18 3.84685
1.19 3.99441
1.2 4.14122
1.21 4.28733
1.22 4.43276
1.23 4.57753
1.24 4.72166
1.25 4.86519
1.26 5.00812
1.27 5.15049
1.28 5.2923
1.29 5.43358
1.3 5.57434
1.31 5.71459
1.32 5.85435
1.33 5.99363
1.34 6.13245
1.35 6.27082
1.36 6.40874
1.37 6.54624
1.38 6.68331
1.39 6.81997
1.4 6.95624
1.41 7.09211
1.42 7.2276
1.43 7.36271
1.44 7.49746
1.45 7.63184
1.46 7.76588
1.47 7.89957
1.48 8.03292
1.49 8.16594
1.5 8.29863
1.51 8.431
1.52 8.56306
1.53 8.69481
1.54 8.82626
1.55 8.95741
1.56 9.08827
1.57 9.21884
1.58 9.34912
1.59 9.47913
1.6 9.60886
1.61 9.73833
1.62 9.86752
1.63 9.99646
1.64 10.1251
1.65 10.2536
1.66 10.3817
1.67 10.5097
1.68 10.6373
1.69 10.7648
1.7 10.892
1.71 11.019
1.72 11.1457
1.73 11.2722
1.74 11.3985
1.75 11.5246
1.76 11.6504
1.77 11.7761
1.78 11.9015
1.79 12.0267
1.8 12.1517
1.81 12.2765
1.82 12.4011
1.83 12.5255
1.84 12.6496
1.85 12.7736
1.86 12.8974
1.87 13.0211
1.88 13.1445
1.89 13.2677
1.9 13.3908
1.91 13.5136
1.92 13.6363
1.93 13.7588
1.94 13.8811
1.95 14.0033
1.96 14.1252
1.97 14.247
1.98 14.3687
1.99 14.4901
2 14.6114
2.01 14.7325
2.02 14.8535
2.03 14.9743
2.04 15.0949
2.05 15.2154
2.06 15.3357
2.07 15.4559
2.08 15.5759
2.09 15.6957
2.1 15.8154
2.11 15.935
2.12 16.0544
2.13 16.1736
2.14 16.2927
2.15 16.4117
2.16 16.5305
2.17 16.6492
2.18 16.7677
2.19 16.8861
2.2 17.0043
2.21 17.1224
2.22 17.2404
2.23 17.3582
2.24 17.4759
2.25 17.5935
2.26 17.7109
2.27 17.8282
2.28 17.9454
2.29 18.0624
2.3 18.1793
2.31 18.2961
2.32 18.4127
2.33 18.5292
2.34 18.6456
2.35 18.7619
2.36 18.878
2.37 18.994
2.38 19.1099
2.39 19.2257
2.4 19.3414
2.41 19.4569
2.42 19.5723
2.43 19.6876
2.44 19.8028
2.45 19.9179
2.46 20.0328
2.47 20.1476
2.48 20.2624
2.49 20.377
2.5 20.4915
2.51 20.6059
2.52 20.7201
2.53 20.8343
2.54 20.9483
2.55 21.0623
2.56 21.1761
2.57 21.2899
2.58 21.4035
2.59 21.517
2.6 21.6304
2.61 21.7437
2.62 21.8569
2.63 21.97
2.64 22.083
2.65 22.1959
2.66 22.3087
2.67 22.4214
2.68 22.534
2.69 22.6465
2.7 22.7588
2.71 22.8711
2.72 22.9833
2.73 23.0954
2.74 23.2074
2.75 23.3193
2.76 23.4311
2.77 23.5428
2.78 23.6545
2.79 23.766
2.8 23.8774
2.81 23.9887
2.82 24.1
2.83 24.2111
2.84 24.3222
2.85 24.4331
2.86 24.544
2.87 24.6548
2.88 24.7655
2.89 24.8761
2.9 24.9866
2.91 25.097
2.92 25.2074
2.93 25.3176
2.94 25.4278
2.95 25.5379
2.96 25.6479
2.97 25.7578
2.98 25.8676
2.99 25.9773
3 26.087
3.01 26.1966
3.02 26.306
3.03 26.4154
3.04 26.5248
3.05 26.634
3.06 26.7431
3.07 26.8522
3.08 26.9612
3.09 27.0701
3.1 27.1789
3.11 27.2877
3.12 27.3964
3.13 27.5049
3.14 27.6135
3.15 27.7219
3.16 27.8302
3.17 27.9385
3.18 28.0467
3.19 28.1548
3.2 28.2629
3.21 28.3709
3.22 28.4787
3.23 28.5866
3.24 28.6943
3.25 28.802
3.26 28.9096
3.27 29.0171
3.28 29.1245
3.29 29.2319
3.3 29.3392
3.31 29.4464
3.32 29.5536
3.33 29.6606
3.34 29.7676
3.35 29.8746
3.36 29.9814
3.37 30.0882
3.38 30.1949
3.39 30.3016
3.4 30.4082
3.41 30.5147
3.42 30.6211
3.43 30.7275
3.44 30.8338
3.45 30.94
3.46 31.0462
3.47 31.1523
3.48 31.2583
3.49 31.3642
3.5 31.4701
3.51 31.576
3.52 31.6817
3.53 31.7874
3.54 31.893
3.55 31.9986
3.56 32.1041
3.57 32.2095
3.58 32.3149
3.59 32.4201
3.6 32.5254
3.61 32.6305
3.62 32.7356
3.63 32.8407
3.64 32.9456
3.65 33.0506
3.66 33.1554
3.67 33.2602
3.68 33.3649
3.69 33.4695
3.7 33.5741
3.71 33.6787
3.72 33.7831
3.73 33.8875
3.74 33.9919
3.75 34.0962
3.76 34.2004
3.77 34.3046
3.78 34.4087
3.79 34.5127
3.8 34.6167
3.81 34.7206
3.82 34.8245
3.83 34.9283
3.84 35.032
3.85 35.1357
3.86 35.2393
3.87 35.3429
3.88 35.4464
3.89 35.5498
3.9 35.6532
3.91 35.7565
3.92 35.8598
3.93 35.963
3.94 36.0662
3.95 36.1693
3.96 36.2723
3.97 36.3753
3.98 36.4782
3.99 36.5811
4 36.6839


0 1
1.01 1.17103
1.02 1.33914
1.03 1.50474
1.04 1.66814
1.05 1.82958
1.06 1.98926
1.07 2.14733
1.08 2.30392
1.09 2.45916
1.1 2.61314
1.11 2.76593
1.12 2.91763
1.13 3.06828
1.14 3.21795
1.15 3.36669
1.16 3.51455
1.17 3.66156
1.18 3.80777
1.19 3.95322
1.2 4.09793
1.21 4.24193
1.22 4.38525
1.23 4.52792
1.24 4.66996
1.25 4.81139
1.26 4.95224
1.27 5.09251
1.28 5.23223
1.29 5.37142
1.3 5.51009
1.31 5.64826
1.32 5.78594
1.33 5.92314
1.34 6.05988
1.35 6.19617
1.36 6.33202
1.37 6.46744
1.38 6.60244
1.39 6.73703
1.4 6.87122
1.41 7.00502
1.42 7.13844
1.43 7.27149
1.44 7.40417
1.45 7.53649
1.46 7.66846
1.47 7.80008
1.48 7.93137
1.49 8.06233
1.5 8.19296
1.51 8.32327
1.52 8.45327
1.53 8.58297
1.54 8.71236
1.55 8.84145
1.56 8.97025
1.57 9.09877
1.58 9.227
1.59 9.35495
1.6 9.48263
1.61 9.61004
1.62 9.73719
1.63 9.86407
1.64 9.9907
1.65 10.1171
1.66 10.2432
1.67 10.3691
1.68 10.4947
1.69 10.6201
1.7 10.7453
1.71 10.8702
1.72 10.9949
1.73 11.1194
1.74 11.2436
1.75 11.3676
1.76 11.4914
1.77 11.615
1.78 11.7384
1.79 11.8616
1.8 11.9845
1.81 12.1073
1.82 12.2298
1.83 12.3522
1.84 12.4744
1.85 12.5963
1.86 12.7181
1.87 12.8396
1.88 12.961
1.89 13.0822
1.9 13.2032
1.91 13.3241
1.92 13.4447
1.93 13.5652
1.94 13.6855
1.95 13.8056
1.96 13.9255
1.97 14.0453
1.98 14.1649
1.99 14.2843
2 14.4036
2.01 14.5227
2.02 14.6416
2.03 14.7604
2.04 14.879
2.05 14.9974
2.06 15.1157
2.07 15.2339
2.08 15.3518
2.09 15.4697
2.1 15.5873
2.11 15.7048
2.12 15.8222
2.13 15.9394
2.14 16.0565
2.15 16.1735
2.16 16.2902
2.17 16.4069
2.18 16.5234
2.19 16.6397
2.2 16.756
2.21 16.872
2.22 16.988
2.23 17.1038
2.24 17.2195
2.25 17.335
2.26 17.4504
2.27 17.5657
2.28 17.6808
2.29 17.7958
2.3 17.9107
2.31 18.0255
2.32 18.1401
2.33 18.2546
2.34 18.369
2.35 18.4832
2.36 18.5973
2.37 18.7113
2.38 18.8252
2.39 18.939
2.4 19.0526
2.41 19.1661
2.42 19.2795
2.43 19.3928
2.44 19.506
2.45 19.619
2.46 19.732
2.47 19.8448
2.48 19.9575
2.49 20.0701
2.5 20.1826
2.51 20.295
2.52 20.4072
2.53 20.5194
2.54 20.6314
2.55 20.7433
2.56 20.8552
2.57 20.9669
2.58 21.0785
2.59 21.19
2.6 21.3014
2.61 21.4127
2.62 21.5239
2.63 21.635
2.64 21.746
2.65 21.8568
2.66 21.9676
2.67 22.0783
2.68 22.1889
2.69 22.2994
2.7 22.4097
2.71 22.52
2.72 22.6302
2.73 22.7403
2.74 22.8503
2.75 22.9602
2.76 23.07
2.77 23.1797
2.78 23.2893
2.79 23.3988
2.8 23.5082
2.81 23.6176
2.82 23.7268
2.83 23.8359
2.84 23.945
2.85 24.054
2.86 24.1628
2.87 24.2716
2.88 24.3803
2.89 24.4889
2.9 24.5974
2.91 24.7058
2.92 24.8142
2.93 24.9224
2.94 25.0306
2.95 25.1387
2.96 25.2466
2.97 25.3546
2.98 25.4624
2.99 25.5701
3 25.6778
3.01 25.7853
3.02 25.8928
3.03 26.0002
3.04 26.1075
3.05 26.2148
3.06 26.3219
3.07 26.429
3.08 26.536
3.09 26.6429
3.1 26.7497
3.11 26.8565
3.12 26.9631
3.13 27.0697
3.14 27.1762
3.15 27.2827
3.16 27.389
3.17 27.4953
3.18 27.6015
3.19 27.7076
3.2 27.8137
3.21 27.9197
3.22 28.0256
3.23 28.1314
3.24 28.2371
3.25 28.3428
3.26 28.4484
3.27 28.5539
3.28 28.6594
3.29 28.7647
3.3 28.87
3.31 28.9753
3.32 29.0804
3.33 29.1855
3.34 29.2905
3.35 29.3955
3.36 29.5003
3.37 29.6051
3.38 29.7098
3.39 29.8145
3.4 29.9191
3.41 30.0236
3.42 30.128
3.43 30.2324
3.44 30.3367
3.45 30.441
3.46 30.5451
3.47 30.6492
3.48 30.7533
3.49 30.8572
3.5 30.9611
3.51 31.065
3.52 31.1687
3.53 31.2724
3.54 31.3761
3.55 31.4796
3.56 31.5831
3.57 31.6866
3.58 31.7899
3.59 31.8932
3.6 31.9965
3.61 32.0997
3.62 32.2028
3.63 32.3058
3.64 32.4088
3.65 32.5117
3.66 32.6146
3.67 32.7174
3.68 32.8201
3.69 32.9228
3.7 33.0254
3.71 33.1279
3.72 33.2304
3.73 33.3328
3.74 33.4352
3.75 33.5375
3.76 33.6397
3.77 33.7419
3.78 33.844
3.79 33.946
3.8 34.048
3.81 34.15
3.82 34.2518
3.83 34.3537
3.84 34.4554
3.85 34.5571
3.86 34.6587
3.87 34.7603
3.88 34.8618
3.89 34.9633
3.9 35.0647
3.91 35.1661
3.92 35.2673
3.93 35.3686
3.94 35.4697
3.95 35.5709
3.96 35.6719
3.97 35.7729
3.98 35.8739
3.99 35.9748
4 36.0756


0 1
1.01 1.17103
1.02 1.33914
1.03 1.50474
1.04 1.66814
1.05 1.82958
1.06 1.98926
1.07 2.14733
1.08 2.30392
1.09 2.45916
1.1 2.61314
1.11 2.76593
1.12 2.91762
1.13 3.06828
1.14 3.21795
1.15 3.36669
1.16 3.51454
1.17 3.66156
1.18 3.80777
1.19 3.95321
1.2 4.09792
1.21 4.24193
1.22 4.38525
1.23 4.52792
1.24 4.66996
1.25 4.81139
1.26 4.95223
1.27 5.0925
1.28 5.23223
1.29 5.37142
1.3 5.51009
1.31 5.64826
1.32 5.78593
1.33 5.92314
1.34 6.05988
1.35 6.19616
1.36 6.33201
1.37 6.46743
1.38 6.60243
1.39 6.73702
1.4 6.87121
1.41 7.00501
1.42 7.13843
1.43 7.27148
1.44 7.40416
1.45 7.53648
1.46 7.66845
1.47 7.80007
1.48 7.93136
1.49 8.06232
1.5 8.19295
1.51 8.32326
1.52 8.45326
1.53 8.58296
1.54 8.71235
1.55 8.84144
1.56 8.97024
1.57 9.09876
1.58 9.22699
1.59 9.35494
1.6 9.48262
1.61 9.61003
1.62 9.73718
1.63 9.86406
1.64 9.99069
1.65 10.1171
1.66 10.2432
1.67 10.3691
1.68 10.4947
1.69 10.6201
1.7 10.7453
1.71 10.8702
1.72 10.9949
1.73 11.1193
1.74 11.2436
1.75 11.3676
1.76 11.4914
1.77 11.615
1.78 11.7384
1.79 11.8616
1.8 11.9845
1.81 12.1073
1.82 12.2298
1.83 12.3522
1.84 12.4743
1.85 12.5963
1.86 12.7181
1.87 12.8396
1.88 12.961
1.89 13.0822
1.9 13.2032
1.91 13.324
1.92 13.4447
1.93 13.5652
1.94 13.6855
1.95 13.8056
1.96 13.9255
1.97 14.0453
1.98 14.1649
1.99 14.2843
2 14.4036
2.01 14.5227
2.02 14.6416
2.03 14.7604
2.04 14.879
2.05 14.9974
2.06 15.1157
2.07 15.2338
2.08 15.3518
2.09 15.4696
2.1 15.5873
2.11 15.7048
2.12 15.8222
2.13 15.9394
2.14 16.0565
2.15 16.1734
2.16 16.2902
2.17 16.4069
2.18 16.5234
2.19 16.6397
2.2 16.7559
2.21 16.872
2.22 16.988
2.23 17.1038
2.24 17.2194
2.25 17.335
2.26 17.4504
2.27 17.5657
2.28 17.6808
2.29 17.7958
2.3 17.9107
2.31 18.0254
2.32 18.1401
2.33 18.2546
2.34 18.3689
2.35 18.4832
2.36 18.5973
2.37 18.7113
2.38 18.8252
2.39 18.9389
2.4 19.0526
2.41 19.1661
2.42 19.2795
2.43 19.3928
2.44 19.506
2.45 19.619
2.46 19.7319
2.47 19.8448
2.48 19.9575
2.49 20.0701
2.5 20.1826
2.51 20.2949
2.52 20.4072
2.53 20.5193
2.54 20.6314
2.55 20.7433
2.56 20.8551
2.57 20.9668
2.58 21.0785
2.59 21.19
2.6 21.3014
2.61 21.4127
2.62 21.5239
2.63 21.6349
2.64 21.7459
2.65 21.8568
2.66 21.9676
2.67 22.0783
2.68 22.1888
2.69 22.2993
2.7 22.4097
2.71 22.52
2.72 22.6302
2.73 22.7403
2.74 22.8503
2.75 22.9602
2.76 23.07
2.77 23.1797
2.78 23.2893
2.79 23.3988
2.8 23.5082
2.81 23.6175
2.82 23.7268
2.83 23.8359
2.84 23.945
2.85 24.0539
2.86 24.1628
2.87 24.2716
2.88 24.3803
2.89 24.4889
2.9 24.5974
2.91 24.7058
2.92 24.8141
2.93 24.9224
2.94 25.0305
2.95 25.1386
2.96 25.2466
2.97 25.3545
2.98 25.4623
2.99 25.5701
3 25.6777
3.01 25.7853
3.02 25.8928
3.03 26.0002
3.04 26.1075
3.05 26.2147
3.06 26.3219
3.07 26.429
3.08 26.5359
3.09 26.6429
3.1 26.7497
3.11 26.8564
3.12 26.9631
3.13 27.0697
3.14 27.1762
3.15 27.2826
3.16 27.389
3.17 27.4953
3.18 27.6015
3.19 27.7076
3.2 27.8137
3.21 27.9196
3.22 28.0255
3.23 28.1313
3.24 28.2371
3.25 28.3428
3.26 28.4484
3.27 28.5539
3.28 28.6593
3.29 28.7647
3.3 28.87
3.31 28.9752
3.32 29.0804
3.33 29.1855
3.34 29.2905
3.35 29.3954
3.36 29.5003
3.37 29.6051
3.38 29.7098
3.39 29.8145
3.4 29.919
3.41 30.0236
3.42 30.128
3.43 30.2324
3.44 30.3367
3.45 30.4409
3.46 30.5451
3.47 30.6492
3.48 30.7532
3.49 30.8572
3.5 30.9611
3.51 31.0649
3.52 31.1687
3.53 31.2724
3.54 31.376
3.55 31.4796
3.56 31.5831
3.57 31.6865
3.58 31.7899
3.59 31.8932
3.6 31.9964
3.61 32.0996
3.62 32.2027
3.63 32.3058
3.64 32.4087
3.65 32.5117
3.66 32.6145
3.67 32.7173
3.68 32.82
3.69 32.9227
3.7 33.0253
3.71 33.1279
3.72 33.2303
3.73 33.3328
3.74 33.4351
3.75 33.5374
3.76 33.6396
3.77 33.7418
3.78 33.8439
3.79 33.946
3.8 34.048
3.81 34.1499
3.82 34.2518
3.83 34.3536
3.84 34.4554
3.85 34.5571
3.86 34.6587
3.87 34.7603
3.88 34.8618
3.89 34.9633
3.9 35.0647
3.91 35.166
3.92 35.2673
3.93 35.3685
3.94 35.4697
3.95 35.5708
3.96 35.6719
3.97 35.7729
3.98 35.8738
3.99 35.9747
4 36.0755


0 1
1.01 1.17103
1.02 1.33914
1.03 1.50474
1.04 1.66814
1.05 1.82958
1.06 1.98926
1.07 2.14733
1.08 2.30392
1.09 2.45916
1.1 2.61314
1.11 2.76593
1.12 2.91762
1.13 3.06828
1.14 3.21795
1.15 3.36669
1.16 3.51454
1.17 3.66156
1.18 3.80777
1.19 3.95321
1.2 4.09792
1.21 4.24193
1.22 4.38525
1.23 4.52792
1.24 4.66996
1.25 4.81139
1.26 4.95223
1.27 5.0925
1.28 5.23223
1.29 5.37142
1.3 5.51009
1.31 5.64826
1.32 5.78593
1.33 5.92314
1.34 6.05988
1.35 6.19616
1.36 6.33201
1.37 6.46743
1.38 6.60243
1.39 6.73702
1.4 6.87121
1.41 7.00501
1.42 7.13843
1.43 7.27148
1.44 7.40416
1.45 7.53648
1.46 7.66845
1.47 7.80007
1.48 7.93136
1.49 8.06232
1.5 8.19295
1.51 8.32326
1.52 8.45326
1.53 8.58296
1.54 8.71235
1.55 8.84144
1.56 8.97024
1.57 9.09876
1.58 9.22699
1.59 9.35494
1.6 9.48262
1.61 9.61003
1.62 9.73718
1.63 9.86406
1.64 9.99069
1.65 10.1171
1.66 10.2432
1.67 10.3691
1.68 10.4947
1.69 10.6201
1.7 10.7453
1.71 10.8702
1.72 10.9949
1.73 11.1193
1.74 11.2436
1.75 11.3676
1.76 11.4914
1.77 11.615
1.78 11.7384
1.79 11.8616
1.8 11.9845
1.81 12.1073
1.82 12.2298
1.83 12.3522
1.84 12.4743
1.85 12.5963
1.86 12.7181
1.87 12.8396
1.88 12.961
1.89 13.0822
1.9 13.2032
1.91 13.324
1.92 13.4447
1.93 13.5652
1.94 13.6855
1.95 13.8056
1.96 13.9255
1.97 14.0453
1.98 14.1649
1.99 14.2843
2 14.4036
2.01 14.5227
2.02 14.6416
2.03 14.7604
2.04 14.879
2.05 14.9974
2.06 15.1157
2.07 15.2338
2.08 15.3518
2.09 15.4696
2.1 15.5873
2.11 15.7048
2.12 15.8222
2.13 15.9394
2.14 16.0565
2.15 16.1734
2.16 16.2902
2.17 16.4069
2.18 16.5234
2.19 16.6397
2.2 16.7559
2.21 16.872
2.22 16.988
2.23 17.1038
2.24 17.2194
2.25 17.335
2.26 17.4504
2.27 17.5657
2.28 17.6808
2.29 17.7958
2.3 17.9107
2.31 18.0254
2.32 18.1401
2.33 18.2546
2.34 18.3689
2.35 18.4832
2.36 18.5973
2.37 18.7113
2.38 18.8252
2.39 18.9389
2.4 19.0526
2.41 19.1661
2.42 19.2795
2.43 19.3928
2.44 19.506
2.45 19.619
2.46 19.7319
2.47 19.8448
2.48 19.9575
2.49 20.0701
2.5 20.1826
2.51 20.2949
2.52 20.4072
2.53 20.5193
2.54 20.6314
2.55 20.7433
2.56 20.8551
2.57 20.9668
2.58 21.0785
2.59 21.19
2.6 21.3014
2.61 21.4127
2.62 21.5239
2.63 21.6349
2.64 21.7459
2.65 21.8568
2.66 21.9676
2.67 22.0783
2.68 22.1888
2.69 22.2993
2.7 22.4097
2.71 22.52
2.72 22.6302
2.73 22.7403
2.74 22.8503
2.75 22.9602
2.76 23.07
2.77 23.1797
2.78 23.2893
2.79 23.3988
2.8 23.5082
2.81 23.6175
2.82 23.7268
2.83 23.8359
2.84 23.945
2.85 24.0539
2.86 24.1628
2.87 24.2716
2.88 24.3803
2.89 24.4889
2.9 24.5974
2.91 24.7058
2.92 24.8141
2.93 24.9224
2.94 25.0305
2.95 25.1386
2.96 25.2466
2.97 25.3545
2.98 25.4623
2.99 25.5701
3 25.6777
3.01 25.7853
3.02 25.8928
3.03 26.0002
3.04 26.1075
3.05 26.2147
3.06 26.3219
3.07 26.429
3.08 26.5359
3.09 26.6429
3.1 26.7497
3.11 26.8564
3.12 26.9631
3.13 27.0697
3.14 27.1762
3.15 27.2826
3.16 27.389
3.17 27.4953
3.18 27.6015
3.19 27.7076
3.2 27.8137
3.21 27.9196
3.22 28.0255
3.23 28.1313
3.24 28.2371
3.25 28.3428
3.26 28.4484
3.27 28.5539
3.28 28.6593
3.29 28.7647
3.3 28.87
3.31 28.9752
3.32 29.0804
3.33 29.1855
3.34 29.2905
3.35 29.3954
3.36 29.5003
3.37 29.6051
3.38 29.7098
3.39 29.8145
3.4 29.919
3.41 30.0236
3.42 30.128
3.43 30.2324
3.44 30.3367
3.45 30.4409
3.46 30.5451
3.47 30.6492
3.48 30.7532
3.49 30.8572
3.5 30.9611
3.51 31.0649
3.52 31.1687
3.53 31.2724
3.54 31.376
3.55 31.4796
3.56 31.5831
3.57 31.6865
3.58 31.7899
3.59 31.8932
3.6 31.9964
3.61 32.0996
3.62 32.2027
3.63 32.3058
3.64 32.4087
3.65 32.5117
3.66 32.6145
3.67 32.7173
3.68 32.82
3.69 32.9227
3.7 33.0253
3.71 33.1279
3.72 33.2303
3.73 33.3328
3.74 33.4351
3.75 33.5374
3.76 33.6396
3.77 33.7418
3.78 33.8439
3.79 33.946
3.8 34.048
3.81 34.1499
3.82 34.2518
3.83 34.3536
3.84 34.4554
3.85 34.5571
3.86 34.6587
3.87 34.7603
3.88 34.8618
3.89 34.9633
3.9 35.0647
3.91 35.166
3.92 35.2673
3.93 35.3685
3.94 35.4697
3.95 35.5708
3.96 35.6719
3.97 35.7729
3.98 35.8738
3.99 35.9747
4 36.0755


0 1
1.01 1.17103
1.02 1.33914
1.03 1.50474
1.04 1.66814
1.05 1.82958
1.06 1.98926
1.07 2.14733
1.08 2.30392
1.09 2.45916
1.1 2.61314
1.11 2.76593
1.12 2.91762
1.13 3.06828
1.14 3.21795
1.15 3.36669
1.16 3.51454
1.17 3.66156
1.18 3.80777
1.19 3.95321
1.2 4.09792
1.21 4.24193
1.22 4.38525
1.23 4.52792
1.24 4.66996
1.25 4.81139
1.26 4.95223
1.27 5.0925
1.28 5.23223
1.29 5.37142
1.3 5.51009
1.31 5.64826
1.32 5.78593
1.33 5.92314
1.34 6.05988
1.35 6.19616
1.36 6.33201
1.37 6.46743
1.38 6.60243
1.39 6.73702
1.4 6.87121
1.41 7.00501
1.42 7.13843
1.43 7.27148
1.44 7.40416
1.45 7.53648
1.46 7.66845
1.47 7.80007
1.48 7.93136
1.49 8.06232
1.5 8.19295
1.51 8.32326
1.52 8.45326
1.53 8.58296
1.54 8.71235
1.55 8.84144
1.56 8.97024
1.57 9.09876
1.58 9.22699
1.59 9.35494
1.6 9.48262
1.61 9.61003
1.62 9.73718
1.63 9.86406
1.64 9.99069
1.65 10.1171
1.66 10.2432
1.67 10.3691
1.68 10.4947
1.69 10.6201
1.7 10.7453
1.71 10.8702
1.72 10.9949
1.73 11.1193
1.74 11.2436
1.75 11.3676
1.76 11.4914
1.77 11.615
1.78 11.7384
1.79 11.8616
1.8 11.9845
1.81 12.1073
1.82 12.2298
1.83 12.3522
1.84 12.4743
1.85 12.5963
1.86 12.7181
1.87 12.8396
1.88 12.961
1.89 13.0822
1.9 13.2032
1.91 13.324
1.92 13.4447
1.93 13.5652
1.94 13.6855
1.95 13.8056
1.96 13.9255
1.97 14.0453
1.98 14.1649
1.99 14.2843
2 14.4036
2.01 14.5227
2.02 14.6416
2.03 14.7604
2.04 14.879
2.05 14.9974
2.06 15.1157
2.07 15.2338
2.08 15.3518
2.09 15.4696
2.1 15.5873
2.11 15.7048
2.12 15.8222
2.13 15.9394
2.14 16.0565
2.15 16.1734
2.16 16.2902
2.17 16.4069
2.18 16.5234
2.19 16.6397
2.2 16.7559
2.21 16.872
2.22 16.988
2.23 17.1038
2.24 17.2194
2.25 17.335
2.26 17.4504
2.27 17.5657
2.28 17.6808
2.29 17.7958
2.3 17.9107
2.31 18.0254
2.32 18.1401
2.33 18.2546
2.34 18.3689
2.35 18.4832
2.36 18.5973
2.37 18.7113
2.38 18.8252
2.39 18.9389
2.4 19.0526
2.41 19.1661
2.42 19.2795
2.43 19.3928
2.44 19.506
2.45 19.619
2.46 19.7319
2.47 19.8448
2.48 19.9575
2.49 20.0701
2.5 20.1826
2.51 20.2949
2.52 20.4072
2.53 20.5193
2.54 20.6314
2.55 20.7433
2.56 20.8551
2.57 20.9668
2.58 21.0785
2.59 21.19
2.6 21.3014
2.61 21.4127
2.62 21.5239
2.63 21.6349
2.64 21.7459
2.65 21.8568
2.66 21.9676
2.67 22.0783
2.68 22.1888
2.69 22.2993
2.7 22.4097
2.71 22.52
2.72 22.6302
2.73 22.7403
2.74 22.8503
2.75 22.9602
2.76 23.07
2.77 23.1797
2.78 23.2893
2.79 23.3988
2.8 23.5082
2.81 23.6175
2.82 23.7268
2.83 23.8359
2.84 23.945
2.85 24.0539
2.86 24.1628
2.87 24.2716
2.88 24.3803
2.89 24.4889
2.9 24.5974
2.91 24.7058
2.92 24.8141
2.93 24.9224
2.94 25.0305
2.95 25.1386
2.96 25.2466
2.97 25.3545
2.98 25.4623
2.99 25.5701
3 25.6777
3.01 25.7853
3.02 25.8928
3.03 26.0002
3.04 26.1075
3.05 26.2147
3.06 26.3219
3.07 26.429
3.08 26.5359
3.09 26.6429
3.1 26.7497
3.11 26.8564
3.12 26.9631
3.13 27.0697
3.14 27.1762
3.15 27.2826
3.16 27.389
3.17 27.4953
3.18 27.6015
3.19 27.7076
3.2 27.8137
3.21 27.9196
3.22 28.0255
3.23 28.1313
3.24 28.2371
3.25 28.3428
3.26 28.4484
3.27 28.5539
3.28 28.6593
3.29 28.7647
3.3 28.87
3.31 28.9752
3.32 29.0804
3.33 29.1855
3.34 29.2905
3.35 29.3954
3.36 29.5003
3.37 29.6051
3.38 29.7098
3.39 29.8145
3.4 29.919
3.41 30.0236
3.42 30.128
3.43 30.2324
3.44 30.3367
3.45 30.4409
3.46 30.5451
3.47 30.6492
3.48 30.7532
3.49 30.8572
3.5 30.9611
3.51 31.0649
3.52 31.1687
3.53 31.2724
3.54 31.376
3.55 31.4796
3.56 31.5831
3.57 31.6865
3.58 31.7899
3.59 31.8932
3.6 31.9964
3.61 32.0996
3.62 32.2027
3.63 32.3058
3.64 32.4087
3.65 32.5117
3.66 32.6145
3.67 32.7173
3.68 32.82
3.69 32.9227
3.7 33.0253
3.71 33.1279
3.72 33.2303
3.73 33.3328
3.74 33.4351
3.75 33.5374
3.76 33.6396
3.77 33.7418
3.78 33.8439
3.79 33.946
3.8 34.048
3.81 34.1499
3.82 34.2518
3.83 34.3536
3.84 34.4554
3.85 34.5571
3.86 34.6587
3.87 34.7603
3.88 34.8618
3.89 34.9633
3.9 35.0647
3.91 35.166
3.92 35.2673
3.93 35.3685
3.94 35.4697
3.95 35.5708
3.96 35.6719
3.97 35.7729
3.98 35.8738
3.99 35.9747
4 36.0755
